factor(sex)1
0.004385754
-0.008389315
0.08830536
0.03957665
0.08067593
0.02337277
0.1116058
0.04253801
0.05470551
0.03039905
0.07018401
0.007132811
0.05128458
0.02722528
0.04496227
0.1229188
0.03787783
0.1127737
0.05338149
0.09044688
0.09327198
0.1208274
0.05793403
-0.01852694
0.03523761
0.05921593
0.03267246
0.02826627
0.09666328
0.04419681
0.05982406
0.09184822
0.05175658
0.07791329
0.04585009
0.02291252
0.1045028
0.07894001
0.02773902
-0.01767363
0.0902713
0.05816612
0.05332714
0.1496417
0.05837548
0.02299547
0.02572525
0.06427345
0.06551115
0.0500063
0.04215185
0.0715938
0.01821383
0.06896654
0.03900668
0.00970371
0.07939043
-0.02240526
0.1002195
-0.01053661
0.0488346
0.061795
0.009556447
0.009117587
0.06676659
0.05199577
0.03261157
0.1210189
0.08155534
0.1256116
0.05309299
0.08237957
0.03096631
0.03601579
0.03866361
0.001243785
0.05139817
0.01265099
0.03714276
0.05880645
0.07200465
0.05085438
-0.0146551
0.09607819
0.0723024
0.06295271
0.02050259
0.03395336
0.002508145
0.08457413
0.07771442
0.06892403
0.06686947
0.1045826
0.03749272
0.001835295
0.0564008
0.07989522
0.08270633
-0.02691867
0.1233022
0.03713353
0.05604504
0.1585482
0.1209632
0.1497282
0.1364334
0.1140942
0.07279357
0.05776548
0.134183
0.07772032
0.05327474
0.01366579
-0.05341174
0.04679237
0.05399363
0.09025547
0.1436556
0.07642296
0.01508629
-0.03884693
-0.07634076
0.07645477
0.007063115
0.09995791
0.09529123
0.06869309
0.08980495
0.01004006
0.09427394
0.02371947
0.07444986
0.1441881
0.09387365
0.03744438
-0.006606161
0.007233658
0.08826352
0.01503863
0.1453751
0.1696782
0.1104126
0.09967377
0.002557569
0.0352222
0.01847338
0.001318029
0.01009282
0.03268788
0.01202045
0.0559627
0.115382
0.0995591
0.07150218
-0.001626923
-0.03522471
0.1678506
0.10009
0.026556
0.08225802
0.02132341
0.01017426
0.07270657
0.1204563
0.08805616
0.03766669
0.05517656
0.038419
0.07130484
-0.004298602
9.356163e-05
0.06384619
-0.03029782
0.003069849
0.02929185
0.005173845
0.02876409
-0.016067
0.06769092
0.04373534
0.02227272
0.0153941
0.07529686
-0.01133352
0.05599894
0.0618314
0.1473278
0.07172781
0.09656556
0.06413103
0.004640065
0.007330804
0.01450114
0.0348609
0.005022711
0.005093481
0.02597979
0.06171526
0.1210375
0.04708348
0.05258886
-0.01997676
0.1290873
0.06863672
0.02216894
0.005612426
0.1329708
0.1071139
0.05513385
0.03471293
0.05559591
0.02691239
0.08820756
0.04250287
0.03696325
0.07095002
-0.01458723
0.02046874
0.09202479
0.02806066
0.1069293
0.05967108
0.05904321
0.04790845
0.06736197
0.05153839
-0.005035012
0.04489342
-0.04178998
0.1278477
0.1074935
0.1614576
0.0396216
0.1385617
0.05110531
0.1230826
0.07009262
0.01828893
0.09097494
0.1100448
0.01820418
0.09327178
-0.02491805
0.03180719
0.07874921
-0.03054772
0.07348956
0.05311912
0.06061945
0.06380767
0.01244504
0.06403756
0.08331183
0.02140723
0.06914041
0.08084939
0.01478115
0.07165006
0.04473545
0.0135461
0.07102102
0.07389219
0.01201715
0.03993315
0.02360886
0.03570483
-0.05394197
0.04021865
0.03979928
0.06687808
0.1157189
0.09182346
0.01284404
0.09897528
0.09180526
0.1083653
0.08854266
0.05643671
0.02879355
0.0556095
0.008668073
-0.01270479
0.1252833
0.0788454
0.04088439
-4.395827e-05
0.03654116
0.02283898
0.01177938
0.02822252
0.05026823
0.04031941
-0.026734
0.02013678
0.1079685
0.070446
0.05888122
0.08139881
0.07533597
0.04554287
0.02918985
0.02649923
0.04727191
0.06539579
0.06166788
0.02220242
-0.03509703
0.05328868
-0.02671726
0.03792874
0.03453202
0.121425
0.123668
0.05500695
0.01282179
0.07289347
0.05038873
0.06947714
0.1720198
-0.02488309
0.03938497
0.05433503
0.1763894
0.05938872
0.07861597
-0.01148161
0.1063318
0.06004423
0.09115239
0.04671619
0.1530889
0.07732133
-0.001541009
0.08965547
0.09795992
-0.02998722
0.1089917
0.1517465
-0.03415256
-0.04850414
0.02272833
0.05435185
0.0571161
0.03714777
0.131491
0.06286552
0.1277241
0.04160052
0.05929412
0.035228
0.01876524
0.06892011
0.05266986
0.1166141
0.05366798
0.01186528
0.02789611
0.005854658
0.01657107
0.03895309
-0.01309897
0.07073438
-0.01757252
0.04534829
0.08331586
0.1376187
0.04220507
0.02588383
0.0140865
0.1045547
0.08392338
0.0268947
0.02150604
0.05542625
0.04654098
0.06838788
0.05386683
0.1135559
0.08037603
-0.03491881
0.1098081
0.02197493
0.05265305
0.009047899
0.09949551
0.009405086
0.09183293
0.04339164
0.1050674
-0.01673613
-0.09891141
0.04973119
0.1027752
0.1086198
0.0668128
0.08216487
0.02241636
-0.05530077
0.009311355
0.004122843
0.024491
0.01410844
0.02053985
0.02664033
0.02684459
0.02264501
0.0711415
0.08514834
0.07665461
0.122352
0.007554345
0.07593471
0.1166038
0.08847941
-0.07558805
-0.03966484
0.05067092
0.01559487
0.01019182
0.0918539
0.01555568
0.03476771
0.08147362
0.01202534
0.02452439
0.02469619
0.05572923
0.07719217
0.046609
0.06708597
0.1047461
0.1896809
0.05989686
0.1538153
0.05163146
0.1005883
0.06562985
0.04185751
0.06456592
0.05654459
0.09706062
0.1412712
0.1133623
0.07807083
0.08162659
0.02483671
0.007947351
0.00911992
0.04380731
0.05936677
0.1041858
0.08093229
0.03631881
0.05794975
-0.009177824
0.05511757
-0.04516852
-0.006606345
0.1047057
0.1650086
0.06060462
0.08551535
0.1071491
0.07024193
0.05031146
0.03072883
0.09292102
0.08588167
-0.01004427
0.05938813
0.1175696
0.09263106
0.1315565
0.06058378
0.1279416
0.07874762
0.05103333
0.08241457
0.05460663
0.09931681
0.0205009
0.09100015
0.103935
0.1230419
-0.01340821
0.07398087
0.05549008
0.04268605
-0.008139747
0.008049335
0.06176941
0.0898806
0.05331184
0.03971515
0.02575189
0.1120297
0.1061661
-0.01036625
0.07677038
0.002789205
-0.01831513
0.04249503
0.020353
0.08512947
0.03148262
0.06523549
0.08996097
0.08817209
0.102497
0.02974117
0.0548405
-0.01528351
0.0337167
0.04238708
0.04897205
0.023376
0.01699036
0.04290494
0.06333958
0.05690063
-0.01948046
-0.05494991
0.00631439
-0.007547153
0.009803709
0.0006732696
0.1642891
0.09660831
0.07892077
0.06715942
-0.008101474
0.0155905
0.02208852
0.1113077
-0.006980613
0.138289
0.07910912
0.06313637
0.07312549
-0.01693506
0.008432514
-0.03634992
0.04189589
0.05253426
0.04504756
0.0804547
0.07265851
0.007780112
0.05764594
0.1099752
-0.03331206
0.05413959
0.03967513
-0.01790705
-0.02003862
0.09558065
-0.01788388
0.00987988
0.007106347
0.07920484
0.03294404
0.07303702
0.0511622
0.04085042
0.02766466
0.04163063
0.06536189
0.07114917
-0.01117794
0.0441681
0.07034135
0.03504215
0.07488298
0.1085245
-0.04007955
-0.06546414
0.008298547
0.0322417
0.04513201
0.06524802
0.04075392
0.05016755
0.03620025
0.09929113
0.0464197
0.06873885
0.0540103
0.07307656
-0.0036899
0.0495342
0.04036098
0.04173122
0.08862593
0.08345017
0.1033302
0.09023091
0.01084318
0.03440726
0.009627022
-0.003896025
0.07263964
0.1046229
0.02191954
0.0961537
0.1218873
0.06742914
0.05448432
0.02458616
-0.03460801
0.03832715
0.1033913
0.07772933
0.08295639
0.05914469
0.069855
0.08824642
0.04013736
0.1657165
0.1098956
0.05279174
0.01307811
0.02062715
0.07546005
0.1759431
0.01188738
0.08738376
0.05253743
0.0375753
0.04609268
0.0851579
0.03109658
0.07625785
0.01600471
0.05085585
0.1173347
0.1046112
-0.02060636
0.05881716
0.02284925
0.1130236
0.1356467
0.1138025
0.07089021
0.01494871
0.05458593
-0.0214184
0.01861604
0.0007438266
-0.003691964
0.05773365
0.06400353
0.01238556
0.02376656
0.03136881
0.07083502
0.02581571
0.09150272
0.133909
0.06847418
0.02046742
0.02527967
0.04135684
-0.01703294
0.0364818
0.060033
0.01783703
0.04287158
0.120746
-0.01101865
0.02052246
-0.02822704
0.05368542
-0.01623056
0.08872124
0.06669094
0.03536775
0.07556471
0.01462047
0.08547085
0.02698012
0.03046031
0.01516481
-0.008739903
0.01766577
0.01041663
-0.002235392
0.08072616
0.1521635
0.01029495
0.03990814
0.07909286
0.07407562
0.106736
0.09911781
0.05188934
0.08742887
0.06764981
0.0602152
0.09841786
0.006552623
0.03756252
0.06961224
0.04878721
0.1051791
0.1009969
0.1098396
-0.008811093
0.05989333
0.04174585
0.07166224
0.09468257
0.1307643
0.06452264
0.05450797
0.1215513
0.1033095
0.1554895
0.1008932
0.04537295
0.02259989
0.05829
0.03791144
0.002827465
-0.04375979
0.05983804
0.07683659
0.1356474
0.07930364
0.04848493
0.0436287
0.114185
0.01613819
0.0960324
0.08058225
0.07910712
0.05527121
0.07100516
-0.004627156
0.01949699
0.05391053
0.01212979
0.02554359
0.04959092
0.1277207
0.03738198
0.04394961
0.1327906
0.07738804
0.04983569
0.05209641
-0.04204081
-0.01280703
0.01828871
-0.0008929958
0.08047049
0.0323567
0.09795992
0.05713809
-0.02828194
0.02938485
0.06353878
0.03263369
0.04442201
0.04684394
0.1226073
0.07823574
0.06382372
0.02210871
0.1244704
0.117787
0.1074698
0.01713807
0.03445388
0.08759262
-0.006296875
0.1422996
0.08557892
0.130699
0.1282478
0.03007323
0.1279716
0.08277133
0.05448859
0.09495423
0.02133986
0.03534232
0.007081689
0.06149443
0.03886672
0.01495646
0.06330781
0.07127404
0.09644056
0.05740583
0.0865545
0.1071706
0.07621433
0.08987561
-0.02789156
-0.04045142
-0.001487223
0.01507638
0.00431367
-0.008593827
0.05854255
-0.04167779
0.05325632
0.1465852
0.08960637
0.08031026
0.07262883
0.06445161
0.07823324
0.06278915
0.06168128
0.01665379
0.04095843
0.001466155
-0.01208979
0.004117054
0.0324298
-0.005102423
0.04246968
0.0447199
0.1208552
0.06203244
0.0596385
0.007665386
0.02798363
0.04207437
0.04183363
0.07801196
-0.01499227
0.07485579
0.01599661
0.01033052
0.02573001
0.09294254
0.01783937
0.07659405
0.03254704
0.01028083
0.08875337
0.02374244
0.07254362
-0.04955362
-0.00829634
0.01790584
0.07297946
0.1359454
0.08967809
0.06393321
0.07131616
0.1144989
0.1348816
0.112018
0.09283497
0.01314101
0.05174249
0.03925214
0.08709527
0.07152193
0.0772653
0.1043202
0.1174711
0.08521009
0.02131649
0.09177759
0.06567978
0.01178899
0.0744749
0.1096436
0.04091271
0.1293679
0.09303645
0.05087925
-0.07300622
0.08482691
0.0271812
0.05517229
0.03711598
0.0360485
0.09618734
0.01828933
0.1254598
0.03036961
0.04736981
0.03522253
0.03806829
0.05977215
0.01346288
0.0497692
0.04738022
0.07549914
0.0445865
0.004983052
0.04333476
0.1009241
0.0533806
0.02351573
-0.02844301
0.1022754
0.1166276
-6.716148e-05
0.0994192
0.05569751
0.08801751
0.04877985
0.1055229
0.140401
0.04612621
0.0316557
0.07622275
-0.006720796
0.008518423
0.12608
0.08050683
0.09441188
0.08708585
0.0239928
0.09120105
0.03257453
0.03035731
0.07444569
0.02729482
0.1162247
0.02701007
-0.003751427
0.06970242
0.04524834
0.05832198
0.03896744
0.07431807
0.1171465
0.01883403
0.1247647
0.03800102
0.01296349
0.04065747
0.01157414
0.03878339
0.01231875
0.01948481
0.07708658
0.060604
0.1190448
0.0631307
-0.02150525
0.002676512
0.03277104
-0.01524934
-0.005844692
0.09476751
0.02355413
0.01281365
0.1072595
0.1179247
-0.009348628
0.09236422
0.06421549
-0.03255729
-0.0009166211
0.1173409
0.06906136
0.05930492
0.01975496
0.03688806
0.02169662
0.04014996
-0.004923079
0.06403246
0.03147286
0.01303778
-0.01134404
0.007860299
0.03580119
0.06443141
0.01870074
0.06671669
0.01685071
0.1659609
0.05387557
0.06258502
0.02898454
-0.01910619
0.001076277
0.02520919
0.05113722
0.06098113
0.06181069
-0.03636783
0.01721513
0.05113175
0.05715619
0.08450763
0.03961202
0.01397539
0.003413406
0.00923918
0.07004598
-0.03061222
0.03252263
0.008053432
0.05682883
-0.0232334
0.002909109
0.05073192
0.03185092
-0.01921904
-0.008096739
0.001346693
-0.01954468
0.02468586
0.08818913
0.001435135
0.03250629
0.09665939
0.01380498
0.006306553
0.08876102
0.02979138
0.09933659
0.02925639
0.1116246
0.06040312
0.09896706
0.09684261
0.01242622
0.08272229
0.0831922
0.111798
-0.004354436
0.04304862
0.1198599
0.09209981
0.1189138
0.06762747
0.07640362
-0.03099632
0.05438246
-0.003320624
0.05462621
-0.00983673
-0.01023053
0.07332884
0.06168034
0.08407718
0.1327275
0.07692156
0.05042315
0.05370148
0.09135723
0.04795916
0.04247131
0.1005625
0.07142632
0.1321093
-0.008491577
-0.00543543
0.04092045
0.1572033
0.08025951
0.05352175
0.1115144
0.02268097
0.05302546
0.03185548
0.08764018
0.07031725
0.1252498
0.1299449
0.08313633
0.05541835
0.04183626
0.04613922
0.1047106
-0.01378885
-0.06341338
0.0366113
0.1541092
0.04986019
0.1054852
0.04399927
0.1058592
0.07635952
0.00588961
0.04062664
0.1122974
0.0523599
-0.007485481
0.01772943
0.06889667
0.1033928
0.004024721
-0.00856426
0.06890234
0.09619947
0.06314787
0.07667933
-0.02762816
-0.07138
0.04534345
0.03278307
0.06384148
0.1472253
0.02414231
-0.06464521
-0.1174914
0.01709598
0.04094612
0.07925821
0.06882822
0.0918558
0.03967421
-0.0172112
0.06978461
0.05000751
0.0500909
0.07857666
0.0470063
0.03394585
0.006222724
0.03787765
0.007375896
0.007771072
0.0280316
0.02989465
-0.0464878
-0.00452732
0.0378464
0.09643094
0.01821289
0.1123352
0.07103029
0.05501689
0.009571949
0.04977859
0.07265684
0.03207222
-0.003678833
0.006174954
-0.03898547
-0.02111378
0.04494918
0.07442072
-0.02009479
0.07420422
-0.006789371
0.08661813
0.01413831
0.04392142
0.077995
0.041899
0.05597461
-0.006053401
0.002031905
0.02274358
0.02745982
0.07987557
0.09109375
0.04716778
-0.005133438
0.0521831
0.03988331
0.00478315
0.06032032
-0.0251562
0.01197443
0.07116522
0.07506733
0.04023748
-0.01437268
0.03335442
0.1144556
0.02357108
0.1146015
-0.003059102
0.008246475
-0.001814811
0.1061398
0.06842213
0.094474
0.0784571
0.01482281
-0.002844441
0.06822532
0.07502949
0.1136352
-0.01754964
-0.02723623
-0.002435543
0.115158
-0.02128942
0.03609204
0.1360504
0.07414275
0.04312523
0.02425309
0.02082177
0.02801804
-0.0120425
-0.00738033
0.1434155
0.007071767
0.0569166
0.08481368
-0.009354323
0.06163816
0.05230888
0.04360885
0.03840826
0.08168843
0.1097532
0.07353311
0.02199853
0.1100667
0.09779344
0.1033628
0.1282664
0.00819136
0.06246616
0.07842491
0.08261413
0.05338801
-0.03150625
0.03622144
0.02630011
0.09586167
0.08795539
0.0183287
0.08427003
0.1547206
0.02779658
0.1206184
-0.007161919
0.04932521
0.06268294
-0.01432768
0.09234341
0.07984691
0.02631579
0.05974234
0.06643589
0.1338633
0.020326
0.0169158
0.01131836
0.09520825
0.06007828
0.09038311
0.0764858
0.07815067
0.1190695
0.1293555
0.07877133
-0.005704193
0.00478945
-0.01882043
-0.05835578
0.03479413
0.01210976
0.04121534
0.0796431
0.04241599
0.08702873
-0.007678719
0.08751539
0.04070603
0.02006802
0.06147737
0.09371702
0.1491038
-0.0004323935
0.051094
0.05216803
0.07609565
0.08175407
0.05305859
0.02372103
0.02642926
0.05196811
0.1223781
0.03235224
0.01114415
-0.02134268
-0.01307751
0.09337487
0.1773836
0.05181933
0.05143451
0.03895595
0.06570771
-0.06154796
0.01182469
-0.005440014
0.1688549
0.01258311
0.08500495
0.07081862
0.01242108
-0.01089673
0.004765989
0.08398659
0.0517871
-0.04778082
0.07370935
0.02316504
0.03730766
0.0378988
0.0461287
-0.004615502
0.06367794
0.05652177
0.1102423
0.0290665
-0.02377089
0.136339
0.1358389
0.05798354
0.03954389
0.05311396
0.1034428
0.01262666
0.07389553
0.0427983
0.04299734
0.07123198
0.1063135
0.1281321
0.08921183
0.08290792
-0.03244698
-0.05483636
0.1033944
0.06656767
0.06606264
0.1411273
0.03745555
-0.04703352
0.07321138
0.07119524
0.04597808
0.0518471
-0.0748913
0.05715741
0.03817345
0.03895141
0.05468154
0.09814897
0.05721382
-0.02447395
0.03077915
0.006438153
-0.03995635
0.01932783
-0.02623113
0.07480747
0.0444189
-0.04914507
0.03486177
0.04924779
0.09025378
-0.01673702
0.04430671
0.009289654
0.08077969
0.02884421
0.0859821
-0.02507045
0.06219977
0.1126302
0.1207077
0.0635064
0.1340274
0.05062761
0.08551452
0.08103406
0.08370076
0.003433779
0.06991413
0.07537231
0.05417325
0.07284142
0.03348884
0.1204526
0.05595106
0.08951063
0.01931759
0.04957869
-0.0217384
0.006460082
-0.06890552
0.1148518
0.04451526
0.02487782
0.06681322
0.08484563
0.0593883
0.07241909
0.04013075
-0.003427061
0.04647423
0.06749005
0.02036587
0.01723552
0.02939883
-0.03387485
0.0885788
0.08764972
0.01752809
0.09935978
0.09000402
0.03479672
0.03747753
0.02366993
0.03659509
0.006717972
0.06695713
0.03275417
0.05728782
0.05225042
0.05618396
0.007998646
0.04984101
0.04852344
0.07908419
-0.01036315
0.06643952
0.07792506
0.06079479
-0.0122727
0.03653395
0.08008533
-0.005715611
0.05310093
0.1721349
0.1004662
-0.02172789
0.03121839
-0.07619243
0.05180806
0.04725613
0.1155594
0.0568995
0.08931985
0.05983434
0.01646933
0.01362878
0.1272811
-0.02113853
0.02680557
0.07716759
0.2323364
0.124658
-0.01309396
0.07733523
0.07769502
0.09458262
0.100268
0.01403648
0.009542915
0.08606205
0.05249788
0.01826453
0.03905709
0.07022915
-0.04843279
0.0439788
0.009713913
0.0374077
0.06436015
0.02768902
-0.0157981
-0.0376684
0.03171335
0.04663898
0.09422081
0.01754606
0.1070719
0.0108819
0.03687853
0.06691095
0.0475744
0.06652381
0.06322277
0.0706475
0.07420949
0.07241039
0.0483809
0.04873234
-0.007604657
0.115108
0.03049933
0.09876452
0.05077035
0.03012434
0.009763256
-0.05775365
-0.01961427
0.106688
0.07842697
0.003363209
0.04480131
0.08472718
0.04651269
0.03109067
0.1013491
0.05914518
0.03850805
-0.006010769
0.05788758
0.02985845
0.03912454
0.03820868
-0.01525651
0.04610731
0.01154904
0.05206284
-0.002782108
0.02484143
0.06004871
0.04418606
0.07936289
0.08149644
0.08960341
0.002155916
0.04396346
0.1305863
0.1165152
0.032816
0.1071071
0.01691811
0.07078205
0.09609908
0.1621652
0.05900564
0.05062233
0.0371042
0.09551818
0.03353213
0.1077087
0.04522595
0.02151292
0.08476416
-0.00264813
0.05842027
0.06985452
0.06445469
0.008145309
0.04936844
0.06810021
0.05479543
0.01063834
-0.01801788
0.06348305
0.02115842
0.09214169
0.1209178
0.08796773
0.06078578
0.01349751
0.01149526
0.1237152
0.03439918
0.05826965
0.0205886
0.1212081
0.05784521
0.0223223
0.0487142
0.07441723
0.1560829
0.01214426
0.03149118
0.002349584
0.01928932
0.09182231
0.08998605
0.03678592
0.04123575
0.03307821
0.08441877
0.08110818
0.02551326
0.04134425
0.08277847
0.04889002
0.02531569
0.1006811
0.0587325
0.03931576
0.04847076
0.09044919
-0.03732045
-0.009474482
0.04639038
0.0679041
0.09629077
0.004136877
0.08586043
0.0688793
0.1003143
0.03937695
0.0003608929
0.03612659
0.0842355
0.05675188
0.0183625
0.119421
0.02408946
0.03604655
0.07943741
0.05453431
0.07225708
0.0624218
0.03271117
0.04244252
0.03714891
0.09152828
0.1302677
0.100676
0.05193406
0.03900766
0.05023051
0.004321971
0.05452909
0.03019136
0.09094759
0.007713142
0.1018172
0.06231369
0.002772593
0.1039183
0.0468662
0.08124496
-0.03881312
0.04853701
0.03967647
0.07446581
0.03758984
0.1359417
0.06622932
-0.02280201
0.07594582
0.08238756
0.1557366
0.1121607
0.03196584
0.01511777
0.04232512
0.09092427
0.05345394
0.09563633
0.1025344
0.009070154
0.03906666
-0.03849572
0.007041699
-0.01083688
0.03705137
-0.006037811
0.01478847
0.004576013
0.07546835
-0.0126891
-0.02350321
0.03283661
0.06526871
0.03470082
0.03293348
0.07273001
0.04894151
0.1379902
0.05818896
0.0250074
0.06871675
0.03237438
0.004650902
0.04337107
0.02366192
0.02304417
0.02832683
0.1449658
0.1444404
0.05553098
0.07425225
0.09262442
0.07007521
0.04611527
0.07767065
-0.04014568
0.04885466
-0.01305418
0.04743099
-0.01085602
0.06185312
0.07047886
0.06472708
0.03694299
0.03083856
0.06041301
0.04766961
0.0423494
-0.02806873
-0.04798739
0.02922983
0.09022383
0.02648498
0.06885017
0.1092213
0.01169362
-0.04043581
-0.03553266
0.005683663
0.03720431
0.06712159
0.06152526
0.09840008
0.1216303
0.1495247
0.04359875
0.04213809
0.09967223
0.1042458
0.1302972
0.07248347
-0.01921142
0.03515819
0.08242667
0.07508831
0.08595205
0.06266318
0.07367119
0.003549424
0.05209508
0.0541812
0.1182959
0.07443222
0.05820391
0.04991707
0.09112348
0.06775181
0.04505379
0.07468972
0.05406973
0.04840048
0.04433944
0.103996
0.1099263
0.0500353
0.006844406
0.100119
0.05916732
0.05768263
0.09693624
0.0406187
0.006133408
0.0479013
0.1084451
0.03248884
-0.026684
0.03398733
0.03060436
0.07106949
0.08736069
0.08974222
0.06868343
0.1144428
0.1449253
0.1246036
0.02703681
0.01954132
-0.05152151
0.02652558
0.002119028
0.001922264
0.06618718
0.1468874
0.07284769
0.08449662
0.0959121
0.04498582
0.04119484
0.05457869
0.06282384
0.0561035
-0.006991314
-0.02241531
0.003774336
0.1375685
0.05334425
0.02512995
0.0506604
0.1642063
0.09984168
0.08207592
0.02046111
0.05881381
0.179593
0.09477258
-0.0680058
-0.03743756
0.01045973
0.06350425
0.09741006
-0.02455428
0.00127704
0.07932793
-0.01443499
0.01263852
0.02767975
-0.03782351
0.05024698
0.0213193
0.03499551
0.032867
0.01259286
0.06435556
0.06475619
0.05529097
-0.01275959
0.01270627
0.06394326
0.1256156
0.05123574
0.07597518
0.04048611
0.04004033
0.02769428
-0.003548944
0.04074757
-0.02872814
0.01030787
0.02294017
0.09448209
0.09329521
0.0285516
0.05588878
0.01075193
0.05585106
0.09309852
0.04965708
0.05531234
-0.0007050431
0.1036589
0.05340649
0.06751421
0.10441
0.005888498
0.02810698
0.1159535
0.0754866
0.09460742
0.0759648
0.001879205
0.06650383
0.04436317
-0.02771228
0.03399854
-0.009461276
-0.003632882
0.01219421
0.05247962
0.07170156
0.08133828
0.02216868
0.03596965
0.03369197
0.09902186
0.002989252
-0.03668595
0.04731847
0.116079
0.07690248
0.01106577
0.05099684
0.08394954
0.07661777
0.08804341
0.06852954
0.03157228
-0.03642353
0.03259586
0.08043018
0.03689398
0.03328502
0.07127913
0.03439994
0.04318051
0.126515
-0.0307058
0.03794854
0.02147365
0.05687581
0.0222192
0.06201228
-0.01134318
-0.004867902
0.01495741
0.05343827
0.05810307
-0.0288103
0.1368845
0.1146978
0.1267256
0.1094579
0.01699748
0.02047386
0.1106622
-0.01430257
0.06162424
0.02919006
0.04358986
-0.001512234
0.04371724
0.0273816
0.05356079
0.04285347
-0.05063389
0.03721031
0.06201874
0.08036278
0.1471556
0.04499696
0.02886214
0.05981234
0.035075
0.02308547
0.04027826
0.03072796
0.07274624
0.08489541
0.03912439
0.03911154
0.02816551
0.0188432
0.01460511
0.01243442
0.06265559
0.08946411
0.1218729
-0.03505687
0.01196671
-0.004695549
0.05355781
-0.00389857
0.0543946
0.0688569
0.08424672
0.06380464
0.1497136
0.05605486
0.06987097
0.05362175
0.04973321
0.03348815
0.04517443
0.0355808
0.05193617
0.006931948
0.05328568
0.007988461
0.01557338
-0.04285397
0.06261117
0.1033912
0.08066077
0.03996912
0.1500299
0.03628431
0.009189273
0.1321399
0.06650275
0.0190202
0.02833118
-0.007373929
-0.005742697
0.02756485
0.0286813
0.1165695
0.1290816
0.09145496
0.1288866
0.1223238
0.0516669
0.03095202
-0.01611792
0.05792295
0.1157047
0.1281375
0.03226474
0.04313653
-0.02603385
0.07175415
0.05326061
0.01524058
0.04769881
0.08366249
0.04352977
0.1088071
0.1059169
0.1073505
0.1126693
0.0869143
0.06704481
0.08634815
-0.02845725
-0.01007209
0.03983786
0.04540943
0.07088197
0.007416987
0.04623628
0.02253165
-0.02473281
0.04224267
0.08876977
0.0672199
0.08879945
0.02329144
0.08889726
0.06548745
-0.004815326
-0.009896829
0.07516624
0.07583958
-0.04007987
0.006154311
0.03259335
0.1061605
0.06247621
0.09377723
0.0548496
0.09191972
0.05655899
0.07718983
0.005976006
-0.003706071
0.08615865
0.01895215
0.03367498
0.1036542
0.07846333
0.01643454
0.01666272
0.08092557
0.1103838
0.1052361
0.04796784
0.004703609
-0.006457489
0.07418281
0.05798833
0.01748577
0.09379095
0.06593416
0.0946306
0.08568633
0.07868379
0.04599212
0.1059354
0.09427331
0.09459446
0.03516676
0.07684
0.06912071
0.03123758
0.0121812
0.01794894
0.05065949
0.00242932
0.03125321
0.04192339
0.02607091
0.03118011
0.03619773
0.1120235
0.09784301
0.03596994
0.02447357
0.07159315
0.08132375
0.049422
-0.02471569
0.07571853
0.0301973
0.1372778
0.01649739
0.1448701
0.1231946
0.08522092
0.004610087
0.05693472
0.004222946
-0.03647146
0.09265952
0.1345456
0.03283436
0.03149618
0.04899716
0.02998397
0.0295421
-0.03011041
0.01869611
0.03728658
0.02268151
0.05651109
0.04414344
0.08462464
0.1506759
0.04399767
0.02598148
-0.005796108
0.03916631
-0.01590849
0.01603878
0.01210341
0.03645269
0.07632929
0.08756868
0.0324997
0.03380126
0.01163688
0.001181573
0.05599853
-0.008485627
-0.009231864
0.02446802
0.0821709
0.09100818
0.1256723
0.02065662
0.0909331
0.1088718
-0.0644173
0.06585244
-0.01690633
0.08314903
0.1882325
0.227567
0.04866296
0.02207286
0.1252062
0.07087372
0.02320722
0.04914911
0.01090443
0.08768973
-0.01082861
0.0007804586
-0.00911334
0.01886992
0.04273954
0.06361792
0.05638995
0.0513932
0.0354607
0.05251636
0.05445799
0.1000776
0.03116873
0.0501706
0.07271166
0.08130078
0.0005178244
0.05591913
0.09071242
0.008908246
0.0773904
0.08969989
0.03913299
0.03286021
0.04804693
-0.02670591
0.07852741
0.127692
0.06026793
-0.05980358
0.0784715
0.02149073
0.1036671
0.06694755
-0.005588646
0.05669484
0.05990962
0.0297097
0.006022617
0.0211001
0.06985887
0.009238486
0.03236967
0.03109744
0.02417655
0.09606185
0.04134114
0.109642
0.006002759
0.03329218
0.1509905
-0.009054984
0.090337
0.04415522
0.05624418
-0.05266194
0.05370476
0.03372919
0.04798031
0.15381
0.1075112
0.008357821
0.0164458
-0.01126637
0.1212427
0.1130897
-0.02701596
0.04800934
0.05884553
-0.005008953
0.02369043
0.04626932
-0.006959984
0.06946404
0.02623439
-0.01013724
0.01226381
0.02875588
0.03276582
0.03640529
0.04602401
0.06817578
-0.02908271
-0.08145667
0.06451306
0.01675896
0.006421226
0.04988463
0.0108557
0.08329168
0.03572672
0.02859245
0.03392501
0.01868068
0.02197327
0.000600091
0.05979097
0.08374708
0.01121343
-0.05513261
0.09380085
0.06477674
0.1140973
0.079147
0.06381968
0.05009113
0.1074773
0.04946168
0.09606571
0.1045587
0.05833554
0.0463269
0.02786989
0.05342944
0.089353
0.04155465
0.04567139
0.0568849
0.04842907
0.02015802
0.1487415
0.09829097
0.08653636
0.02080404
-0.004814933
0.08491286
0.07056112
0.07891964
0.0728221
0.0553694
0.03668747
0.06909169
0.1393755
0.1192527
0.04746217
-0.01157417
0.1036747
0.1203879
0.1353562
0.01764451
0.05903004
-0.00730564
0.0891425
-0.02957958
0.02626231
0.02110962
0.06821326
0.0495109
0.1048105
0.01101683
0.02955255
0.1377573
0.06021919
0.04338204
0.1171641
0.03818049
0.07015198
-0.008045588
0.07972197
0.0006871091
0.03753765
-0.01311721
0.1109391
0.128451
-0.01594508
0.06054045
0.05690266
0.03756519
0.1042607
0.03237621
0.1321021
0.1751814
0.09663336
0.07427476
0.1445895
0.07103564
-0.02281518
0.04576004
0.1554076
0.09630574
0.06738278
0.01271989
0.009425172
0.06686746
0.03463816
0.03451166
-0.004982806
0.02938266
0.02353669
0.05395113
0.01536874
0.07262091
0.03790249
0.03394255
0.02300344
0.07412313
0.06963517
0.08201851
0.01877872
0.1259535
0.03464901
0.07639102
0.06178351
0.005966708
0.1100706
0.04867264
0.1586965
0.002220744
0.1288341
0.1066603
0.04503288
0.01072375
0.005460984
-0.002871087
0.04419189
0.1004789
0.04326332
0.08516999
0.05944974
0.08340382
0.005267295
0.03831524
0.04431555
0.04834841
0.1319581
0.06962788
0.06720918
0.04871972
0.07502026
0.09778044
0.09375882
0.09870321
0.07826647
0.05811796
0.1221142
-0.02263494
0.07791518
0.05776728
0.03617439
0.05481068
0.0918892
0.02772194
0.08096994
0.0988629
0.02925802
0.01913376
-0.01870866
0.0705343
0.03893497
0.07454506
0.1125512
