0.7334114
0.721909
0.6601101
0.7013357
0.6670969
0.6998641
0.7072514
0.6834417
0.666449
0.721031
0.7174118
0.6925158
0.6558892
0.6945128
0.7105783
0.745535
0.6896088
0.7220883
0.6622319
0.7606037
0.6830951
0.6881813
0.6971628
0.6393278
0.6920848
0.6902487
0.655078
0.732291
0.6768126
0.7285183
0.7205067
0.6920454
0.6763496
0.7238651
0.764037
0.6934932
0.6854677
0.6710444
0.6567921
0.6561673
0.6769926
0.6474706
0.6704358
0.6466721
0.6889976
0.6242658
0.7091256
0.7006004
0.6877078
0.6885881
0.7137695
0.6212043
0.7212278
0.6590767
0.6713839
0.6470914
0.6606971
0.6362746
0.6800398
0.7058398
0.7172564
0.6841493
0.7037678
0.6753803
0.6594899
0.6522897
0.6992903
0.7036307
0.6467065
0.6777969
0.6302637
0.6868466
0.7123024
0.6835935
0.6750667
0.6595358
0.6800681
0.6485092
0.6831575
0.6797217
0.6458805
0.7220716
0.6771976
0.7029144
0.6813639
0.6622002
0.7641229
0.7165131
0.6651979
0.6862766
0.683356
0.7147549
0.7137773
0.7159918
0.6716224
0.677838
0.7209511
0.686301
0.6504132
0.7102676
0.6961392
0.6902243
0.6914002
0.6770312
0.6093353
0.7039258
0.6777964
0.7242528
0.7278525
0.6747736
0.66887
0.7302271
0.6974223
0.6953273
0.6878289
0.6836121
0.7014608
0.6941715
0.7557034
0.704361
0.658501
0.6498673
0.6878769
0.6964566
0.7164252
0.6932125
0.7319569
0.7045047
0.6853784
0.7013494
0.6668904
0.6828998
0.6360071
0.6678378
0.6887522
0.6955221
0.6589567
0.7780554
0.7151687
0.6372745
0.6600779
0.7043232
0.6735346
0.7946976
0.7036485
0.7240266
0.7005248
0.7001858
0.6049351
0.6910892
0.6900157
0.6925352
0.6604091
0.7179867
0.7124745
0.6829034
0.6654826
0.6722318
0.7903182
0.6611221
0.6775723
0.7130152
0.7258127
0.6493587
0.7112273
0.6566999
0.7542091
0.6738172
0.6578951
0.6780228
0.6612705
0.6876709
0.7173736
0.7033949
0.678012
0.7523895
0.7132312
0.7271449
0.7115508
0.7280083
0.7221046
0.6629451
0.6688375
0.6665837
0.6796299
0.6703817
0.7022687
0.663137
0.7054002
0.6860269
0.7140516
0.7328621
0.6896149
0.6689259
0.6494007
0.6865676
0.7119495
0.716812
0.6419196
0.744563
0.6763155
0.715785
0.6880572
0.7233781
0.6721886
0.7042154
0.7121322
0.6786509
0.7163691
0.662523
0.7030362
0.6999278
0.6921594
0.637014
0.6622275
0.6664851
0.6680929
0.6856521
0.6587351
0.6923899
0.7042826
0.6294155
0.7070751
0.7143118
0.7012585
0.6631211
0.7120675
0.6932889
0.6576801
0.650543
0.6927774
0.61551
0.6814024
0.680898
0.6991025
0.6272239
0.7196391
0.6703637
0.6625554
0.672525
0.6268519
0.6798863
0.6886516
0.741224
0.7124123
0.7145191
0.7277299
0.72696
0.6331593
0.6845233
0.6703045
0.709359
0.6893599
0.6911828
0.7209899
0.6761607
0.6842915
0.7590238
0.696929
0.6596695
0.6909391
0.683487
0.6680551
0.711543
0.6811713
0.6727057
0.683577
0.7372996
0.6606163
0.6990293
0.7036115
0.6621881
0.6636832
0.6233082
0.7186232
0.7161145
0.6790722
0.7088365
0.7222386
0.7327389
0.7270911
0.687325
0.7157653
0.6766021
0.6694761
0.6880405
0.6922267
0.7053527
0.7357762
0.7154752
0.7455438
0.702372
0.673807
0.7266514
0.7217276
0.6693296
0.676475
0.7149991
0.7358211
0.7074197
0.6849098
0.6690833
0.6900254
0.6973949
0.7267894
0.6778143
0.6753032
0.6701164
0.7216707
0.6984341
0.683332
0.6990835
0.66014
0.6847281
0.7288657
0.7029642
0.6553192
0.6529478
0.6794507
0.7038369
0.7286672
0.6523375
0.6807908
0.6707063
0.7016484
0.7571367
0.6806223
0.6831127
0.7429106
0.7001236
0.703048
0.6704175
0.6818594
0.6923852
0.7221523
0.7590316
0.6762981
0.7174628
0.6890593
0.7073714
0.6915012
0.7285321
0.6996759
0.6768135
0.7064225
0.6928307
0.7000749
0.6751613
0.7004718
0.7208031
0.66934
0.694849
0.6512638
0.7147394
0.671432
0.6635561
0.6517117
0.6987004
0.6697949
0.6932256
0.6918779
0.7054959
0.6754299
0.7089987
0.6443801
0.7212001
0.7033901
0.7181243
0.642798
0.6664245
0.6459515
0.7327945
0.7178877
0.6653998
0.7340776
0.6780583
0.6711293
0.6776569
0.7043394
0.7030745
0.6814181
0.6669776
0.7036177
0.7333869
0.6926207
0.6738014
0.7145147
0.7223923
0.6665273
0.6745701
0.6773936
0.717007
0.7053221
0.7062514
0.6702743
0.7216761
0.6700896
0.6737798
0.6788156
0.6950933
0.6670079
0.6943088
0.6993239
0.6769005
0.6796041
0.6437001
0.7030638
0.7182536
0.7233677
0.7310439
0.6733662
0.6926997
0.6422871
0.6527125
0.7035888
0.7303243
0.6940991
0.7020695
0.6977362
0.7176742
0.6969322
0.7254414
0.6957354
0.6980411
0.7251069
0.647704
0.6510567
0.6537228
0.7337812
0.6999149
0.7459727
0.6624599
0.6736237
0.7409343
0.7066067
0.6996346
0.681347
0.6783106
0.6770341
0.6600083
0.6781053
0.7253694
0.6701663
0.6942705
0.726589
0.6536739
0.7101905
0.7057771
0.6811493
0.7443302
0.698659
0.6688751
0.7076753
0.6669219
0.7332143
0.7032381
0.6811417
0.6705111
0.7250751
0.6613433
0.6516776
0.7038143
0.6780313
0.632988
0.6516255
0.6882819
0.6592568
0.6657237
0.7016739
0.7367979
0.6896163
0.6903177
0.6750847
0.7636666
0.690624
0.6393519
0.6722005
0.6491913
0.6694161
0.7386725
0.6957214
0.7254061
0.6888667
0.7165915
0.6787985
0.6504763
0.6581782
0.6352959
0.6916191
0.6479405
0.6935602
0.6642561
0.6894941
0.6920692
0.6895265
0.7199258
0.6833771
0.6548109
0.6815536
0.6576344
0.7060498
0.7177124
0.6997443
0.7017277
0.6960369
0.7076186
0.6906662
0.7144587
0.6651962
0.6360823
0.6944746
0.6393211
0.7003612
0.6692166
0.7462458
0.6825055
0.6454622
0.6738693
0.6755999
0.6862025
0.6922792
0.7071211
0.6854884
0.6758477
0.6446898
0.6740312
0.6576355
0.6904565
0.6552966
0.6535974
0.7085532
0.6500862
0.6792063
0.7195166
0.7132833
0.6571699
0.7305809
0.6727872
0.7189912
0.6819154
0.6731586
0.6276338
0.7183071
0.7324878
0.6624253
0.71703
0.6982763
0.6933549
0.7052846
0.6898414
0.709273
0.6921231
0.6399134
0.7091142
0.7004667
0.7047327
0.7116226
0.7697071
0.6649506
0.7466128
0.6253291
0.7055337
0.7111474
0.6707724
0.6972078
0.6924391
0.6842638
0.7461476
0.6813146
0.6807695
0.6312503
0.662964
0.6473341
0.7304671
0.6647085
0.6830944
0.64495
0.6863825
0.726826
0.6535593
0.6825294
0.6741124
0.718251
0.664857
0.6449106
0.6613882
0.6653269
0.6629751
0.6328814
0.6752348
0.6868411
0.6575173
0.7084462
0.732643
0.7139448
0.6656464
0.6686605
0.6812921
0.6956114
0.6327475
0.7084714
0.7034808
0.6922875
0.652128
0.7258125
0.6493434
0.6382418
0.691769
0.746827
0.7235334
0.6967076
0.6649684
0.6621099
0.6758763
0.6784001
0.6978231
0.7118455
0.7102073
0.7458162
0.6728281
0.6793585
0.7240983
0.6945536
0.7062241
0.6857305
0.6590415
0.6553822
0.6417594
0.7269325
0.6829334
0.6478243
0.6861678
0.6749751
0.6416255
0.6998874
0.6860205
0.7218808
0.7234054
0.6928912
0.7158211
0.7353422
0.6400721
0.6706361
0.6754175
0.7449278
0.7028063
0.6786154
0.6659123
0.6819316
0.6817011
0.684179
0.6992636
0.720003
0.667436
0.6578877
0.6940507
0.7202774
0.6987516
0.6686605
0.7022416
0.6491011
0.6789354
0.6667356
0.6875676
0.6742119
0.7219722
0.6648891
0.6552358
0.6784043
0.6887274
0.7076605
0.6636373
0.6622873
0.660281
0.6343957
0.6908308
0.7147295
0.6828207
0.7388255
0.6721765
0.6956047
0.6966818
0.7161022
0.7092595
0.6877894
0.7029415
0.731378
0.6971865
0.6850062
0.6951939
0.6356791
0.6834396
0.7104571
0.6647358
0.6903338
0.6783048
0.6753103
0.6914544
0.7069036
0.6946333
0.7266075
0.6833828
0.7384962
0.7122649
0.7114853
0.6938267
0.7702858
0.6887751
0.6769542
0.6713671
0.7765134
0.6695287
0.779984
0.6877589
0.7445336
0.7421185
0.7563356
0.6882734
0.7823445
0.6949248
0.714859
0.6841952
0.73135
0.7026434
0.6557896
0.7088095
0.7352579
0.6924231
0.7405588
0.7054026
0.660546
0.671505
0.649
0.6475475
0.6751401
0.6839152
0.7277934
0.7482271
0.7043462
0.7280618
0.6762393
0.6600152
0.6507967
0.7478092
0.7200334
0.705856
0.6580778
0.7137231
0.6523852
0.7360748
0.6657554
0.6782004
0.6926838
0.6830702
0.6802218
0.6687129
0.6978212
0.6776124
0.6993758
0.6668244
0.6899377
0.6917157
0.686856
0.647883
0.6689331
0.6767549
0.6502939
0.6806755
0.6841556
0.6814025
0.6523538
0.6994888
0.67265
0.683784
0.7182213
0.7244739
0.689805
0.7087545
0.6802346
0.6784905
0.6678986
0.6857285
0.6780753
0.702809
0.7043111
0.7041273
0.6762466
0.6711705
0.6682747
0.6956406
0.7000949
0.6546062
0.6939564
0.7223257
0.691407
0.6686976
0.6773718
0.6531105
0.67352
0.6863805
0.6882691
0.6622484
0.7348226
0.783207
0.7081025
0.7082137
0.6825377
0.7055071
0.695368
0.7239296
0.7244971
0.6920592
0.7202789
0.7009476
0.6984578
0.6960359
0.6415589
0.749185
0.7280817
0.7200403
0.6934431
0.6299484
0.7382769
0.6628524
0.6854825
0.7418985
0.6767332
0.7045387
0.6562836
0.6917595
0.6411203
0.6856316
0.7269261
0.6979207
0.686098
0.7026608
0.6699836
0.7157094
0.6644873
0.6706989
0.7081759
0.6748495
0.6605197
0.6536023
0.694028
0.6491085
0.6505452
0.7152221
0.7123109
0.679322
0.6633567
0.7017819
0.6950549
0.642603
0.6735936
0.6713492
0.7062554
0.7120649
0.68934
0.7603488
0.6665703
0.6956351
0.7211004
0.6894793
0.6843526
0.6951054
0.6848681
0.7333328
0.6689364
0.669775
0.7160255
0.6799591
0.6996378
0.6816556
0.666844
0.6804222
0.6363117
0.6780783
0.6819217
0.7031868
0.7263078
0.6961661
0.669923
0.7125779
0.692862
0.6454185
0.7067671
0.6788719
0.6875684
0.6932041
0.6791817
0.681269
0.6811661
0.7099117
0.7351131
0.7251836
0.6711804
0.6715788
0.7087273
0.6855929
0.6844233
0.6476446
0.7002001
0.6663998
0.7059723
0.7114619
0.6791025
0.7261463
0.7187177
0.6841675
0.6668311
0.6711161
0.7020955
0.6959554
0.6795074
0.6468716
0.6754402
0.7356307
0.7096857
0.7030031
0.7120047
0.70611
0.6547467
0.7074407
0.6896409
0.6630021
0.6900234
0.6852052
0.7125742
0.6455654
0.670908
0.6839243
0.7127185
0.6922574
0.679512
0.679071
0.7094188
0.651074
0.6793065
0.710672
0.660797
0.6772044
0.6682864
0.6479429
0.6924461
0.7479601
0.7203297
0.6789714
0.6987315
0.7189837
0.749019
0.7379211
0.6896363
0.6301106
0.6708706
0.6851647
0.7026072
0.6723184
0.7215838
0.6552222
0.6692043
0.6401439
0.6345341
0.6782276
0.6686402
0.7003608
0.7059022
0.6715739
0.6674168
0.6497312
0.6730754
0.7182855
0.6963335
0.6823633
0.6889333
0.6748065
0.6800322
0.7748845
0.6988494
0.6849694
0.6890521
0.6494932
0.7048354
0.7111861
0.6605846
0.6833435
0.6720356
0.680159
0.65588
0.7188625
0.6534504
0.6918432
0.6713641
0.6853493
0.6643541
0.662837
0.6871161
0.6679572
0.6988043
0.7085055
0.6621583
0.7009159
0.7104658
0.6727239
0.637093
0.6423058
0.6600657
0.6878793
0.6779101
0.6684881
0.6943897
0.6405615
0.7357443
0.7069613
0.7095598
0.7237927
0.6980958
0.7519124
0.7300048
0.7155886
0.6821524
0.7028616
0.7123872
0.6915795
0.6913018
0.695226
0.714236
0.6952181
0.6952861
0.745724
0.7019471
0.6933001
0.688795
0.6892556
0.7319962
0.7237156
0.6824992
0.6827556
0.6313285
0.7531551
0.6896051
0.6771759
0.6733577
0.6730105
0.6756052
0.6874412
0.701077
0.6870314
0.7319223
0.6933085
0.7032072
0.7175602
0.6813321
0.6776214
0.7785835
0.680587
0.6825608
0.6991145
0.6514897
0.7325211
0.708949
0.6474871
0.6801476
0.6495325
0.7399439
0.7355178
0.7083548
0.6949745
0.6530712
0.689669
0.7783594
0.6821078
0.6684523
0.7131743
0.7028744
0.7070235
0.682777
0.6500257
0.6860513
0.6737754
0.6952762
0.688512
0.7039101
0.6762
0.7409851
0.729583
0.7094182
0.6647927
0.7117989
0.7233727
0.7050766
0.7087738
0.6688889
0.7149546
0.7117016
0.7294044
0.7397027
0.6784525
0.7191642
0.7158949
0.7398763
0.6626281
0.6745058
0.7057939
0.6952985
0.7274123
0.7429556
0.6615849
0.6761078
0.6542325
0.6799013
0.6520272
0.685535
0.6803483
0.7004589
0.6853966
0.6497771
0.7226466
0.6699184
0.7018652
0.678135
0.7033409
0.7270598
0.7148598
0.7287051
0.6810034
0.705826
0.6738122
0.6544644
0.6505935
0.6863188
0.6810046
0.7261334
0.6587914
0.7260073
0.6482467
0.6839545
0.704945
0.6771198
0.7139778
0.6823516
0.6634164
0.7210425
0.6798897
0.6906054
0.6904475
0.7480396
0.7371897
0.6922875
0.6788054
0.7047041
0.6896279
0.6833808
0.6452289
0.6883642
0.653438
0.7147992
0.697291
0.7069566
0.7290017
0.7013065
0.7359838
0.7449715
0.6809225
0.6712193
0.7137351
0.6710746
0.6921565
0.734589
0.6801164
0.7018561
0.7042114
0.690963
0.6167353
0.6841063
0.7147095
0.6990202
0.6766848
0.7409393
0.6827943
0.7022709
0.6819641
0.6774813
0.7241478
0.710034
0.7083632
0.6384784
0.6879292
0.724586
0.6775859
0.6236373
0.6356596
0.6850192
0.679128
0.7035576
0.6681272
0.6938266
0.6679621
0.7381327
0.6959632
0.7056976
0.6919147
0.6432208
0.6759699
0.721851
0.7070961
0.6950697
0.6693401
0.6727032
0.6940483
0.6786346
0.7304425
0.7116873
0.6789507
0.6227361
0.6945597
0.6635308
0.6998233
0.7213981
0.7096435
0.6661401
0.6396655
0.6939733
0.6821261
0.7235792
0.6712453
0.6619972
0.6264071
0.718522
0.6992215
0.6589462
0.7014865
0.7042737
0.6813328
0.6544301
0.7059365
0.7518977
0.6723841
0.6684561
0.7294454
0.7006006
0.7169253
0.7178139
0.703762
0.6501833
0.681395
0.6804525
0.7305925
0.7010104
0.6745019
0.6934507
0.7195113
0.6762306
0.6792982
0.6859828
0.7397746
0.6662114
0.671626
0.6857653
0.7355089
0.7360799
0.6787388
0.7311866
0.7140777
0.7035716
0.6984033
0.6853836
0.7710141
0.675243
0.6804624
0.7176302
0.7193591
0.6941749
0.7465612
0.6657433
0.6935221
0.7231902
0.7176278
0.7031122
0.6854621
0.6460452
0.6901464
0.71726
0.7074119
0.6739105
0.6707524
0.6953018
0.6849707
0.6846839
0.7049786
0.6775682
0.6509968
0.7539852
0.6721028
0.6510454
0.7181155
0.6693512
0.6428469
0.6856896
0.6876182
0.7135847
0.6875139
0.7165681
0.7183854
0.6944847
0.7648843
0.6818009
0.7512267
0.6815974
0.6603881
0.7014375
0.6665143
0.7199901
0.6799431
0.7317805
0.699789
0.6854398
0.6675123
0.672341
0.659928
0.6537188
0.6917367
0.6962032
0.7158866
0.7171304
0.6710159
0.692739
0.6810033
0.7211377
0.6980325
0.6669033
0.6825976
0.755168
0.7090823
0.6780084
0.7063556
0.6988155
0.674825
0.6872717
0.694548
0.7305525
0.7043436
0.708171
0.7685444
0.6673599
0.6586981
0.6957767
0.6837546
0.6570697
0.6770545
0.700499
0.7096333
0.6715344
0.7201476
0.7370226
0.7195195
0.6744767
0.7025564
0.6908959
0.6810856
0.6990878
0.6835637
0.7644631
0.7661117
0.7055111
0.6632746
0.672138
0.6497888
0.7180356
0.7988102
0.6939016
0.7128844
0.7715277
0.7040571
0.7023219
0.7127819
0.6968814
0.6908848
0.7139505
0.672414
0.6899075
0.6948305
0.7000022
0.6579894
0.6976616
0.6852565
0.670555
0.6788311
0.6860643
0.7113961
0.7062799
0.6882384
0.700464
0.6999862
0.7292711
0.6644424
0.6285628
0.7524754
0.7045031
0.7442342
0.7219907
0.6786479
0.7032749
0.6848794
0.6767966
0.6735598
0.6611848
0.6862503
0.7706312
0.6699857
0.711742
0.6871232
0.6670592
0.6872312
0.6910839
0.695303
0.6849251
0.7210517
0.7379236
0.7388028
0.7148346
0.672807
0.6747687
0.7293493
0.7081873
0.7014664
0.7290208
0.7351097
0.6730317
0.7577637
0.7077048
0.7163837
0.7264876
0.6598564
0.6947379
0.6854677
0.7087991
0.6288006
0.6809716
0.6787789
0.6869486
0.7206987
0.6857955
0.6828232
0.6721203
0.7065164
0.7220282
0.6783111
0.7219264
0.6686731
0.6882864
0.6524317
0.706784
0.7111828
0.6897888
0.7066784
0.6715779
0.7069453
0.6805697
0.6974946
0.6944228
0.6559201
0.6917536
0.6935274
0.7199205
0.7124592
0.7555151
0.6758347
0.7076537
0.6820874
0.7119998
0.6812429
0.6624586
0.6959504
0.6650921
0.6952735
0.6634056
0.6627097
0.6600481
0.6941366
0.672021
0.7548898
0.6923141
0.7248243
0.6831855
0.6922184
0.7307894
0.6516758
0.6753537
0.7426819
0.6753052
0.6460637
0.7025413
0.6977958
0.7435909
0.6994656
0.6932342
0.682148
0.6599671
0.6809866
0.7072743
0.6980007
0.7113083
0.6864703
0.6912075
0.6713069
0.6802063
0.6923475
0.7418738
0.6794894
0.7347284
0.6704669
0.725112
0.6683522
0.6651709
0.7163912
0.7303487
0.6326266
0.6510679
0.6728499
0.762255
0.7002908
0.6927265
0.7280302
0.6611343
0.6336712
0.7374165
0.6848154
0.6483243
0.7260714
0.679814
0.6654592
0.7035229
0.6682837
0.6724036
0.7554789
0.6864216
0.7287858
0.7179349
0.7133935
0.6729931
0.6999111
0.6539407
0.7302718
0.6580088
0.7050179
0.7186854
0.7445342
0.7051532
0.7249623
0.7158345
0.709388
0.6682762
0.6915278
0.6848121
0.699532
0.6431865
0.7049511
0.6928744
0.6498526
0.6952962
0.7132042
0.6835277
0.7244098
0.7060766
0.6694376
0.7676896
0.6828219
0.673374
0.7260361
0.6450314
0.6702263
0.6945686
0.6915588
0.6415581
0.6952117
0.6802813
0.706412
0.6774735
0.6868834
0.6976381
0.6894643
0.7428745
0.6941128
0.7796856
0.6519363
0.7433125
0.7386024
0.737113
0.7076187
0.7169713
0.6915804
0.6933924
0.7499883
0.7228109
0.6871789
0.7153214
0.7789297
0.6497447
0.7075431
0.7314868
0.7252962
0.6656072
0.7516872
0.6844692
0.6660897
0.7131132
0.6663721
0.7336421
0.7273872
0.760229
0.72521
0.6570502
0.6755028
0.7299298
0.6820118
0.6997531
0.7152643
0.7281627
0.7493161
0.6609757
0.6863662
0.6312554
0.6783899
0.6952612
0.6606759
0.6951133
0.7243084
0.6840826
0.6733715
0.713328
0.7438218
0.7399946
0.6955468
0.6546817
0.7102032
0.670549
0.6285198
0.6559792
0.7066147
0.7021367
0.6972591
0.7135146
0.7149815
0.6673545
0.7337112
0.6704435
0.6788593
0.6311036
0.6565088
0.712288
0.6627026
0.6692577
0.7126
0.6988937
0.7007283
0.6797075
0.6483478
0.647119
0.6636174
0.6928923
0.6682792
0.7093743
0.6936215
0.6867339
0.7255382
0.6594358
0.6829471
0.6959001
0.7151068
0.6529622
0.6984845
0.681493
0.6711953
0.6730939
0.704261
0.6625467
0.7232981
0.7294232
0.7363771
0.6855857
0.6733172
0.6463382
0.6607559
0.6690523
0.7205836
0.6856521
0.6400988
0.710574
0.7010817
0.6787003
0.7263395
0.7503504
0.6813438
0.7068927
0.7178623
0.7351913
0.6873165
0.702895
0.7184068
0.7069975
0.6582331
0.6430033
0.7018068
0.6952285
0.6919304
0.725637
0.7605154
0.7351545
0.6998515
0.6856589
0.7055959
0.7483102
0.6368186
0.6940445
0.650074
0.6721411
0.6430944
0.708047
0.6843762
0.7240937
0.7435118
0.7033726
0.6892108
0.6932856
0.6743893
0.7366379
0.7077356
0.6986909
0.7018649
0.6916184
0.7197931
0.781062
0.687181
0.6575864
0.6465511
0.6894539
0.6781066
0.6997963
0.7170794
0.725309
0.7306636
0.6975827
0.6947888
0.6945851
0.7125522
0.7156993
0.6210927
0.6643048
0.7160521
0.6800737
0.696624
0.7324715
0.696042
0.7046362
0.6526398
0.6672523
0.7396119
0.6749004
0.7089948
0.7232675
0.6853546
0.6822062
0.6356254
0.7240743
0.6828249
0.6763501
0.7160757
0.6880814
0.6466268
0.7337233
0.6836219
0.7488825
0.7400805
0.7282514
0.6843154
0.721085
0.6558139
0.7408769
0.6569577
0.7074748
0.6952655
0.7120803
0.6528669
0.689848
0.6957894
0.6783813
0.6661294
0.7382352
0.6950024
0.7330529
0.6924368
0.6929164
0.6815491
0.7102385
0.6847921
0.6534119
0.7096501
0.7089008
0.6501111
0.6803844
0.6601114
0.6742355
0.7521654
0.6923641
0.6815179
0.6709746
0.7012671
0.7250751
0.6864365
0.7044612
0.7380351
0.724948
0.6753594
0.6931018
0.7354527
0.7076136
0.717895
0.6898059
0.6659114
0.6999427
0.7209843
0.7038663
0.6597161
0.7193363
0.72847
0.6829132
0.6586956
0.6752786
0.6942927
0.7472904
0.67661
0.7320777
0.6957181
0.7057691
0.7082664
0.6502899
0.6722321
0.6767687
0.7414037
0.7141373
0.7232739
0.670341
0.6734627
0.7217662
0.663935
0.697244
0.7143644
0.691809
0.7536861
0.6752613
0.6926982
0.7199004
0.7224727
0.6782962
0.6770731
0.6687227
0.6990902
0.6883116
0.7272245
0.6921689
0.6435152
0.7056141
0.6597977
0.6965526
0.6949458
0.6746606
0.7401561
0.6776492
0.7479173
0.749546
0.6984234
0.7257615
0.7287981
0.6385598
0.7262232
0.6994855
0.6446478
0.6875815
0.6507684
0.6777284
0.6788757
0.6423995
0.6759158
0.7112521
0.6973933
0.7010758
0.7126485
0.6740864
0.6757066
0.759299
0.6564325
0.7000454
0.6940725
0.6956677
0.6822886
0.6588954
0.6840069
0.7253126
0.7189858
0.7092351
0.6760493
0.7146625
0.6996465
0.7075469
0.6861898
0.6988171
0.7131837
0.6350947
0.6608065
0.6524238
0.6804093
0.6514493
0.7112612
0.7601967
0.6783877
0.6414624
0.7232901
0.7303121
0.7525971
0.7080584
0.7106921
0.7232613
0.6564308
0.7273773
0.7126068
0.7108803
0.7599721
0.7215326
0.7136912
0.6728864
0.7190095
0.7263097
0.7034533
0.6444642
0.7199808
0.6713293
0.7135442
0.6814676
0.7017672
0.6676607
0.700043
0.7243566
0.7352468
0.686349
0.6823082
0.6867721
0.714663
0.6813649
0.7249341
0.7071061
0.6982563
0.7020829
0.6862518
0.7215006
0.6665447
0.7212422
0.7137319
0.7124392
0.7258835
0.7220901
0.723394
0.6956839
0.7244586
0.7369702
0.771772
0.7490788
0.7354551
0.7021858
0.7100189
0.6644927
0.6834922
0.6811345
0.6803834
0.6585828
0.6785568
0.741274
0.6759464
0.6624511
0.7203317
0.7189862
0.6589051
0.6958736
0.6776337
0.672123
0.6718073
0.676812
0.6764119
0.710548
0.694191
0.7052877
0.6598569
0.720132
0.6703857
0.713467
0.6539266
0.7058759
0.7310769
0.7393729
0.6774821
0.6490719
0.7416001
0.710681
0.6784364
0.6569009
0.6670536
0.7369789
0.7195145
0.6847018
0.6582661
0.6681092
0.72529
0.7373626
0.7334514
0.6869323
0.6424921
0.6777731
0.6976133
0.692824
0.6410005
0.7205719
0.6989203
0.6693875
0.6658268
0.6752812
0.6505653
0.6928336
0.7028806
0.7109847
0.7403813
0.7139324
0.7193354
0.6892111
0.7250305
0.6737503
0.6393297
0.7154704
0.6711243
0.7080722
0.7131676
0.7111304
0.7395336
0.6920705
0.6741597
0.7396789
0.7407308
0.6897724
0.6625054
0.7600668
0.6864826
0.6536394
0.6597801
0.6547138
0.7048746
0.7384642
0.7060024
0.6590027
0.70041
0.711178
0.6600061
0.6604771
0.686281
0.6811735
0.6643302
0.6505888
0.6916057
0.6509195
0.6620795
0.6958376
0.6863324
0.6591377
0.6461877
0.6850014
0.7375889
0.6871305
0.6749778
0.6713771
0.7680917
0.6828881
0.6986652
0.7117875
0.7334765
0.7374013
0.7058696
0.7018245
0.7030874
0.676563
0.6570615
0.6815901
0.6658666
0.6916372
0.7056052
0.7210796
0.7357013
0.7163405
0.6815281
0.6878565
0.6628625
0.6996326
0.6499841
0.7074627
0.6629486
0.6899614
0.6899033
0.6712343
0.7006716
0.7052277
0.6660746
0.6748813
0.7155706
0.6945503
0.7069664
0.6672654
0.662284
0.6568154
0.687999
0.7313686
0.7085736
0.7206257
0.7204648
0.7452393
0.7157984
0.7248776
0.6643804
0.6885226
0.6676759
0.7209902
0.7125479
0.6973085
0.7041101
0.7435732
0.6926864
0.7565265
0.6689407
0.6965523
0.6645419
0.6838659
0.7202117
0.7338507
0.682167
0.7043946
0.7143148
0.694699
0.6891052
0.7635608
0.6788435
0.6874311
0.7067464
0.7103354
0.638396
0.7087006
0.6800638
0.6701813
0.6885053
0.7368652
0.7086075
0.6952783
0.7115091
0.6761926
0.6475139
0.7359687
0.680368
0.662097
0.6605102
0.6677989
0.7119376
0.6782806
0.682532
0.7085037
0.7099721
0.6567497
0.7092763
0.7103618
0.7492268
0.7274377
0.7126221
0.7192025
0.6711672
0.7027698
0.6940228
0.7194386
0.6773436
0.6949476
0.7132207
0.7890651
0.6678829
0.6863707
0.6789314
0.6911032
0.7221425
0.6728259
0.7171447
0.6784666
0.6852371
0.6778868
0.7249702
0.7130167
0.7650088
0.688352
0.7169225
0.6744089
0.6838165
0.674395
0.723903
0.6902761
0.6683824
0.6829987
0.703283
0.6975123
0.6562787
0.7122903
0.7469189
0.681697
0.7121006
0.6692975
0.7648771
0.6756359
0.7270729
0.6601277
0.6912199
0.7333724
0.6917559
0.6581594
0.6716555
0.6439935
0.7306171
0.6521023
0.7301643
0.7340204
0.7182958
0.7406517
0.6777264
0.7063435
0.6925958
0.6649163
0.65811
0.6770071
0.7046234
0.6893347
0.7077109
0.6786433
0.6559355
0.6825876
0.7162015
0.7475254
0.7133237
0.7299565
0.7369618
0.7065109
0.7300538
0.6975051
0.6594667
0.7057644
0.6393117
0.6695053
0.6318669
0.7268938
0.7784985
0.730513
0.6627012
0.6826913
0.6942519
0.6907378
0.6576454
0.6903887
0.6978768
0.6705072
0.697174
0.730141
0.67237
0.7078718
0.7165515
0.7079365
0.7084585
0.6835105
0.6759918
0.7193287
0.6474202
0.6838431
0.7284986
0.6853167
0.7256445
0.7455986
0.7636113
0.6837358
0.7271437
0.7115326
0.7049262
0.6967007
0.7162239
0.6501842
0.6678635
0.7009623
0.7057552
0.6767607
0.6641971
0.6717755
0.676681
0.7814351
0.7467843
0.6497296
0.691187
0.7272146
0.7182533
0.7252906
0.748886
0.7093086
0.6679848
0.6767912
0.7290551
0.6997269
0.69783
0.7008211
0.7158152
0.6702444
0.6753567
0.7281072
0.6515387
0.6864963
0.693872
0.6766262
0.6909041
0.6762961
0.6980789
0.6713209
0.7193542
0.721676
0.6637689
0.6649138
0.7058948
0.6603232
0.7266248
0.6939068
0.7194374
0.6565349
0.695776
0.6870695
0.6707674
0.6877521
0.6624567
0.6533946
0.7289252
0.672495
0.6959113
0.6924377
0.7727555
0.6691412
0.6671728
0.6751812
0.6684107
0.6951309
0.7277685
0.7339594
0.6522688
0.7216798
0.6584303
0.7394719
0.6709295
0.6947894
0.6769349
0.7320486
0.6864035
0.6958495
0.6803032
0.6702553
0.6197769
0.6758138
0.7241625
0.6680445
0.7068387
0.6904274
0.6811714
0.7079076
0.6803781
0.7050164
0.7476959
0.6531733
0.6886914
0.6923528
0.7301601
0.7039129
0.6764485
0.7111733
0.7179985
0.7469408
0.7174863
0.6951234
0.7165021
0.7125747
0.7447048
0.7136043
0.6902947
0.6879303
0.745315
0.7702197
0.6691938
0.682974
0.7329875
0.7025233
0.7012274
