0.02745739
0.02992474
0.03618382
0.03838286
0.03790557
0.04328607
0.04288295
0.04866732
0.04817949
0.047761
0.04811203
0.04719375
0.0466203
0.04254491
0.05449586
0.05238929
0.06130787
0.06322186
0.0582006
0.06935119
0.06158464
0.05141383
0.05909306
0.05568491
0.05531643
0.05090269
0.04586869
0.04602327
0.04656212
0.04290885
0.04478287
0.04809149
0.04791342
0.04493533
0.04024575
0.04631301
0.04212747
0.04771021
0.05164558
0.04863528
0.04747034
0.04098303
0.03551551
0.03472519
0.0399527
0.04523136
0.04699614
0.04289983
0.03797985
0.03159373
0.03245967
0.03366453
0.03367756
0.02935014
0.03254587
0.04259247
0.03822071
0.03972631
0.04090948
0.03604361
0.03379838
0.03819084
0.03886313
0.03438925
0.03820611
0.03099148
0.02638956
0.02265122
0.02094236
0.02187655
0.0230511
0.02156687
0.01919767
0.01780579
0.01861964
0.01763458
0.0209151
0.02008686
0.02391493
0.02904814
0.03437871
0.03287237
0.04155924
0.03518758
0.03304594
0.04449937
0.04301599
0.04584191
0.04610774
0.04919397
0.04146736
0.04199805
0.03878495
0.04906143
0.05331752
0.05520137
0.04633456
0.04493034
0.03798749
0.03871191
0.04031749
0.03117328
0.02887503
0.02909301
0.03276983
0.0354055
0.03588425
0.03230428
0.02839968
0.0302041
0.03046654
0.03340008
0.03446432
0.03828391
0.04117988
0.03952564
0.03776286
0.03274987
0.03453557
0.03094011
0.03438086
0.03385971
0.02860671
0.02299451
0.02829021
0.02761142
0.02841665
0.03088343
0.03684657
0.0328229
0.03724275
0.0326994
0.03251455
0.03179563
0.04252644
0.04360654
0.04484027
0.05473484
0.05315882
0.04904009
0.05126456
0.05238843
0.05680503
0.0448268
0.04292937
0.04314155
0.05630871
0.04221566
0.04413165
0.03953295
0.03937539
0.0364949
0.03595667
0.03785813
0.03621586
0.03769769
0.03933113
0.0339787
0.03570567
0.03483916
0.03817143
0.04947013
0.04066133
0.04348112
0.03722869
0.04332857
0.03608816
0.03943965
0.03647555
0.04122314
0.03641047
0.03436756
0.03378294
0.03111577
0.03432179
0.0385518
0.03591097
0.03284927
0.03149653
0.03360587
0.03220024
0.02666005
0.03317068
0.03122659
0.03135863
0.02731251
0.02677725
0.02260011
0.01816666
0.02072932
0.01986277
0.01877653
0.01960506
0.01829454
0.01897343
0.02322778
0.02281298
0.02545491
0.02273824
0.02426728
0.02593111
0.02480577
0.02521511
0.02886096
0.03138306
0.03054803
0.02764559
0.03035286
0.03368294
0.03406471
0.03464006
0.03591836
0.03705239
0.036064
0.03498034
0.03841057
0.03516148
0.03367063
0.03088245
0.02702478
0.02371687
0.02364792
0.02415837
0.02833304
0.02987006
0.0215804
0.02374477
0.02293292
0.02343492
0.0219409
0.02422679
0.02616183
0.02521944
0.02975673
0.02833389
0.02768549
0.02830662
0.02485825
0.02191996
0.02258535
0.02253579
0.02154787
0.02133102
0.0216292
0.02432583
0.02645337
0.03258951
0.0348589
0.03394133
0.03332862
0.03446218
0.04030275
0.0422579
0.04406591
0.04747937
0.04918564
0.05937043
0.05811301
0.05147572
0.04101291
0.04259421
0.03673695
0.03872729
0.04340022
0.04259502
0.04330499
0.04629519
0.04417132
0.0432892
0.03513918
0.0325051
0.03594107
0.03284372
0.02997426
0.03108867
0.02804108
0.0285059
0.03141224
0.03116572
0.0293402
0.02984312
0.02621111
0.02982755
0.03088125
0.02629821
0.02617544
0.02530354
0.03007555
0.0290393
0.02781851
0.0257304
0.02458165
0.02789284
0.02985577
0.03085705
0.03235849
0.03215691
0.0293454
0.03189735
0.0298048
0.03309332
0.03264156
0.03726037
0.03436952
0.0316415
0.03081531
0.03013989
0.03684733
0.03046482
0.02501302
0.02233724
0.02260306
0.02334682
0.02645895
0.02686106
0.02659685
0.02268342
0.02600225
0.02229566
0.02314032
0.01966554
0.01786077
0.02217917
0.01902881
0.01607496
0.01578858
0.01490086
0.01714341
0.01768121
0.01692057
0.01593006
0.01886578
0.0188038
0.01722044
0.01539314
0.01451672
0.01203599
0.01302306
0.0141552
0.01502816
0.01131046
0.01029023
0.01129219
0.01109288
0.01480759
0.01548804
0.02049096
0.02148229
0.01932768
0.01743806
0.01898925
0.02073576
0.02135516
0.01896649
0.02152609
0.02385108
0.02348566
0.01808066
0.01785988
0.0181141
0.01657517
0.01978099
0.02012155
0.01883624
0.01855548
0.01941137
0.02061982
0.02220898
0.0231255
0.02556622
0.02534153
0.02226918
0.02093846
0.01811511
0.01988118
0.01564875
0.01329383
0.01579024
0.01712203
0.0149709
0.01506126
0.0143527
0.01393934
0.01452348
0.01930236
0.02637389
0.02509374
0.02585497
0.02657068
0.02662032
0.02901011
0.0326733
0.03006279
0.03473942
0.03586074
0.03432966
0.0328882
0.03061577
0.0324384
0.02787452
0.02697891
0.02452987
0.02680677
0.02728966
0.02869251
0.03155467
0.03057197
0.03416219
0.03464673
0.0307543
0.03096524
0.02869783
0.03016211
0.0355107
0.03590476
0.03692599
0.03325039
0.02866635
0.02662115
0.02218675
0.01813287
0.0177398
0.01959032
0.01908472
0.02031431
0.02044999
0.02002445
0.01924586
0.02023544
0.02300634
0.02486327
0.02456598
0.02245213
0.02417127
0.02182862
0.0237704
0.02450798
0.02579624
0.02663158
0.02857077
0.02875917
0.03053163
0.03741799
0.04079512
0.03899399
0.03707926
0.03516102
0.02518587
0.02876641
0.03224376
0.03257656
0.02916262
0.03391452
0.03372775
0.03302675
0.03705549
0.03379998
0.03286141
0.03256128
0.02733829
0.02520632
0.02821352
0.03050505
0.02911427
0.03371254
0.03652094
0.0397961
0.04703844
0.04457475
0.04229586
0.03721927
0.03677087
0.03172046
0.0278225
0.03156659
0.02787524
0.02702511
0.02475876
0.02519701
0.0301835
0.02946076
0.02540762
0.02727509
0.03144332
0.03604174
0.03199716
0.02999893
0.03239842
0.03118565
0.02904003
0.03052956
0.02998241
0.02934021
0.02779375
0.02973319
0.02827944
0.02340953
0.02193928
0.02120887
0.02001427
0.02315979
0.02305474
0.02444699
0.02302048
0.01949378
0.02220422
0.02165369
0.02265581
0.02395375
0.02296938
0.02432392
0.0233061
0.02398311
0.02238892
0.02507756
0.01851679
0.01626916
0.01812903
0.0165667
0.01466437
0.01587304
0.01773769
0.01595173
0.01799041
0.01868481
0.01457807
0.01437411
0.01746481
0.01634659
0.01331567
0.01244178
0.01205268
0.0105722
0.01121259
0.01384714
0.01437202
0.01296461
0.01363315
0.01328174
0.01184324
0.01123395
0.01227162
0.01195364
0.01196651
0.01143808
0.01221679
0.01206013
0.01218281
0.01240775
0.01327793
0.01316582
0.01060482
0.01295504
0.01373173
0.01383612
0.01281934
0.01428507
0.01523803
0.01428222
0.01544324
0.01790373
0.01941059
0.02013704
0.02324151
0.02066703
0.02166119
0.02124298
0.01651288
0.01293626
0.01322965
0.01242685
0.01354723
0.01318689
0.0160115
0.01477643
0.01489951
0.01879507
0.01793092
0.01672074
0.01681911
0.0155082
0.01548604
0.01757062
0.01472712
0.01478565
0.01599957
0.01896984
0.01868167
0.01671191
0.01637894
0.01769959
0.01714951
0.01839538
0.02029148
0.02195261
0.02023613
0.02042934
0.02268058
0.02356906
0.02324463
0.02480389
0.02075755
0.02284943
0.0238202
0.02343606
0.02379905
0.02499403
0.02961322
0.03270366
0.03430205
0.02740007
0.02384511
0.02142735
0.02072171
0.01988884
0.02251719
0.02351929
0.02214041
0.02438519
0.02322566
0.020682
0.02476322
0.02282568
0.02353977
0.02375638
0.02643465
0.03023003
0.03323153
0.03531148
0.03278534
0.0371381
0.03552984
0.03203107
0.03369838
0.03231373
0.03166671
0.03430578
0.0340303
0.03152719
0.02982881
0.02679536
0.03530244
0.04643596
0.04655268
0.05353663
0.04786259
0.05074386
0.05000877
0.03878071
0.04173986
0.04275859
0.04628386
0.05148771
0.04948029
0.05096542
0.04385266
0.05340217
0.0510187
0.04452161
0.03915459
0.03883315
0.03836026
0.03473861
0.0314712
0.03142803
0.03480836
0.03215125
0.03089118
0.02346705
0.03067681
0.03367959
0.03699445
0.03764027
0.03400823
0.02747532
0.02538816
0.02541553
0.02942881
0.02787131
0.02498281
0.02526882
0.02174806
0.01843518
0.02135129
0.01957898
0.01839953
0.01584754
0.01546882
0.01662018
0.01680627
0.01600327
0.01563723
0.01530006
0.02162825
0.02490841
0.02259565
0.02509079
0.03009518
0.02930723
0.02611935
0.02485495
0.02680649
0.03290736
0.02944193
0.03205195
0.03483706
0.03874368
0.0437261
0.05129928
0.04977373
0.04722431
0.04265535
0.04273058
0.04741395
0.04460344
0.04282291
0.03876404
0.04074069
0.03868183
0.03723503
0.04414642
0.04372416
0.04427419
0.04328702
0.04300707
0.03946995
0.03707756
0.03255599
0.03079594
0.02745552
0.02572092
0.02648834
0.0225544
0.01906271
0.01713759
0.02000518
0.02204784
0.02487537
0.02774891
0.03033962
0.0241302
0.02777057
0.0257486
0.02330668
0.02578619
0.02564067
0.02520447
0.02800494
0.03282413
0.03336469
0.03630815
0.03307591
0.03435297
0.03289233
0.03055406
0.0295446
0.0298248
0.02673036
0.02419594
0.02177995
0.02476932
0.02356427
0.02024626
0.02373079
0.02565429
0.02775441
0.03111766
0.03089788
0.02889633
0.03657785
0.04320441
0.0399981
0.04523997
0.04087976
0.04545811
0.04955053
0.04387605
0.04544974
0.04898283
0.04350256
0.03890991
0.04396792
0.04701498
0.04395511
0.04410814
0.04207233
0.04924645
0.04895381
0.04890496
0.0407353
0.03492655
0.03100573
0.027903
0.03043486
0.02894297
0.02690858
0.02608125
0.0250742
0.0273293
0.02858648
0.02645431
0.02402406
0.02394466
0.02734116
0.0286807
0.0322493
0.03232967
0.02923157
0.02784714
0.02600475
0.02577827
0.02608839
0.03081358
0.02988451
0.03184743
0.03368779
0.02985833
0.02929731
0.03455447
0.03736801
0.03260118
0.02934682
0.03217346
0.02768485
0.03036572
0.02610382
0.02710186
0.02905498
0.03442088
0.03381254
0.02817531
0.02930334
0.03189941
0.03258813
0.029192
0.0262603
0.02347866
0.02138723
0.02243197
0.02618471
0.02742326
0.03686656
0.03516566
0.03176107
0.04053655
0.04670556
0.0483317
0.04801672
0.04248339
0.04371019
0.04445026
0.04656298
0.05594616
0.04783996
0.04485614
0.04112825
0.03483131
0.03530869
0.03650807
0.04640645
0.05051677
0.04211267
0.04030707
0.0396826
0.03420807
0.03260396
0.04092245
0.03670856
0.03367522
0.03198658
0.03510686
0.04034903
0.04878402
0.04833149
0.04109464
0.04429708
0.04633284
0.05378251
0.04532739
0.03425577
0.03571267
0.03567561
0.02995365
0.026962
0.02837006
0.02889543
0.02495661
0.0238574
0.02706242
0.02479778
0.02249765
0.02684426
0.03217185
0.02941953
0.02503465
0.02460757
0.0270527
0.03084154
0.02732002
0.02615961
0.02807382
0.02854476
0.03587435
0.04634277
0.04417719
0.0448926
0.05264274
0.04032353
0.03637538
0.03795152
0.03671384
0.04135257
0.04125635
0.03650188
0.03828125
0.0345198
0.03457379
0.03973795
0.04295254
0.05133112
0.05172322
0.06010782
0.04848044
0.04170375
0.03884865
0.04022189
0.03919381
0.03947572
0.03757844
0.04324839
0.05198089
0.04777127
0.04938621
0.04905675
0.05258855
0.04041703
0.04035651
0.04374341
0.04164511
0.03651178
0.03986306
0.04196405
0.04343895
0.0476346
0.04505265
0.05172051
0.05362352
0.04603015
0.04292391
0.03952383
0.03499411
0.04054503
0.04351756
0.03902636
0.04432167
0.04125719
0.04216373
0.03941536
0.04140799
0.03834452
0.0384154
0.03519625
0.03664884
0.02996352
0.03660523
0.03373371
0.02983015
0.03168053
0.03530054
0.03616198
0.04189634
0.03839353
0.0389319
0.04593595
0.04022934
0.03858607
0.04046305
0.05041124
0.05450892
0.04927332
0.04651735
0.05462116
0.05703275
0.05726726
0.06201933
0.05720009
0.05845429
0.06221698
0.06071158
0.06410953
0.06877999
0.07453175
0.05843307
0.05666009
0.04974761
0.05550808
0.05768158
0.0538999
0.05067101
0.04963906
0.0553665
0.04507247
0.03547344
0.03700205
0.03744623
0.0432013
0.04235412
0.04465283
0.05257934
0.04603056
0.04201729
0.04169702
0.04167185
0.04357438
0.04234982
0.04142078
0.03672776
0.03393724
0.03410206
0.03540111
0.03695131
0.03482217
0.03575695
0.03604075
0.04134054
0.04378074
0.03745845
0.03527649
0.03360111
0.03942308
0.04154239
0.0370141
0.04409711
0.04290322
0.04084986
0.04225661
0.03766962
0.04560857
0.04893595
0.04433451
0.05322231
0.05050596
0.05125683
0.05082903
0.05001526
0.04329839
0.04566824
0.04697044
0.04088266
0.03799906
0.03263896
0.03449513
0.03115444
0.03066634
0.02982323
0.02957917
0.03820869
0.03997753
0.03393491
0.03719956
0.04260899
0.04965714
0.04597702
0.05357541
0.06118183
0.05565417
0.05544295
0.03733584
0.03530928
0.0330216
0.03019496
0.03003175
0.02718182
0.03090907
0.03175474
0.03336462
0.03579347
0.03287997
0.03539544
0.03469008
0.03651004
0.05155351
0.0484639
0.04691823
0.04299338
0.04096837
0.03960907
0.04306481
0.04191757
0.04121353
0.03950591
0.03805431
0.03429569
0.03171874
0.02864204
0.02848155
0.0282912
0.02313112
0.0214409
0.02082121
0.026542
0.02442092
0.02342116
0.02440018
0.02422997
0.01970291
0.01637138
0.01600401
0.01472075
0.01891694
0.01798342
0.02054219
0.02077966
0.02838806
0.02696184
0.03199804
0.03046784
0.02465684
0.0263093
0.0289608
0.02891411
0.026124
0.02193669
0.02103081
0.02089786
0.01994858
0.02419342
0.02613482
0.02312372
0.02250989
0.02500906
0.02972436
0.03250446
0.03404197
0.02929842
0.02996691
0.02687634
0.0280022
0.02730817
0.02267245
0.02326775
0.026787
0.02908997
0.02941338
0.03248231
0.03429994
0.03289105
0.0343445
0.03277648
0.03114725
0.03086755
0.0385885
0.04456298
0.05316654
0.04813051
0.04790153
0.04812915
0.04292731
0.04546238
0.05306747
0.05417464
0.05028126
0.04856608
0.04898369
0.04399401
0.04241882
0.04253467
0.04842988
0.04404956
0.04024546
0.04077022
0.04467511
0.04129413
0.03489998
0.0387712
0.03380765
0.03468085
0.02875813
0.02167824
0.02424884
0.02493447
0.03102587
0.02532336
0.02524896
0.02994154
0.03237097
0.03061899
0.02780107
0.03276616
0.03691738
0.03830967
0.04470342
0.04305963
0.0392626
0.04313586
0.03917782
0.03715147
0.03638812
0.03673862
0.03908492
0.03465472
0.02629817
0.02065166
0.02130516
0.02420898
0.01799115
0.01802137
0.01657275
0.014501
0.01582563
0.0166761
0.01535392
0.0164714
0.01668601
0.02014065
0.02184056
0.02429006
0.02425438
0.02605695
0.02724638
0.0304582
0.02857229
0.02855703
0.0271751
0.02741332
0.02331291
0.02513926
0.02062441
0.02024505
0.02052532
0.01964207
0.02339525
0.02145497
0.02166182
0.02158169
0.02164649
0.02099801
0.01883656
0.01703855
0.0173408
0.01643789
0.01676749
0.01167243
0.01286441
0.01418823
0.01352083
0.01450755
0.01586078
0.01762712
0.02162996
0.02415553
0.02278778
0.02440576
0.02123547
0.02485036
0.02898527
0.02679927
0.02305815
0.0226604
0.02163564
0.02214247
0.02034882
0.02463365
0.02091827
0.02549151
0.02500373
0.02248088
0.02248186
0.02449428
0.02730393
0.02438778
0.02544639
0.02357763
0.02676666
0.02849716
0.02706938
0.02787882
0.02990179
0.03017834
0.02884797
0.02673632
0.02750944
0.02677087
0.02833724
0.02870974
0.02657356
0.02085596
0.01770425
0.01550805
0.0168907
0.01791241
0.01286803
0.01428866
0.01483049
0.01467108
0.01448903
0.01406097
0.01328287
0.01116934
0.01027527
0.01023015
0.01169109
0.01046822
0.009258915
0.009942367
0.008711244
0.009191249
0.009513972
0.008321859
0.008243362
0.008441436
0.008813603
0.009317704
0.01105516
0.01406149
0.01638376
0.01607522
0.01828653
0.01930366
0.02074886
0.02141722
0.02002126
0.01931133
0.01884891
0.01761893
0.01489297
0.0151237
0.01765876
0.01662786
0.01863607
0.02021415
0.0230035
0.02332175
0.02758207
0.02814752
0.03433715
0.03510051
0.03364123
0.03126624
0.03101663
0.02843454
0.03480186
0.03332583
0.03552576
0.03381578
0.03217783
0.03333731
0.03000365
0.03212351
0.03854628
0.03970965
0.04370034
0.03854083
0.04083959
0.04190947
0.03999259
0.03812747
0.03816619
0.04531859
0.05129799
0.05678628
0.05522752
0.05328037
0.06085192
0.05810552
0.05459839
0.0456129
0.04552225
0.04189158
0.04432206
0.04615299
0.04596546
0.04077127
0.03046307
0.03550312
0.03394515
0.03248132
0.02823721
0.03030671
0.02978474
0.03337393
0.03340143
0.0343577
0.03244579
0.03245027
0.0357682
0.02894877
0.02921
0.02803026
0.02842601
0.03274647
0.02855188
0.02691878
0.02707431
0.02646155
0.02769932
0.03004108
0.03020236
0.02705298
0.02637163
0.02656805
0.02498078
0.02406455
0.02487895
0.02573809
0.02281445
0.02324503
0.02200788
0.02388531
0.02112999
0.02160437
0.01860315
0.02125598
0.02418965
0.02491897
0.02253231
0.022763
0.02172812
0.02059407
0.02020429
0.02001925
0.02175422
0.01964464
0.01894861
0.02121557
0.0218264
0.02519499
0.02309762
0.0274303
0.02234446
0.01968131
0.01986263
0.01872163
0.02007734
0.02329906
0.02123864
0.02635501
0.0294771
0.0301834
0.02827152
0.02454072
0.0254409
0.0190773
0.0204452
0.02257017
0.02178583
0.02079969
0.01794103
0.01737895
0.01605026
0.01615829
0.01979483
0.02569561
0.02486498
0.03178292
0.03744897
0.043155
0.04525929
0.03763896
0.04186081
0.04273946
0.04415786
0.04166579
0.04127502
0.0385523
0.04616783
0.04839099
0.04950369
0.04368066
0.04378314
0.05147793
0.04667234
0.04092008
0.0408614
0.03452721
0.02820799
0.02866409
0.02678193
0.02731874
0.02866669
0.02531952
0.02547127
0.02745168
0.02920428
0.02934891
0.03265044
0.03255288
0.03233669
0.03474302
0.0500339
0.05305524
0.04940847
0.05328689
0.06132737
0.05945817
0.05764853
0.05573483
0.06120148
0.04862334
0.04687717
0.04871413
0.03963641
0.04038126
0.04694954
0.04533994
0.04634521
0.03504487
0.03060996
0.02584684
0.02353497
0.02896319
0.02655681
0.03032823
0.03136426
0.03252531
0.03156244
0.03499604
0.02678394
0.02185211
0.02156948
0.02314372
0.02411646
0.02833709
0.02739619
0.02881524
0.03037067
0.02861672
0.02684452
0.03149099
0.03336795
0.03668143
0.02988392
0.03595576
0.03659328
0.0377975
0.04374446
0.05009117
0.0539859
0.06081979
0.06356881
0.07357622
0.05956019
0.05127519
0.05089016
0.04589694
0.05075513
0.04031899
0.03842043
0.04176746
0.04380671
0.04000411
0.03732516
0.03605218
0.0352761
0.03729795
0.03764754
0.03491841
0.03520976
0.0415825
0.04409223
0.04172452
0.03138181
0.03431508
0.03151147
0.02917377
0.02610197
0.02596653
0.0275547
0.02699456
0.02546213
0.02626122
0.02777894
0.02716884
0.03093136
0.03870376
0.03784188
0.0308488
0.03037946
0.02574232
0.02104765
0.02081846
0.02329549
0.02241788
0.02152608
0.02018001
0.01910786
0.02135553
0.01898933
0.02243099
0.02281735
0.02449083
0.02515729
0.02640012
0.02676524
0.02528888
0.02744816
0.02889388
0.03687912
0.03830602
0.04294212
0.04058661
0.04576757
0.03513479
0.03472298
0.0339185
0.03049015
0.03348815
0.03456796
0.03069758
0.03463407
0.0374412
0.03671033
0.03595839
0.04094323
0.03655949
0.03421592
0.03072404
0.03204045
0.03339754
0.02885744
0.02760183
0.02894766
0.03389686
0.03238062
0.03358593
0.03133915
0.03069684
0.0266104
0.02659081
0.02769163
0.02467847
0.02867256
0.02897358
0.02667272
0.02311136
0.01876497
0.01862859
0.01945674
0.01978169
0.01750808
0.01604131
0.01534435
0.01664222
0.02061876
0.02275285
0.0219359
0.02282751
0.02155116
0.02374414
0.02046583
0.02049245
0.02338783
0.02456718
0.02327059
0.02592561
0.02864797
0.03196657
0.03583095
0.03898712
0.0450235
0.04257564
0.0414379
0.03911514
0.03232749
0.03747422
0.03125143
0.02767
0.02886599
0.03084795
0.03670426
0.02993134
0.03413198
0.03197408
0.03098178
0.02995399
0.03489837
0.03343887
0.03705953
0.03526235
0.03404937
0.03295383
0.03322325
0.03718953
0.04552667
0.04792949
0.04262695
0.04599714
0.04237453
0.03533315
0.03199638
0.03385857
0.03505198
0.03654115
0.03489112
0.03360185
0.03260615
0.02925805
0.02907424
0.03131339
0.03341265
0.03608702
0.04421012
0.04595007
0.04112073
0.04242651
0.04358342
0.04498556
0.0466314
0.04447679
0.04311426
0.03412293
0.04509249
0.05108513
0.05319571
0.04675409
0.0510323
0.05025667
0.05537754
0.05060224
0.05075365
0.04692841
0.0528092
0.04729136
0.05062362
0.04581299
0.06205014
0.05088341
0.05376422
0.05305818
0.04517551
0.04356477
0.04942005
0.05594575
0.0551225
0.05196814
0.04264233
0.03902672
0.04213281
0.04257757
0.04598944
0.04970554
0.04841817
0.05073673
0.05594996
0.05442502
0.05192807
0.05185172
0.04891511
0.04486548
0.03533921
0.03585134
0.03053243
0.03009626
0.03485603
0.03695575
0.03875453
0.03970933
0.0369228
0.03753116
0.03818161
0.03949481
0.0399859
0.04439157
0.03872177
0.03979138
0.03622031
0.04031782
0.04368885
0.04618563
0.04559563
0.04802546
0.04310503
0.04533996
0.0429061
0.04101145
0.0394741
0.03836352
0.04444968
0.04774049
0.04851784
0.0530454
0.05610651
0.04822239
0.03759798
0.03899413
0.04085629
0.03539721
0.03252402
0.03268391
0.03296545
0.04257343
0.03907874
0.04587531
0.04494843
0.03614629
0.03533463
0.03247514
0.03813512
0.03620956
0.03898074
0.04292264
0.04181848
0.04349162
0.03652371
0.03423735
0.04073493
0.03752476
0.03403895
0.03118684
0.03255279
0.03657762
0.03281538
0.03007543
0.02811951
0.02535077
0.02737191
0.02579904
0.02500205
0.02057058
0.02716598
0.0247526
0.02347681
0.01752339
0.01755725
0.0195291
0.02179481
0.02197912
0.02275803
0.02275869
0.02385801
0.02530368
0.02331723
0.02463436
0.02538064
0.02302524
0.02341815
0.02407177
0.02695167
0.02450165
0.02160571
0.01864353
0.02214917
0.02149982
0.02468183
0.02191042
0.01810075
0.01723102
0.01778318
0.01831981
0.01844736
0.01772385
0.01777782
0.01916847
0.01985815
0.01603592
0.0144735
0.01288716
0.0118
0.01147487
0.01275747
0.01161382
0.01173378
0.01288528
0.01348765
0.0150219
0.01456025
0.01585674
0.01593924
0.01376898
0.01155215
0.01210527
0.01425708
0.01516305
0.01581189
0.01668338
0.01880356
0.01996142
0.02178291
0.0212414
0.02305596
0.02387626
0.0221665
0.02554794
0.02814744
0.03189282
0.0332937
0.03291619
0.03453277
0.0297497
0.03171856
0.03032924
0.03096723
0.03236139
0.03631727
0.03231712
0.02776063
0.02383614
0.02243585
0.0231549
0.02129097
0.02143167
0.02430431
0.02910624
0.02772972
0.02663335
0.0224944
0.01947338
0.0208033
0.02226179
0.02358408
0.02448196
0.0253858
0.02477636
0.0291877
0.03173806
0.03736868
0.03328052
0.02950995
0.02946109
0.02899009
0.02768736
0.03412066
0.03076931
0.03416906
0.03852036
0.03686989
0.04150064
0.04048921
0.04237677
0.03986517
0.04247672
0.04440897
0.03833297
0.04172779
0.04231233
0.04383304
0.03776576
0.04261867
0.04720437
0.05111233
0.05110893
0.04917315
0.05545941
0.04789464
0.04438298
0.0428749
0.03641437
0.03804143
0.03379223
0.03032587
0.03138809
0.03377522
0.03229579
0.0321557
0.03950283
0.0293118
0.03018303
0.02914879
0.02672362
0.02923951
0.02915042
0.02729799
0.02882317
0.03119048
0.03436314
0.03081418
0.02805303
0.0308192
0.03305079
0.03416528
0.03403721
0.03492922
0.03063364
0.02854829
0.03179038
0.03527023
0.0365296
0.03833605
0.03994965
0.03949213
0.03685406
0.03616728
0.03309866
0.03374227
0.03558376
0.03176284
0.03366456
0.03630412
0.03484175
0.03959671
0.03781609
0.04688945
0.04021564
0.03553799
0.03006781
0.03386946
0.03484404
0.03198647
0.03376481
0.03456498
0.03760856
0.03909088
0.03811624
0.0369925
0.03702272
0.03321589
0.03065592
0.03195318
0.03265467
0.03036157
0.03051538
0.0338128
0.03234246
0.0322058
0.03126014
0.03726779
0.03486762
0.02750219
0.02881023
0.02721172
0.02793083
0.02754288
0.0239737
0.02447582
0.02676196
0.02643599
0.02877324
0.02872059
0.02653267
0.02746723
0.0236413
0.02737277
0.02408633
0.0230365
0.02487584
0.0258093
0.02600557
0.02470952
0.02692353
0.03038897
0.03066843
0.03479282
0.03002496
0.02988592
0.03639528
0.03667657
0.03643911
0.03828113
0.03819443
0.03348328
0.03371496
0.02961477
0.03211421
0.03056048
0.03343343
0.03359138
0.03656811
0.03157536
0.03261929
0.03397437
0.0311564
0.02970284
0.0263732
0.02531043
0.02580353
0.02379256
0.0268961
0.03196839
0.02711445
0.03025446
0.02886341
0.02459039
0.02889372
0.02538986
0.02865625
0.02560391
0.02819264
0.03149345
0.02934889
0.02537477
0.02509534
0.0226682
0.01931182
0.01976707
0.02361768
0.02799742
0.02630738
0.03207163
0.03630024
0.03316099
0.03229127
0.0287002
0.03055962
0.02697555
0.02794881
0.02661082
0.03196393
0.03147074
0.0274487
0.02764942
0.02902214
0.0361491
0.04303103
0.04015889
0.03778286
0.03953546
0.04212426
0.03646069
0.03883766
0.03466483
0.03609599
0.03296472
0.03125354
0.02846025
0.02942823
0.02396469
0.0257035
0.02526376
0.02989316
0.04151094
0.04842405
0.04807608
0.04466231
0.0498254
0.04971262
0.04250567
0.0481584
0.04055006
0.04265782
0.03823766
0.03415842
0.03485743
0.03167016
0.02979263
0.03090335
0.02480169
0.02494101
0.0190047
0.02108773
0.02333653
0.02461663
0.02218214
0.01766637
0.01536889
0.01637453
0.0156926
0.01287925
0.01335967
0.01449902
0.01444661
0.01365234
0.01451199
0.0160279
0.01669603
0.02190507
0.02165307
0.02063385
0.02059532
0.01882608
0.01846238
0.01737722
0.01700904
0.01795273
0.01624953
0.01562994
0.01635176
0.0167567
0.01599976
0.01953673
0.0212396
0.01832373
0.01779075
0.01800976
0.01465172
0.01515911
0.01692724
0.01717479
0.01517886
0.0150526
0.01588221
0.01267043
0.01392687
0.01289179
0.01382774
0.01661841
0.0157597
0.0187236
0.01575413
0.018121
0.0173391
0.01551719
0.01681808
0.01628508
0.02102065
0.0199815
0.02012465
0.01959718
0.01902922
0.01910634
0.02232833
0.02063651
0.0183522
0.02079012
0.02212222
0.02235559
0.023828
0.02347029
0.01731692
0.01793858
0.01644678
0.01466964
0.01489993
0.01486955
0.01555649
0.01390222
0.01386342
0.01296841
0.01454749
0.01591746
0.01778505
0.01901969
0.02152979
0.02169012
0.02252454
0.02169001
0.02130078
0.02365698
0.02318448
0.02100571
0.02224342
0.02209843
0.02471586
0.02929107
0.03091522
0.02634323
0.03170622
0.02884126
0.02711426
0.02207137
0.02043777
0.02178484
0.0215209
0.02379817
0.02076369
0.02425217
0.02060378
0.02430571
0.02819443
0.02764919
0.02772055
0.02418375
0.03036847
0.0314553
0.03173491
0.02796713
0.02642514
0.02128529
0.02418576
0.02788481
0.02206803
0.02446615
0.02660096
0.02619492
0.02692909
0.02756164
0.02858295
0.03111677
0.0239821
0.02293169
0.02264046
0.02261407
0.02151062
0.02647638
0.02783227
0.03105465
0.03079738
0.03111677
0.03192026
0.03172809
0.02780259
0.02636323
0.01914364
0.01870505
0.01657907
0.0190638
0.02147523
0.02156681
0.02734164
0.02858556
0.0297375
0.02740903
0.03160227
0.02874135
0.02732189
0.02739594
0.02543501
0.02568377
0.02267404
0.01792978
0.01988179
0.01961545
0.0195887
0.02087228
0.02591576
0.02514855
0.02154693
0.01645848
0.01507519
0.01369685
0.01375131
0.01385417
0.01620524
0.01274096
0.01059359
0.011177
0.0104624
0.01087694
0.01141922
0.01014851
0.01120618
0.01089443
0.0108326
0.01020919
0.01258085
0.01429629
0.0153531
0.01556998
0.01271226
0.01235808
0.01083611
0.01093625
0.01071547
0.01360465
0.01406502
0.01669471
0.01620273
0.01525758
0.01863982
0.01972665
0.01854252
0.02028366
0.01684136
0.01937388
0.02124682
0.02308068
0.02216569
0.0208518
0.02038271
0.0201948
0.02063384
0.01657323
0.01565593
0.01375742
0.0186074
0.01725127
0.01824644
0.02008018
0.01691774
0.01600797
0.01462414
0.01410533
0.0141849
0.01781283
0.01830188
0.01843131
0.01732233
0.02240292
0.02079492
0.01792978
0.01662305
0.01658244
0.01487709
0.01419899
0.0162721
0.01490665
0.01813407
0.01907489
0.01985055
0.02667077
0.02914169
0.02573124
0.02737603
0.03459896
0.03750301
0.0355286
0.03170741
0.03143732
0.03442545
0.02824686
0.02883141
0.0263068
0.02733208
0.03068932
0.02907921
0.03058322
0.02480498
0.02341675
0.01979165
0.01972204
0.02105168
