0.2593523
0.2569542
0.3310861
0.336926
0.3113179
0.3376699
0.3686555
0.3673024
0.3703218
0.3329823
0.2865428
0.2619354
0.3092501
0.2264308
0.2668317
0.2570281
0.2832996
0.2692813
0.3668314
0.370735
0.3802157
0.357774
0.3720868
0.392863
0.3407977
0.3124182
0.3022963
0.2710587
0.2954845
0.3292177
0.2919864
0.3113577
0.2958838
0.3217324
0.3173742
0.3049672
0.3469681
0.3888302
0.3660278
0.4179351
0.4072091
0.4229731
0.3609069
0.3205749
0.3470537
0.4114627
0.31281
0.3167805
0.3232349
0.3480267
0.3659351
0.3118176
0.3543681
0.3795118
0.384741
0.3850062
0.3449455
0.3800635
0.3197372
0.275625
0.3091437
0.3016912
0.2967562
0.3227881
0.2929872
0.3229969
0.2834001
0.3422317
0.3393623
0.4018785
0.4271531
0.391795
0.3378058
0.3578193
0.3320927
0.36899
0.3410392
0.3575712
0.3396981
0.3178048
0.3443815
0.3292838
0.3682347
0.314713
0.3346371
0.3583619
0.3393829
0.3116876
0.3018458
0.3291845
0.325596
0.3315785
0.3367698
0.3497199
0.3350658
0.402722
0.4005195
0.3651142
0.4189126
0.3654227
0.294742
0.3201641
0.3383423
0.3349475
0.382021
0.3276608
0.3008146
0.2521383
0.2839988
0.3124722
0.3700191
0.3248539
0.3308982
0.3336701
0.4076805
0.3452635
0.3503323
0.3397411
0.3601433
0.3676624
0.3209974
0.3985648
0.3366368
0.3163987
0.2906255
0.3149722
0.2937414
0.3363877
0.3704909
0.3442209
0.3643239
0.3773659
0.3545169
0.3617563
0.4151249
0.3713925
0.3560577
0.3514486
0.3072687
0.3426622
0.296997
0.2757321
0.3009672
0.315996
0.3095094
0.3714113
0.3450551
0.3919514
0.3604708
0.3714711
0.3836729
0.3833135
0.3849046
0.384104
0.3589286
0.3172644
0.3247679
0.289414
0.3206094
0.3099509
0.317291
0.3482182
0.3727583
0.3731921
0.3388114
0.3214302
0.2769014
0.31393
0.3497177
0.3691687
0.4114343
0.3966629
0.343738
0.3067051
0.3165772
0.3138381
0.2540303
0.2475577
0.3099488
0.3145639
0.3121529
0.2825349
0.3232023
0.2989607
0.2986237
0.3009133
0.3336016
0.3820896
0.3504068
0.3166314
0.3336578
0.3383051
0.3352819
0.3680503
0.3409093
0.3416127
0.2997034
0.3409283
0.2660527
0.2900744
0.2955772
0.2984148
0.2899721
0.2988136
0.3223202
0.2867815
0.2962689
0.2636581
0.2449578
0.2610081
0.2200342
0.2433955
0.2758239
0.3421116
0.3089679
0.3530987
0.328583
0.3375231
0.3131027
0.3340588
0.3340931
0.3661939
0.3133004
0.3296288
0.3554657
0.3916222
0.3774318
0.3532929
0.3745341
0.3522941
0.3645817
0.3158277
0.3108924
0.2962244
0.307097
0.29362
0.2755046
0.3615449
0.4541063
0.4271675
0.3332628
0.3371291
0.3361705
0.3783299
0.3215747
0.3426667
0.27034
0.3036137
0.3174295
0.3202538
0.3285383
0.3226323
0.311845
0.3094581
0.3094629
0.3241442
0.3757543
0.3065739
0.3104949
0.3311547
0.3339856
0.330972
0.2968894
0.2873453
0.3134973
0.3028688
0.2825705
0.2981919
0.3276368
0.3395572
0.310906
0.3738184
0.3748467
0.3815117
0.3849071
0.3729777
0.2949379
0.3269733
0.3118534
0.3214707
0.3325019
0.3366376
0.3141018
0.3278525
0.3278068
0.3351329
0.3757877
0.3403232
0.2973183
0.3084133
0.2599435
0.2904956
0.2657406
0.2712893
0.3208887
0.3347332
0.3484705
0.3020577
0.3081307
0.3712323
0.3448527
0.3826327
0.335299
0.3748798
0.32309
0.3459975
0.4329829
0.3851333
0.3850846
0.378418
0.4093211
0.3474973
0.3226806
0.3020381
0.3831053
0.3290912
0.3198744
0.288428
0.301749
0.2946114
0.2667667
0.3084594
0.2829216
0.3268032
0.3166254
0.2727802
0.3289594
0.2990453
0.2868568
0.3056624
0.2919857
0.3055893
0.3117793
0.312603
0.2857079
0.2804145
0.2752427
0.2971346
0.305424
0.3053762
0.3496894
0.3500166
0.3454072
0.3255094
0.3065755
0.3198415
0.2786335
0.2752104
0.3095272
0.2914228
0.2633203
0.2589879
0.2928568
0.3794911
0.3960337
0.3163975
0.3605492
0.3800326
0.426992
0.3730988
0.2994366
0.3206952
0.3548704
0.3239144
0.375338
0.3523112
0.3411884
0.3913626
0.3369683
0.3506086
0.337684
0.3965477
0.3512386
0.3988405
0.4154139
0.4074941
0.3884378
0.373934
0.3195968
0.3187577
0.3081112
0.3201052
0.3159557
0.3334901
0.2854708
0.291906
0.3316691
0.4001344
0.3286109
0.3375414
0.3415994
0.3586273
0.3592102
0.3692532
0.3176403
0.3302485
0.2948945
0.3036056
0.3768359
0.3302099
0.3611419
0.3161249
0.3267251
0.3258442
0.3649617
0.3647679
0.3720044
0.3053684
0.3095152
0.3443339
0.2913998
0.3534347
0.3723882
0.3851919
0.3364768
0.3162319
0.3061721
0.2781536
0.2959113
0.2613668
0.2619065
0.2987301
0.3325445
0.3489918
0.4185437
0.4137707
0.352305
0.3519384
0.3852335
0.3238933
0.3625316
0.361066
0.3380341
0.3957372
0.3439588
0.3126571
0.2775895
0.3024811
0.3142997
0.3417695
0.3524362
0.3417349
0.3208461
0.3363724
0.3376026
0.3479169
0.3166991
0.3002498
0.2953091
0.3235708
0.3110436
0.3160298
0.3148177
0.2765631
0.3097106
0.3044878
0.392467
0.3489568
0.3037536
0.3314083
0.3276963
0.3507584
0.3885157
0.3699964
0.342731
0.3647597
0.3809684
0.3506217
0.3168892
0.309311
0.2999928
0.3065951
0.3583604
0.3345636
0.3439494
0.3489407
0.3371768
0.3754431
0.3588439
0.3079315
0.3244654
0.3131313
0.3118665
0.3282507
0.331789
0.3978103
0.4631108
0.4202611
0.4108994
0.4569708
0.3790232
0.4007265
0.3712842
0.3195009
0.3532376
0.3595441
0.3539454
0.38638
0.3975937
0.4380093
0.4000458
0.3957841
0.3670223
0.3188362
0.3720168
0.3205252
0.2826252
0.3047268
0.3386216
0.3542127
0.3682595
0.3789604
0.3344605
0.2598311
0.2992537
0.3487325
0.3698557
0.3836096
0.3144023
0.3835705
0.3348312
0.3249895
0.2756174
0.3031791
0.3647952
0.3230156
0.3423404
0.3801298
0.3963485
0.3572896
0.3347134
0.2863308
0.2840392
0.3417523
0.3597251
0.3000046
0.2996158
0.2937299
0.2731066
0.3206785
0.3367762
0.3217395
0.342735
0.3190666
0.29488
0.3052796
0.3329745
0.3421341
0.3245444
0.2870361
0.3436082
0.3425982
0.3896962
0.302031
0.2962389
0.3114322
0.2759804
0.294108
0.2946414
0.3268195
0.3080418
0.2707157
0.2677084
0.2743771
0.2741998
0.272413
0.3848095
0.3360466
0.3656984
0.3911322
0.4622463
0.4408155
0.3847866
0.3788352
0.3382748
0.3616276
0.3471578
0.3519494
0.3496413
0.3436577
0.3723479
0.3446021
0.3958346
0.3716597
0.3748664
0.3425664
0.3938961
0.4048127
0.3349463
0.3282288
0.3590812
0.3376712
0.3075523
0.3341002
0.303251
0.2764783
0.3193499
0.2983377
0.3514526
0.4072489
0.3895188
0.3427653
0.3339426
0.3531185
0.2854258
0.3344499
0.3355763
0.3131067
0.4067646
0.3531463
0.3362964
0.3442167
0.3481327
0.3676219
0.4005105
0.3713492
0.36704
0.2976993
0.3516086
0.3761739
0.3644465
0.3172079
0.3114643
0.340695
0.3744931
0.4283104
0.3756098
0.4084598
0.3299425
0.3220702
0.3776151
0.3410223
0.3337751
0.4020321
0.3442953
0.2888442
0.2578108
0.22824
0.2457814
0.2456843
0.2668467
0.3064445
0.3253048
0.3697651
0.3624144
0.3516149
0.3515973
0.3438587
0.3835976
0.3426587
0.3932315
0.3854926
0.3256219
0.3092466
0.3275941
0.3181294
0.3338236
0.3676259
0.3640034
0.3278286
0.3142487
0.3382387
0.3813584
0.4204618
0.4244306
0.3636056
0.3102019
0.3299932
0.3425534
0.4090709
0.4099111
0.3750729
0.3540068
0.3562989
0.3324859
0.3151352
0.3534405
0.3607572
0.3631689
0.3359718
0.3299161
0.2534616
0.2725876
0.2493551
0.281812
0.3500647
0.3119162
0.32084
0.3650811
0.3567541
0.3654128
0.3612194
0.3610312
0.3830157
0.3777156
0.3597674
0.3198205
0.3371761
0.3740858
0.3843729
0.3048997
0.3489404
0.3358597
0.350347
0.3240288
0.331191
0.322428
0.3369208
0.3591959
0.4127168
0.2859796
0.2972518
0.3318586
0.3235879
0.2938203
0.3081264
0.3077648
0.2419998
0.2185897
0.2760871
0.3174745
0.2921006
0.3106854
0.3345039
0.2850611
0.3056835
0.3080324
0.2994704
0.3276768
0.3287648
0.3221718
0.390775
0.3701255
0.3411508
0.320216
0.3582668
0.3355801
0.3655833
0.3695741
0.3263297
0.2992188
0.3218399
0.3340703
0.3522184
0.3045501
0.3419618
0.3821228
0.3844849
0.3419495
0.3075259
0.3573272
0.3743379
0.3669779
0.3162323
0.282936
0.2934235
0.3233654
0.3183134
0.3468311
0.3593764
0.4017166
0.403823
0.3503696
0.3611696
0.3780423
0.3692197
0.398714
0.3228275
0.3357832
0.2986987
0.3366102
0.3704237
0.3833708
0.3999236
0.3394932
0.3073328
0.2939314
0.3423224
0.3228129
0.3837792
0.3612649
0.3364695
0.3333339
0.3379065
0.3741382
0.3482653
0.3284815
0.3005898
0.3305083
0.3522317
0.3039187
0.2747502
0.2885239
0.3140876
0.3292751
0.307695
0.3021432
0.3219648
0.3496925
0.304515
0.2812219
0.3106711
0.2552151
0.2828477
0.2838502
0.3343495
0.3533953
0.3380794
0.3171594
0.347421
0.3568802
0.3717025
0.3696958
0.3830083
0.3053882
0.3662058
0.3570344
0.3253265
0.341064
0.321077
0.3495617
0.3000323
0.276415
0.3163468
0.3296452
0.3280296
0.3335255
0.3670964
0.3498747
0.3952919
0.4333411
0.3621276
0.3588316
0.4306921
0.3438661
0.3432146
0.3063919
0.3160517
0.3500577
0.3130513
0.3556228
0.3881809
0.3625138
0.3732621
0.3135613
0.4096541
0.431184
0.4069977
0.3556358
0.3518193
0.3148923
0.4039434
0.3867262
0.4030186
0.3655537
0.3342029
0.3213384
0.2782271
0.2653426
0.3430426
0.3521127
0.3698425
0.3304922
0.2861624
0.2947039
0.2675662
0.2682457
0.2825301
0.3022062
0.2704283
0.2673027
0.3341671
0.3500486
0.3315717
0.3408215
0.3717092
0.3913924
0.301632
0.2764063
0.2751712
0.2610973
0.2951635
0.2724748
0.3019591
0.3250213
0.2918239
0.2829543
0.2877618
0.3300036
0.3206202
0.3200348
0.2868385
0.2876901
0.2641467
0.2818076
0.2996837
0.3297904
0.3399919
0.3654393
0.3558702
0.3457171
0.3694893
0.3327955
0.3523087
0.3344509
0.3105501
0.3052959
0.3337856
0.3288371
0.3924917
0.4073022
0.3902369
0.3898363
0.3370902
0.3169766
0.3440837
0.3109255
0.3069455
0.2897835
0.2664721
0.2931634
0.3131127
0.3476982
0.3240411
0.3087101
0.2952026
0.3181593
0.3443665
0.3708956
0.3917692
0.3647719
0.3311316
0.3672612
0.3808254
0.4105118
0.4045137
0.3636713
0.3522264
0.3148649
0.3622535
0.3559683
0.3503203
0.3787667
0.3848834
0.3382522
0.3254414
0.2783588
0.293453
0.2848414
0.2671189
0.2948718
0.3563204
0.3955137
0.4019991
0.3747081
0.3118857
0.3189729
0.3320128
0.373303
0.3845434
0.4256703
0.3787638
0.3817585
0.4006311
0.4106093
0.3813548
0.3514703
0.3476177
0.324486
0.340982
0.358014
0.4065922
0.3381311
0.3754615
0.3418999
0.2913025
0.3045224
0.2605225
0.2953031
0.320498
0.3440013
0.3515944
0.2674875
0.2670162
0.2899914
0.3121412
0.2932565
0.3485642
0.3650855
0.3629588
0.3612556
0.3466057
0.3337844
0.4282976
0.397312
0.3817233
0.3632987
0.3616734
0.3431211
0.2758973
0.3060738
0.3228087
0.3006729
0.332705
0.4337782
0.3638338
0.3583852
0.3624042
0.3588577
0.3951444
0.4590355
0.4485283
0.364319
0.3329832
0.3427954
0.3410036
0.351573
0.347843
0.3022784
0.3130437
0.3103551
0.291728
0.290457
0.3188192
0.2872977
0.3042728
0.2875078
0.2975036
0.3194473
0.3306422
0.3057137
0.2671516
0.3053285
0.3570061
0.3682517
0.3722939
0.3965288
0.4439419
0.4255141
0.4000003
0.377579
0.3481907
0.339359
0.3577797
0.3250928
0.3810874
0.3845959
0.3596224
0.3597223
0.3700259
0.372551
0.3972377
0.3465555
0.3417821
0.37275
0.3949841
0.3504829
0.3359229
0.3238785
0.2849238
0.3499399
0.3343389
0.3335187
0.2357566
0.2620754
0.2853599
0.2608467
0.2983455
0.3112137
0.3095841
0.2788247
0.2419454
0.2483849
0.2707817
0.33275
0.3778025
0.3836579
0.3788886
0.3374556
0.3130021
0.3307316
0.3239627
0.3304477
0.3605947
0.2841258
0.2479639
0.2814554
0.2908291
0.3398816
0.2981537
0.2732729
0.2653313
0.2902068
0.2726261
0.271797
0.2780636
0.2492006
0.2509782
0.2747928
0.2742923
0.266093
0.3648538
0.3574001
0.3359187
0.3280224
0.2927582
0.3122077
0.3299304
0.3659676
0.4049705
0.3597762
0.3469204
0.3157538
0.3243799
0.3272653
0.3925341
0.3622781
0.3705847
0.3788388
0.3641335
0.3371659
0.2652891
0.2783263
0.2703062
0.2606325
0.3208753
0.3154814
0.3794557
0.4249057
0.3922482
0.3803124
0.3894807
0.3025295
0.2941042
0.3168613
0.3283833
0.3645756
0.3351746
0.3281763
0.3960097
0.3719259
0.3573045
0.3202999
0.3563405
0.3449364
0.3074471
0.3070381
0.2662308
0.3102145
0.3080249
0.3319745
0.4064319
0.3788426
0.3483364
0.3528664
0.4344689
0.3949381
0.4334024
0.3340014
0.2766335
0.303674
0.2955814
0.2901225
0.3070704
0.3046003
0.3078106
0.3131401
0.3620715
0.3429212
0.3164805
0.2944626
0.3078306
0.3644921
0.3800915
0.3721362
0.3176504
0.3012488
0.3459199
0.3144159
0.2832003
0.2954909
0.2799745
0.3102944
0.3324519
0.4002186
0.368192
0.3906745
0.4147445
0.3765801
0.4594047
0.4365324
0.3701567
0.375157
0.3754536
0.3505881
0.3187604
0.3322543
0.3018201
0.2866717
0.3258589
0.3332452
0.3823902
0.4022561
0.317298
0.328463
0.3697259
0.3584342
0.3526899
0.3409017
0.3376257
0.3143606
0.3231336
0.2954108
0.2993515
0.3448186
0.3429614
0.3800307
0.3610219
0.3473401
0.3433541
0.3298395
0.2826277
0.2993476
0.2919528
0.3641894
0.3546871
0.4128277
0.3358321
0.3636451
0.3497204
0.3525048
0.3574119
0.30681
0.3245289
0.3344284
0.3230074
0.3011385
0.2494551
0.2626795
0.2880873
0.2824921
0.2421289
0.2751411
0.2972026
0.3332048
0.3818132
0.3683735
0.4041665
0.3790784
0.3729671
0.3705747
0.3656242
0.3429879
0.3192297
0.3149424
0.279453
0.3588752
0.4061832
0.3606534
0.2834238
0.3423979
0.2838295
0.292273
0.3150153
0.2936183
0.3132509
0.2984376
0.2943417
0.2869577
0.3311672
0.3201398
0.3008185
0.2826227
0.2395195
0.2511938
0.2808397
0.2660008
0.3321147
0.342637
0.3107172
0.3244559
0.2927338
0.3014785
0.3192196
0.3215063
0.3180071
0.314627
0.3369322
0.3528715
0.3478204
0.3180643
0.2730645
0.3188239
0.3432835
0.3288077
0.3124564
0.3233869
0.365108
0.4194513
0.4058641
0.3608124
0.3345189
0.3150556
0.3468734
0.3353737
0.3278023
0.2756932
0.2889338
0.2871696
0.2749469
0.3242307
0.3078354
0.2739895
0.2847603
0.2886942
0.3152744
0.321527
0.3465891
0.3932098
0.3437556
0.3402979
0.35249
0.3243185
0.3099499
0.3290294
0.3244421
0.3031349
0.3020243
0.2882744
0.3113995
0.3340624
0.3019528
0.2867875
0.303074
0.2881583
0.3119421
0.2663917
0.2529943
0.2794605
0.2892405
0.2546169
0.2570517
0.2498176
0.2332597
0.2910094
0.3077589
0.2948254
0.2892363
0.3407626
0.3252309
0.3516552
0.3014147
0.2909338
0.3199435
0.2740267
0.2774264
0.3245054
0.3318955
0.2892061
0.2759493
0.262969
0.2672152
0.2627734
0.2816163
0.2983257
0.3583045
0.3313298
0.396994
0.4712914
0.3767441
0.3353296
0.3517975
0.3253671
0.2856493
0.2775801
0.3201145
0.3372894
0.3601145
0.354695
0.3335189
0.3138289
0.3234886
0.3166209
0.3157616
0.3003072
0.3454111
0.3420339
0.3445102
0.3254037
0.3130968
0.3449844
0.3054821
0.340404
0.2533023
0.251221
0.2599132
0.3190937
0.3503161
0.317469
0.3136914
0.3294055
0.3152763
0.2854831
0.3524424
0.3210963
0.2844621
0.2785816
0.3021674
0.3324774
0.337011
0.3322117
0.3472517
0.3565478
0.3468025
0.3568594
0.3082828
0.3513581
0.3653079
0.3739383
0.3203272
0.288241
0.2990557
0.3361741
0.3930522
0.3258739
0.3572009
0.3095735
0.3002413
0.2846936
0.257083
0.2522191
0.2344472
0.2895209
0.2833548
0.35028
0.3815258
0.4021181
0.3652453
0.3278533
0.3143398
0.3281608
0.324499
0.3151392
0.3461527
0.3712304
0.3969611
0.3284673
0.2726009
0.257783
0.291751
0.3627042
0.3749936
0.3528904
0.3776292
0.3324335
0.3249658
0.32181
0.3071091
0.3083594
0.3406104
0.3305761
0.3635718
0.3729933
0.31721
0.2881221
0.3447621
0.3134993
0.3590824
0.3321559
0.3491727
0.325528
0.3478734
0.2980286
0.3134374
0.3517366
0.3954476
0.3777346
0.3283759
0.322991
0.3000732
0.2929543
0.284074
0.3102976
0.3138343
0.2783242
0.3084582
0.3199335
0.4081162
0.3640667
0.3171558
0.3640235
0.3646433
0.3172665
0.3278501
0.3044291
0.2731751
0.2967332
0.3167287
0.3626831
0.3148799
0.3243437
0.3458665
0.3166839
0.3224673
0.3723561
0.3536647
0.3444744
0.3383422
0.3470079
0.2948787
0.3239127
0.3492876
0.3227298
0.318979
0.2984721
0.2957069
0.2638304
0.2816045
0.3138829
0.3395275
0.32006
0.314483
0.3163277
0.3393102
0.3407612
0.3527196
0.3592303
0.3547005
0.3718562
0.3822413
0.3549832
0.3404879
0.3029222
0.3452583
0.3663674
0.2670163
0.2786382
0.290848
0.2659218
0.3390138
0.3206138
0.3362904
0.3298035
0.3707939
0.3262384
0.2914335
0.3420878
0.3236181
0.3421127
0.3555189
0.346642
0.3695163
0.3733673
0.3684893
0.3278374
0.3253054
0.3148606
0.3092231
0.3161671
0.3333057
0.3214258
0.2918365
0.303893
0.3045986
0.2690784
0.2446583
0.3067731
0.3123616
0.2947077
0.3031355
0.342326
0.3431558
0.3521978
0.4234996
0.4151485
0.3379228
0.3208177
0.3376355
0.3631427
0.314232
0.3269527
0.3081824
0.3062153
0.3108252
0.2839892
0.2972103
0.2864463
0.3173618
0.3157105
0.3200817
0.3328476
0.2898536
0.2805929
0.2655036
0.2908656
0.2931113
0.3059228
0.3106004
0.3442547
0.3194773
0.313591
0.3518734
0.326499
0.3359561
0.3270939
0.3141268
0.321698
0.2875713
0.2531649
0.2746706
0.2732513
0.2851896
0.3096765
0.3027986
0.3739634
0.3088392
0.2974543
0.3102042
0.2909931
0.2647565
0.3062795
0.3148738
0.3712201
0.3641747
0.3248193
0.3471644
0.3736206
0.3184498
0.2876036
0.2967262
0.3084504
0.3229781
0.3127847
0.3586656
0.3260234
0.3599034
0.3695969
0.3423513
0.3281653
0.2984278
0.3419782
0.3304979
0.3541639
0.3443839
0.2977104
0.3234019
0.3304801
0.3049082
0.3576353
0.4036884
0.4046467
0.3795846
0.3746902
0.3421417
0.3209754
0.326298
0.3038887
0.3369381
0.3547443
0.3247537
0.343942
0.4163251
0.3737622
0.3493532
0.3321361
0.2955063
0.3568687
0.3400995
0.3202073
0.2918613
0.3006811
0.3300498
0.2791751
0.2864907
0.3431196
0.339151
0.3237411
0.2623229
0.2860701
0.2908011
0.3264521
0.3696331
0.3071533
0.3073036
0.304457
0.3104971
0.3059386
0.336144
0.3305288
0.2778313
0.2939251
0.3365261
0.3272043
0.3685681
0.3315795
0.3653528
0.4114583
0.3915113
0.3872741
0.3751082
0.3396234
0.4060314
0.3206398
0.3714592
0.3708902
0.3224872
0.3136164
0.3120567
0.3220872
0.283764
0.3438881
0.3167059
0.248543
0.2811898
0.2902563
0.334738
0.3198942
0.2917526
0.3324059
0.3649797
0.3125625
0.3195725
0.3182649
0.3088311
0.2931576
0.3218282
0.2662049
0.3127195
0.3049073
0.3058969
0.252376
0.2798051
0.3065758
0.3680945
0.3550956
0.365758
0.2972518
0.2658143
0.2469793
0.3100687
0.3265286
0.3852394
0.327685
0.371455
0.3925985
0.3977778
0.4054603
0.3467449
0.3286211
0.3189951
0.3597236
0.3453259
0.3630934
0.3094213
0.3498423
0.3185248
0.3319647
0.3349104
0.3413454
0.2872588
0.3114806
0.2592381
0.3229376
0.3190908
0.2723879
0.2628113
0.2726175
0.3177168
0.3340802
0.2963078
0.3654522
0.320176
0.3460596
0.2889909
0.2869135
0.2991718
0.3461679
0.3464178
0.3255821
0.3247838
0.2879827
0.2954478
0.3345946
0.2758132
0.2827567
0.3047901
0.3541292
0.3183742
0.3148611
0.2991043
0.364754
0.3126997
0.3374085
0.32444
0.3910546
0.3895261
0.3791897
0.4518664
0.3846194
0.4187947
0.42159
0.4764543
0.3920152
0.3476802
0.3658784
0.3868392
0.2997607
0.3074852
0.3310959
0.3344276
0.3572289
0.3542493
0.3361321
0.3332035
0.3100274
0.3510667
0.2955602
0.312471
0.3798235
0.352331
0.3381612
0.3082961
0.3139859
0.3314115
0.3569844
0.2932804
0.2621495
0.288197
0.3125075
0.2892457
0.2434117
0.2603054
0.2915553
0.326788
0.3776082
0.369566
0.2976079
0.3290042
0.2918228
0.2888591
0.2768787
0.3058709
0.3086251
0.2755844
0.2890737
0.3033919
0.273824
0.2923108
0.3276795
0.3258322
0.3418243
0.3194704
0.3401964
0.3148567
0.3201655
0.3115685
0.3080897
0.283535
0.2956484
0.3185447
0.3510239
0.336039
0.3654382
0.338376
0.3209892
0.3680599
0.3559849
0.3391132
0.348192
0.2794318
0.2653407
0.2827786
0.3075335
0.3082097
0.3008715
0.3148151
0.3319393
0.3332721
0.3675363
0.3743848
0.3888204
0.3293636
0.365722
0.3140882
0.2622361
0.2627978
0.2397078
0.2835683
0.2985738
0.3636775
0.3375827
0.3637624
0.2917978
0.2885173
0.3179048
0.3093029
0.3444022
0.3284889
0.3562064
0.3662419
0.304205
0.3386618
0.3104924
0.3353408
0.325874
0.3415326
0.3627206
0.3234264
0.3710531
0.3337705
0.3504455
0.3316354
0.3257225
0.2794605
0.3100437
0.2860755
0.282613
0.2625414
0.281867
0.2446787
0.2635264
0.2810729
0.269623
0.2960429
0.2759835
0.3292256
0.3898273
0.3521192
0.3081707
0.3141787
0.2855323
0.2982166
0.3309728
0.2878818
0.2678368
0.3190249
0.3494627
0.3746053
0.4101403
0.3923884
0.3501454
0.3253764
0.290526
0.2666887
0.2773735
0.3024748
0.3175278
0.2950202
0.267853
0.2507347
0.2560858
0.3164103
0.3180546
0.331928
0.2900294
0.3048389
0.2883765
0.3682625
0.3323733
0.3024669
0.3343565
0.26717
0.3127255
0.271227
0.2824126
0.2684112
0.2721156
0.264412
0.3030031
0.2778988
0.3032091
0.2826981
0.2889597
0.3012333
0.2973288
0.3559718
0.3323183
0.3809708
0.3723273
0.3089572
0.3500955
0.3691741
0.3481095
0.3258076
0.3176215
0.3006252
0.3715229
0.3408591
0.3897461
0.357372
0.3218681
0.3414868
0.3092136
0.3408741
0.3033656
0.3383511
0.3218919
0.2803199
0.2925799
0.3280221
0.3372332
0.3502058
0.334419
0.3207155
0.327688
0.2637396
0.2798018
0.2907249
0.3156982
0.3136924
0.3267541
0.3828308
0.3209288
0.3116933
0.3938424
0.3182347
0.3706886
0.3418013
0.3468567
0.3195162
0.3163664
0.3213977
0.3757651
0.3457735
0.3325194
0.3595714
0.356443
0.3314674
0.3074811
0.2963888
0.3192831
0.3242847
0.3339976
0.2901
0.2779129
0.2971339
0.3465124
0.3951499
0.3211729
0.3030947
0.3334341
0.2996085
0.3371116
0.3135256
0.3367147
0.3488096
0.350917
0.3332806
0.3308858
0.3655836
0.4023307
0.4489243
0.4165678
0.3799589
0.3845772
0.3692304
0.3540651
0.341065
0.3455168
0.3185222
0.3420224
0.3815705
0.3831615
0.3770883
0.3894147
0.3448077
0.3953039
0.3540833
0.3532425
0.3747518
0.3644541
0.3461487
0.3919704
0.3545907
0.2765443
0.3022581
0.2659416
0.2952271
0.3318199
0.3991944
0.3777283
0.3579523
0.3055144
0.277247
0.2739214
0.3189501
0.3568931
0.3393149
0.294241
0.2996569
0.3489988
0.2965091
0.3001303
0.3046756
0.3193624
0.3209176
0.3678736
0.357693
0.3686641
0.3954107
0.3684382
0.3488846
0.3404012
0.3569567
0.2669631
0.2823317
0.3357678
0.3299234
0.3348791
0.3477607
0.3204013
0.3638098
0.3906441
0.4000643
0.3299515
0.2805342
0.2767779
0.2933164
0.2933037
0.2966441
0.2822293
0.3051406
0.3289323
0.2945847
0.3049846
0.2888761
0.316769
0.3423552
0.3228791
0.2931862
0.3399455
0.3299503
0.3393295
0.3640084
0.3373051
0.3204699
0.3444214
0.3390328
0.3109087
0.3338031
0.32088
0.3320308
0.2736163
0.2748942
0.2869592
0.2625679
0.3117378
0.3105369
0.3660407
0.3208643
0.2658233
0.3433314
0.3321659
0.3164119
0.3160148
0.3159182
0.326909
0.3072418
0.2723321
0.3137248
0.2657617
0.3392093
0.3669004
0.375354
0.3378276
0.3618846
0.3485717
0.3235113
0.3209657
0.3086425
0.3057818
0.2999042
0.2878632
0.2514402
0.2561812
0.297935
0.2845367
0.2726199
0.2943424
0.2931278
0.3092542
0.2868003
0.2361535
0.2457518
0.2525334
0.3156949
0.3026549
0.3005058
0.370065
0.3605717
0.3126029
0.3133724
0.3228839
0.3318913
0.3157642
0.3092535
0.3849065
0.3381301
0.3383077
0.4079989
0.3049024
0.3320736
0.3327776
0.3655699
0.3961981
0.3336502
0.3509347
0.3292649
0.403286
0.3865502
0.3868781
0.3396536
0.3155
0.344194
0.3815956
0.3668453
0.3983951
0.4352729
0.4052822
0.3834696
0.326801
0.3348132
0.3078073
0.31383
0.3198231
0.276696
0.2781721
0.2915123
0.2620517
0.2864132
0.2778687
0.2546751
0.2715122
0.3004953
0.3237522
0.3391342
0.3527028
0.321858
0.3902735
0.3042125
0.284585
0.3236081
0.3646781
0.3148295
0.3205386
0.2950218
0.2539453
0.2286126
0.3098862
0.3274762
0.3438022
0.3992184
0.3584279
0.3671386
0.3336504
0.3275377
0.3136629
0.3444434
0.3390789
0.3711891
0.3649785
0.2759134
0.3505891
0.3366304
0.3643031
0.3466319
0.3442956
0.3436923
0.3012954
0.3140734
0.3495206
0.3561038
0.3865001
0.3680854
0.3467653
0.3056649
0.3228948
0.3272553
0.3060157
0.3007125
0.3483669
0.2914274
0.2785242
0.2584919
0.2931393
0.3115691
0.329713
0.2859366
0.2868468
0.3026993
0.2739934
0.2945343
0.275003
0.3037753
0.3202449
0.3116002
0.3163078
0.2902333
0.2415032
0.2404698
0.23163
0.2651282
0.2979895
0.3220676
0.3353482
0.3305582
0.339467
0.3151932
0.3059116
0.2941519
0.257332
0.2227615
0.2214858
0.2318813
0.2717176
0.2678639
0.3082842
0.3328637
0.2896232
0.3593839
0.3419779
0.3124869
0.318152
0.332838
0.2917673
0.2625183
0.292429
0.2998558
0.3064049
0.2975861
0.314184
0.2909727
0.2983179
0.3435104
0.3502492
0.361279
0.3705588
0.4428596
0.4045795
0.3656591
0.2947227
0.2818517
0.272834
0.3127054
0.321898
0.3458492
0.3846139
0.3525795
0.3385649
0.3065998
0.2952624
0.2629839
0.2870241
0.3316033
0.3610039
0.3680705
0.3816901
0.337614
0.4047428
0.3682261
0.3420964
0.2821147
0.3023382
0.3456401
0.3432738
0.4019952
0.3442175
0.3360771
0.3754261
0.32829
0.3385954
0.3272713
0.3369058
0.3578399
0.3812926
0.3734212
0.3035489
0.3286622
0.2808694
0.3480027
0.319867
0.3695999
0.3326856
0.2998698
0.3016989
0.3187099
0.3373304
0.3658344
0.3102758
0.2832801
0.2931613
0.319669
0.3146372
0.3008941
0.2730737
0.2799414
0.3101198
0.3195995
0.3501375
0.4166621
