1.389377
1.387534
1.390765
1.385535
1.385652
1.33058
1.329961
1.344704
1.412783
1.406974
1.361819
1.356048
1.401314
1.380964
1.390026
1.380545
1.357348
1.430643
1.463827
1.415424
1.325496
1.338447
1.393331
1.349686
1.360795
1.393263
1.339489
1.348789
1.412856
1.388615
1.395763
1.357572
1.390291
1.387711
1.324553
1.384435
1.367945
1.365945
1.401412
1.474485
1.373704
1.367936
1.375059
1.384479
1.364183
1.359303
1.40682
1.399308
1.370021
1.310286
1.36588
1.369272
1.433044
1.419468
1.336221
1.429011
1.406053
1.35635
1.408419
1.402794
1.32724
1.369816
1.295237
1.339394
1.378069
1.401856
1.35877
1.38915
1.409515
1.39711
1.374629
1.370404
1.444387
1.343687
1.342738
1.425673
1.360577
1.417483
1.392334
1.388556
1.397685
1.402269
1.391638
1.362645
1.368528
1.394973
1.38124
1.36974
1.367769
1.368272
1.322703
1.371245
1.347663
1.392932
1.393096
1.376356
1.384248
1.346543
1.390839
1.369156
1.39855
1.365329
1.358225
1.375465
1.379169
1.451329
1.399108
1.434308
1.398757
1.361586
1.348557
1.355648
1.431077
1.433611
1.398974
1.365827
1.362568
1.380372
1.41229
1.336981
1.362999
1.41546
1.414152
1.37893
1.332845
1.369717
1.392496
1.413562
1.380657
1.340227
1.382059
1.449615
1.403526
1.355152
1.358513
1.365099
1.406571
1.385784
1.40034
1.341054
1.388778
1.356646
1.401003
1.386535
1.37864
1.381072
1.425071
1.348682
1.397892
1.39523
1.440104
1.404287
1.430818
1.408358
1.398614
1.383613
1.386508
1.359682
1.427475
1.37301
1.330629
1.357724
1.351971
1.369577
1.364168
1.367968
1.37376
1.40825
1.365904
1.335168
1.397527
1.36079
1.384732
1.405727
1.411846
1.373877
1.419142
1.339078
1.4248
1.360705
1.38371
1.406301
1.351315
1.370997
1.328553
1.362515
1.384223
1.388619
1.387568
1.423158
1.343348
1.300352
1.398303
1.386653
1.41726
1.327824
1.393767
1.400039
1.38942
1.394278
1.365028
1.37554
1.375533
1.376565
1.388474
1.355689
1.373311
1.387901
1.346461
1.393165
1.35422
1.398086
1.389064
1.383926
1.334713
1.360791
1.368768
1.400803
1.376942
1.366596
1.41815
1.374157
1.382667
1.391822
1.416451
1.313398
1.391721
1.393686
1.31881
1.312145
1.37724
1.400219
1.441198
1.370274
1.374336
1.389079
1.352422
1.382726
1.368068
1.325516
1.337808
1.341453
1.358884
1.370075
1.450023
1.419961
1.407593
1.401666
1.376935
1.366602
1.368616
1.375798
1.347636
1.40348
1.381239
1.356616
1.375264
1.373218
1.390629
1.35055
1.325693
1.369036
1.36556
1.373414
1.377696
1.419735
1.355182
1.344939
1.378077
1.345755
1.376801
1.319593
1.368546
1.322855
1.363924
1.374744
1.435205
1.361478
1.317839
1.370548
1.383133
1.367581
1.353524
1.395167
1.467438
1.350786
1.377937
1.367117
1.331383
1.403738
1.391945
1.368437
1.349675
1.378357
1.330592
1.38618
1.377047
1.401521
1.42367
1.385623
1.412883
1.380732
1.438227
1.357531
1.386559
1.361645
1.372316
1.39994
1.389644
1.40303
1.450111
1.371036
1.437877
1.382104
1.370079
1.380543
1.379154
1.394098
1.359197
1.344925
1.334511
1.373574
1.391086
1.384142
1.383286
1.397482
1.435896
1.397049
1.396419
1.376894
1.40669
1.42264
1.387487
1.370554
1.339672
1.380644
1.338718
1.37371
1.422558
1.388232
1.403873
1.396197
1.40341
1.371955
1.395087
1.380647
1.370638
1.387527
1.40782
1.378156
1.333749
1.365779
1.365167
1.331889
1.374298
1.354975
1.35382
1.334636
1.382536
1.33084
1.385359
1.373038
1.364828
1.336959
1.352719
1.362961
1.345437
1.345935
1.320756
1.36591
1.417367
1.372281
1.392243
1.378588
1.376286
1.407801
1.321745
1.369632
1.364367
1.342615
1.392964
1.421217
1.351222
1.37932
1.37915
1.377263
1.380119
1.372519
1.334315
1.370103
1.392822
1.390021
1.393023
1.355965
1.322155
1.392162
1.378537
1.390868
1.341461
1.359419
1.34255
1.321898
1.389377
1.423391
1.322524
1.402282
1.386876
1.397608
1.341433
1.363257
1.382443
1.39055
1.379958
1.390014
1.344867
1.376203
1.335166
1.350592
1.320899
1.430902
1.418188
1.330013
1.336272
1.457676
1.39913
1.369512
1.37498
1.39868
1.390298
1.446401
1.400897
1.398049
1.398072
1.37128
1.400351
1.374842
1.341272
1.409349
1.415311
1.374356
1.375247
1.372894
1.408576
1.41477
1.363057
1.39855
1.3228
1.396312
1.415958
1.352357
1.384938
1.466907
1.355242
1.398652
1.36076
1.393668
1.409912
1.370184
1.393235
1.34315
1.375678
1.345348
1.381087
1.367023
1.379011
1.402892
1.35292
1.351713
1.383007
1.388354
1.442148
1.402792
1.367849
1.402249
1.377944
1.376667
1.355703
1.350895
1.372121
1.45691
1.367779
1.354615
1.370953
1.412479
1.350209
1.353702
1.342235
1.371721
1.424015
1.384074
1.333859
1.344458
1.37015
1.353157
1.353871
1.380048
1.405263
1.380191
1.426075
1.370791
1.462752
1.409332
1.307885
1.357906
1.394081
1.407554
1.388702
1.33351
1.422525
1.375286
1.373709
1.402819
1.435076
1.360836
1.377133
1.337926
1.346083
1.413731
1.413466
1.386649
1.41653
1.387659
1.389116
1.354809
1.357097
1.38132
1.369453
1.365268
1.355502
1.397193
1.319821
1.364119
1.31213
1.367933
1.387057
1.399145
1.420422
1.340165
1.36845
1.36561
1.369446
1.319601
1.355615
1.368526
1.37019
1.405875
1.377642
1.356545
1.409878
1.409368
1.383313
1.359672
1.38145
1.351874
1.379135
1.405119
1.349536
1.338935
1.38576
1.348286
1.357125
1.333849
1.390036
1.35771
1.423482
1.355643
1.352871
1.31896
1.383434
1.363969
1.423181
1.35429
1.373843
1.365181
1.363654
1.406334
1.370368
1.333636
1.428702
1.356804
1.426424
1.406556
1.372049
1.329984
1.392472
1.425279
1.377227
1.396781
1.388116
1.343487
1.397699
1.346827
1.339039
1.416144
1.432282
1.376105
1.369366
1.445397
1.374274
1.37295
1.341222
1.362601
1.363514
1.307972
1.373849
1.365981
1.319645
1.337483
1.331195
1.369993
1.311228
1.327374
1.415666
1.389257
1.371909
1.324087
1.432334
1.364653
1.36483
1.339773
1.407627
1.379197
1.421687
1.342308
1.278067
1.322639
1.374336
1.328263
1.387471
1.378826
1.390834
1.339444
1.399287
1.377745
1.409997
1.366521
1.393899
1.404614
1.310936
1.321722
1.344634
1.395692
1.357281
1.406691
1.411525
1.352217
1.385932
1.368176
1.359708
1.415637
1.355095
1.423904
1.36778
1.355638
1.425122
1.398206
1.365739
1.375286
1.417264
1.357497
1.379396
1.370607
1.330717
1.375132
1.349736
1.366609
1.395718
1.413919
1.300645
1.368452
1.387279
1.362566
1.369615
1.413387
1.335488
1.422353
1.44005
1.352249
1.33991
1.398402
1.407787
1.420672
1.417258
1.372925
1.359996
1.37694
1.353109
1.366842
1.39509
1.430653
1.396028
1.377825
1.380784
1.35283
1.396262
1.3813
1.422876
1.383185
1.430402
1.451242
1.396769
1.376297
1.384228
1.334087
1.328887
1.366255
1.358043
1.42551
1.380237
1.403071
1.446054
1.410648
1.358905
1.369495
1.41354
1.375786
1.324535
1.405769
1.337644
1.364059
1.438385
1.392725
1.339027
1.349414
1.348453
1.446971
1.353765
1.435056
1.332402
1.397333
1.39499
1.386613
1.410104
1.367184
1.308799
1.395852
1.39864
1.387236
1.324831
1.394891
1.40121
1.399884
1.376588
1.366357
1.369022
1.345169
1.348296
1.426044
1.37282
1.402242
1.363168
1.391543
1.361893
1.387365
1.329469
1.415831
1.377863
1.388225
1.399308
1.398018
1.38604
1.395042
1.368997
1.357389
1.382551
1.365732
1.348082
1.338797
1.395389
1.349523
1.386311
1.356162
1.338365
1.347972
1.374612
1.39163
1.390979
1.321367
1.316575
1.34722
1.335698
1.337781
1.397107
1.464383
1.422455
1.361456
1.398799
1.422318
1.406865
1.419677
1.336593
1.36574
1.376817
1.398464
1.362953
1.353542
1.363974
1.373438
1.370045
1.338032
1.353631
1.426977
1.379135
1.325478
1.401167
1.365885
1.387715
1.383187
1.398249
1.361789
1.408894
1.355278
1.302709
1.387461
1.349923
1.429042
1.433461
1.383607
1.386665
1.340545
1.410095
1.363475
1.342412
1.355577
1.359771
1.380965
1.394615
1.348983
1.402107
1.440075
1.417849
1.408432
1.379746
1.426133
1.383828
1.388681
1.355292
1.43577
1.361302
1.382818
1.374031
1.41123
1.387874
1.419831
1.393496
1.370458
1.38589
1.37872
1.385995
1.33876
1.402652
1.333352
1.363795
1.376203
1.379316
1.406814
1.404272
1.314807
1.362447
1.349725
1.34341
1.400347
1.352187
1.458137
1.447636
1.369612
1.316023
1.401522
1.389266
1.36541
1.356954
1.355469
1.366575
1.371986
1.35049
1.395836
1.413665
1.380924
1.384723
1.378214
1.350285
1.384577
1.411099
1.394
1.388789
1.420221
1.409836
1.403062
1.416065
1.427711
1.35031
1.338404
1.344885
1.366907
1.323304
1.36992
1.383893
1.446853
1.443516
1.349212
1.327265
1.361796
1.423339
1.411345
1.367329
1.360291
1.412183
1.400542
1.403538
1.406767
1.354834
1.38949
1.399949
1.364744
1.337484
1.451428
1.424165
1.295568
1.343892
1.348391
1.424007
1.352032
1.337172
1.374649
1.380711
1.334821
1.363827
1.373535
1.329061
1.380014
1.377534
1.378363
1.346167
1.369037
1.372887
1.413652
1.354444
1.341502
1.362258
1.359702
1.375947
1.403138
1.352665
1.393449
1.398516
1.363322
1.381442
1.339936
1.369603
1.380101
1.333126
1.395371
1.38274
1.433821
1.378412
1.363919
1.360451
1.360959
1.382689
1.367097
1.372971
1.348902
1.359522
1.368102
1.365867
1.384055
1.403295
1.394641
1.378291
1.361435
1.350101
1.394249
1.427823
1.35506
1.420562
1.454112
1.41114
1.373591
1.421667
1.378947
1.398586
1.351265
1.390608
1.36248
1.374639
1.341521
1.368481
1.381118
1.362917
1.367463
1.419488
1.381146
1.441017
1.32977
1.397222
1.357545
1.408972
1.362838
1.34043
1.413134
1.401832
1.38344
1.419244
1.411832
1.353999
1.35579
1.353023
1.386443
1.372558
1.347348
1.458176
1.430798
1.422229
1.376096
1.394539
1.385127
1.390982
1.4073
1.372698
1.346715
1.392554
1.406497
1.352464
1.383213
1.367131
1.351502
1.419944
1.383998
1.354937
1.445449
1.390498
1.396636
1.400363
1.374292
1.378759
1.417086
1.362452
1.42982
1.387043
1.365531
1.401226
1.368926
1.385219
1.406695
1.388466
1.402161
1.353452
1.419154
1.386106
1.374123
1.372426
1.404416
1.377896
1.363325
1.373235
1.428791
1.381959
1.399681
1.345658
1.374576
1.404163
1.355156
1.39407
1.370756
1.366687
1.338353
1.414643
1.352621
1.363334
1.369186
1.371405
1.388758
1.371921
1.338814
1.371626
1.369309
1.354821
1.378602
1.353632
1.338129
1.357081
1.32318
1.420486
1.416742
1.357031
1.358025
1.34772
1.362287
1.409285
1.323972
1.352831
1.441685
1.425879
1.394536
1.3932
1.457387
1.386905
1.369222
1.408653
1.409322
1.364226
1.426293
1.42301
1.385554
1.379885
1.416009
1.307846
1.357594
1.402064
1.373243
1.367361
1.339382
1.379926
1.364249
1.388672
1.393173
1.346896
1.37068
1.392431
1.415033
1.382159
1.423452
1.420465
1.383919
1.324741
1.386636
1.34946
1.382975
1.422482
1.422795
1.355661
1.353732
1.370023
1.383747
1.370588
1.43502
1.38773
1.359587
1.410992
1.394431
1.434024
1.390824
1.379253
1.379088
1.449707
1.401408
1.324562
1.351678
1.425628
1.387349
1.323936
1.407608
1.352679
1.342321
1.385606
1.334275
1.405403
1.315425
1.36485
1.335558
1.390379
1.420779
1.398405
1.328105
1.395889
1.357843
1.351554
1.355374
1.410311
1.392523
1.377288
1.342747
1.368814
1.387742
1.342284
1.393296
1.328347
1.370101
1.421142
1.397978
1.396528
1.375063
1.358858
1.39198
1.365442
1.44241
1.377406
1.411891
1.426586
1.38924
1.403356
1.389365
1.350373
1.408481
1.404337
1.384999
1.366657
1.365049
1.455229
1.356864
1.345744
1.390485
1.365784
1.419418
1.33123
1.396303
1.437502
1.401728
1.372765
1.362082
1.364798
1.375417
1.381935
1.396325
1.423914
1.404343
1.383875
1.339181
1.412376
1.389647
1.406519
1.389768
1.420192
1.375468
1.298849
1.390086
1.365733
1.396198
1.34924
1.390069
1.398205
1.381711
1.359921
1.422438
1.364176
1.375134
1.358484
1.376982
1.36239
1.360814
1.369721
1.377662
1.344865
1.340765
1.393709
1.385907
1.383156
1.365378
1.352584
1.355829
1.366958
1.373574
1.395296
1.406605
1.354573
1.40197
1.425417
1.367619
1.395675
1.413923
1.452561
1.384378
1.37431
1.422047
1.367391
1.370721
1.381957
1.378579
1.356886
1.34775
1.399301
1.401806
1.383556
1.381547
1.386587
1.370702
1.327302
1.395094
1.375548
1.388684
1.371722
1.351438
1.363824
1.369894
1.369547
1.390464
1.471596
1.325245
1.340464
1.399029
1.397557
1.370702
1.395968
1.407537
1.391434
1.405385
1.342444
1.393308
1.356922
1.402102
1.403701
1.384927
1.42601
1.37796
1.366425
1.346444
1.363662
1.380759
1.316501
1.347542
1.375845
1.383503
1.433373
1.367088
1.394422
1.447249
1.394379
1.373143
1.325143
1.343576
1.393099
1.365725
1.415171
1.421694
1.399508
1.371896
1.395
1.413213
1.364126
1.421738
1.38006
1.323872
1.433679
1.38034
1.391944
1.395064
1.362974
1.400618
1.421023
1.429938
1.398505
1.347324
1.386845
1.36473
1.42107
1.38071
1.373576
1.348121
1.343396
1.404339
1.368485
1.295702
1.388624
1.400522
1.361454
1.407152
1.410395
1.348995
1.373541
1.395319
1.401473
1.375813
1.438558
1.300027
1.32782
1.370502
1.332739
1.355918
1.346254
1.386069
1.384669
1.368911
1.406859
1.370905
1.373229
1.366832
1.333831
1.387252
1.396969
1.371744
1.410167
1.388942
1.413406
1.411872
1.343746
1.378658
1.329765
1.357719
1.367755
1.328946
1.337299
1.398268
1.361224
1.371248
1.344639
1.360497
1.374717
1.301467
1.31954
1.370772
1.382938
1.366715
1.337381
1.368283
1.429802
1.380507
1.37735
1.35973
1.386365
1.360528
1.398877
1.410388
1.385556
1.410405
1.38879
1.362791
1.366344
1.385713
1.366828
1.356144
1.39582
1.413871
1.367117
1.354048
1.37858
1.325506
1.357383
1.431314
1.40393
1.395119
1.382308
1.476307
1.338208
1.381023
1.380532
1.408758
1.43982
1.383119
1.445531
1.404627
1.364672
1.423078
1.371068
1.365391
1.385066
1.370163
1.403621
1.39677
1.390745
1.402027
1.397408
1.342995
1.397361
1.366858
1.349575
1.385225
1.335839
1.430622
1.400744
1.405561
1.443929
1.386804
1.384569
1.377491
1.438601
1.347187
1.381683
1.440955
1.429207
1.388497
1.381215
1.342187
1.368716
1.391755
1.388421
1.371923
1.362569
1.36977
1.424563
1.349654
1.3684
1.32416
1.383466
1.39405
1.400892
1.346409
1.382077
1.358979
1.334227
1.430999
1.349146
1.373086
1.328841
1.341837
1.396236
1.354904
1.365295
1.402428
1.392504
1.374556
1.39613
1.375415
1.395448
1.371932
1.326704
1.314821
1.383221
1.420691
1.379966
1.366293
1.378968
1.389454
1.44119
1.3746
1.344161
1.407616
1.398761
1.433111
1.430035
1.379831
1.351658
1.321569
1.37391
1.36381
1.380831
1.352034
1.396554
1.334307
1.41924
1.306309
1.356144
1.401036
1.374042
1.39133
1.376074
1.390832
1.40707
1.389976
1.383675
1.339889
1.38921
1.301925
1.401372
1.358399
1.389739
1.343866
1.359875
1.289734
1.353352
1.356904
1.308276
1.378321
1.380403
1.396628
1.437884
1.433802
1.441415
1.416951
1.375931
1.371535
1.355101
1.332119
1.360904
1.341605
1.375016
1.377257
1.35987
1.35562
1.374097
1.351562
1.39641
1.299506
1.34649
1.355673
1.34603
1.360233
1.429602
1.362147
1.429806
1.311286
1.376968
1.40342
1.376064
1.362996
1.408969
1.382503
1.36786
1.322737
1.38565
1.39059
1.400829
1.380915
1.401406
1.384597
1.353998
1.384066
1.420111
1.353534
1.374483
1.38971
1.412814
1.391848
1.412674
1.39078
1.39263
1.406733
1.36104
1.369833
1.418489
1.342225
1.416832
1.449887
1.389594
1.357944
1.378261
1.431653
1.385617
1.371058
1.392706
1.442487
1.413722
1.400727
1.389744
1.339974
1.396379
1.354931
1.390164
1.35301
1.385625
1.338085
1.398776
1.330562
1.329111
1.373569
1.401424
1.422968
1.406042
1.368702
1.373412
1.411936
1.430094
1.281417
1.321598
1.360339
1.37018
1.342882
1.402358
1.431154
1.397594
1.370718
1.429258
1.363363
1.338882
1.373934
1.363541
1.362161
1.369507
1.414561
1.398121
1.390457
1.442535
1.352493
1.327779
1.342228
1.406455
1.384948
1.362054
1.394415
1.37891
1.322661
1.371652
1.370794
1.396836
1.422402
1.35894
1.380359
1.390666
1.402151
1.400324
1.409599
1.41134
1.382581
1.320527
1.369619
1.389779
1.392182
1.413636
1.401807
1.381485
1.387234
1.39775
1.383097
1.377594
1.323507
1.314705
1.357544
1.373217
1.37278
1.406295
1.397235
1.361469
1.39096
1.366922
1.404464
1.391298
1.370984
1.371843
1.352247
1.349609
1.400112
1.385997
1.372209
1.393519
1.39153
1.440697
1.417475
1.388581
1.298484
1.381327
1.373678
1.378323
1.387291
1.346565
1.364438
1.349562
1.377482
1.404698
1.307472
1.386226
1.389064
1.366506
1.380694
1.442832
1.412394
1.382156
1.378575
1.406974
1.368163
1.418633
1.418306
1.352372
1.388232
1.404614
1.382098
1.379727
1.424307
1.453643
1.421709
1.36318
1.354831
1.444539
1.36805
1.368047
1.351852
1.335065
1.424615
1.426191
1.355673
1.359086
1.402685
1.412355
1.423464
1.382679
1.397006
1.37735
1.396909
1.364113
1.385846
1.399554
1.374069
1.381802
1.40951
1.396746
1.386183
1.395366
1.370853
1.356473
1.353413
1.376978
1.454409
1.434769
1.381893
1.364454
1.3797
1.356349
1.391401
1.3933
1.354776
1.367083
1.353354
1.397029
1.422232
1.380665
1.383793
1.400403
1.413121
1.374078
1.431622
1.424942
1.341963
1.382205
1.369855
1.387294
1.352406
1.385079
1.386529
1.341436
1.325388
1.402399
1.446736
1.344729
1.367795
1.388092
1.337749
1.408871
1.397208
1.411461
1.399636
1.388668
1.409706
1.356748
1.330642
1.434608
1.41814
1.354071
1.391522
1.386731
1.406191
1.390286
1.30487
1.348922
1.40761
1.402788
1.349121
1.368583
1.371897
1.361602
1.381448
1.36712
1.369021
1.353229
1.429583
1.358234
1.357659
1.387035
1.403895
1.382735
1.351169
1.407709
1.401755
1.407058
1.390099
1.420727
1.320105
1.395382
1.382977
1.361402
1.350196
1.357946
1.343224
1.381288
1.392318
1.392736
1.339427
1.368822
1.37752
1.339287
1.381574
1.371157
1.410719
1.334982
1.42421
1.376931
1.365415
1.398738
1.390374
1.379532
1.409761
1.330586
1.435656
1.373739
1.371409
1.411504
1.399731
1.434412
1.41143
1.431488
1.40844
1.401765
1.369925
1.362413
1.383048
1.373192
1.390847
1.383538
1.343895
1.381112
1.433264
1.431861
1.39989
1.384329
1.412551
1.332427
1.352209
1.343384
1.326308
1.364085
1.408032
1.409393
1.414699
1.391992
1.40263
1.413729
1.326784
1.357482
1.337019
1.381196
1.4058
1.360777
1.35962
1.408731
1.337486
1.399066
1.395923
1.418067
1.356226
1.372026
1.421363
1.391334
1.359275
1.323735
1.391154
1.369831
1.386263
1.370986
1.390566
1.377877
1.344107
1.35998
1.376341
1.426403
1.437487
1.406477
1.376827
1.428065
1.37775
1.382672
1.377984
1.405471
1.365415
1.338395
1.342386
1.355432
1.35049
1.402772
1.429326
1.368031
1.45593
1.36707
1.393943
1.349569
1.401575
1.385821
1.367947
1.350609
1.312646
1.368363
1.374309
1.422568
1.388616
1.400563
1.367865
1.369687
1.322782
1.381416
1.351971
1.324739
1.347345
1.395383
1.410127
1.405451
1.356162
1.37534
1.35149
1.341162
1.406877
1.406326
1.374716
1.414379
1.404891
1.35782
1.364035
1.392152
1.44245
1.329792
1.351015
1.350083
1.408452
1.373788
1.351444
1.349655
1.407005
1.419729
1.389648
1.344763
1.378463
1.36892
1.383932
1.425601
1.42785
1.350092
1.406488
1.396512
1.390787
1.398744
1.386275
1.327122
1.375138
1.349754
1.390896
1.433935
1.379208
1.3541
1.343923
1.408367
1.355931
1.309371
1.350341
1.348592
1.400217
1.316699
1.362101
1.382701
1.396721
1.35718
1.349036
1.35456
1.347582
1.370417
1.3579
1.383991
1.349012
1.356147
1.349741
1.367446
1.393979
1.323715
1.388769
1.417022
1.388613
1.396066
1.383532
1.364404
1.406243
1.346132
1.3534
1.421169
1.339652
1.402727
1.3249
1.405449
1.421762
1.387611
1.375201
1.419305
1.373475
1.347292
1.367559
1.372504
1.383337
1.416674
1.36503
1.376232
1.404546
1.343427
1.378579
1.347353
1.414209
1.37166
1.384118
1.389901
1.346991
1.330472
1.407713
1.376693
1.343371
1.348834
1.357692
1.419535
1.3838
1.422741
1.346897
1.353918
1.333195
1.389451
1.39223
1.349632
1.434182
1.327049
1.296488
1.361924
1.380362
1.371201
1.294578
1.328602
1.324851
1.379783
1.387551
1.426271
1.390692
1.3863
1.360045
1.355334
1.391799
1.37427
1.335957
1.362347
1.383723
1.354612
1.397293
1.401223
1.395075
1.402036
1.393423
1.424846
1.433338
1.341477
1.386858
1.40775
1.39078
1.391717
1.396297
1.378398
1.389759
1.374761
1.403758
1.377466
1.378046
1.416028
1.418325
1.390932
1.381129
1.384897
1.360146
1.411762
1.425732
1.407658
1.346221
1.384518
1.395621
1.353111
1.402322
1.381602
1.36099
1.413537
1.349561
1.3306
1.34711
1.382461
1.429048
1.381885
1.398091
1.362036
1.384191
1.423265
1.359642
1.424329
1.35833
1.363403
1.348315
1.333865
1.305862
1.394505
1.372398
1.445799
1.421042
1.425094
1.393345
1.377259
1.379913
1.3593
1.379497
1.34672
1.353111
1.408351
1.393066
1.349475
1.388783
1.408137
1.398689
1.391318
1.369706
1.425456
1.421607
1.408347
1.396837
1.385
1.361831
1.424612
1.32319
1.3582
1.343435
1.334332
1.333317
1.367812
1.373167
1.392256
1.359517
1.38213
1.38219
1.375538
1.336349
1.334883
1.407281
1.372211
1.348875
1.353369
1.358159
1.392892
1.453353
1.350637
1.427515
1.378917
1.361051
1.431223
1.345303
1.411215
1.370076
1.392484
1.36415
1.39073
1.333463
1.379609
1.360163
1.405419
1.360475
1.384984
1.427882
1.398761
1.348468
1.329378
1.368247
1.331703
1.339317
1.384189
1.432061
1.419836
1.404343
1.416087
1.39012
1.394583
1.411182
1.381911
1.363202
1.354193
1.369076
1.370237
1.350483
1.390159
1.410974
1.386528
1.433074
1.406382
1.45842
1.375817
1.353724
1.374391
1.402299
1.383317
1.38452
1.384686
1.359673
1.403737
1.396259
1.413474
1.329342
1.387464
1.39183
1.315144
1.320699
1.414913
1.41239
1.396327
1.386842
1.406721
1.371906
1.320183
1.382784
1.385109
1.414552
1.380661
1.339114
1.388734
1.352428
1.388468
1.384913
1.344249
1.343883
1.370139
1.360143
1.437414
1.367581
1.407088
1.320753
1.389086
1.376037
1.425092
1.411297
1.335857
1.420961
1.402542
1.405866
1.401286
1.345863
1.348398
1.383886
1.374872
1.398869
1.401216
1.386049
1.414476
1.365963
1.414246
1.353293
1.334852
1.401587
1.386969
1.379697
1.361725
1.399651
1.356223
1.361608
1.374273
1.36624
1.407928
1.408953
1.369045
1.461363
1.401634
1.409019
1.39412
1.400145
1.391754
1.383712
1.399668
1.344233
1.300387
1.366997
1.385442
1.417359
1.381922
1.404248
1.40316
1.308431
1.385761
1.371061
1.403952
1.390887
1.353829
1.397348
1.415183
1.324405
1.366163
1.350467
1.397526
1.36644
1.409606
1.402037
1.391292
1.420035
1.417505
1.373751
1.424722
1.391278
1.321512
1.385273
1.401437
1.336094
1.346428
1.457126
1.359486
1.389047
1.354218
1.285338
1.418935
1.344704
1.384808
1.400741
1.384431
1.366471
1.399036
1.368192
1.396558
1.411701
1.426504
1.354565
1.333236
1.375176
1.394343
1.342282
