0.7006302
0.754444
0.6853835
0.7298976
0.648336
0.6537323
0.7107332
0.6676357
0.6478601
0.7377636
0.7033249
0.6813522
0.6918853
0.6823002
0.6209448
0.6483035
0.6009884
0.6586971
0.6560586
0.6191696
0.658904
0.6411777
0.6536717
0.6575863
0.6846372
0.6765357
0.6748212
0.5942052
0.6859089
0.6476508
0.635153
0.6255318
0.6466155
0.6317231
0.6535475
0.6778691
0.6935622
0.6414565
0.6557416
0.689656
0.6712418
0.6481016
0.6544145
0.68962
0.669121
0.6395284
0.7030691
0.7098754
0.6450237
0.7231739
0.6681442
0.6133714
0.6854889
0.694746
0.6695993
0.6917356
0.637553
0.7078417
0.6500542
0.6468506
0.6452604
0.6744041
0.6653404
0.6449995
0.643031
0.6435399
0.6787641
0.7051987
0.6799745
0.6885255
0.7398886
0.6653734
0.6688052
0.6676796
0.7070047
0.6592731
0.6398122
0.6717445
0.6309562
0.637467
0.6263516
0.6647265
0.6288365
0.6562554
0.6733158
0.6878389
0.6076702
0.6537137
0.7148015
0.6653586
0.661918
0.6383096
0.675392
0.6770042
0.6416897
0.6084701
0.659594
0.6602847
0.6670326
0.682628
0.6866242
0.7214682
0.6325408
0.6803323
0.6142908
0.6616455
0.6385223
0.6314767
0.6781694
0.6816511
0.6166887
0.64842
0.6568347
0.6658879
0.6723149
0.6140784
0.6065222
0.6716249
0.6181458
0.7048531
0.5876683
0.6598759
0.6554417
0.6687596
0.6356773
0.6252454
0.6427045
0.6728247
0.6572742
0.7346003
0.6759661
0.6842198
0.6835814
0.6702439
0.6680354
0.6848797
0.6302376
0.6720679
0.6331332
0.6251382
0.6574568
0.6160341
0.6734833
0.6888964
0.7038674
0.6801234
0.6589445
0.6591531
0.6657716
0.6995288
0.6822127
0.620605
0.6953495
0.6941648
0.610543
0.6658101
0.6658332
0.6444178
0.6408657
0.6557536
0.6270101
0.6355647
0.678628
0.6159361
0.6983245
0.6659221
0.636952
0.65867
0.6506735
0.654537
0.6631459
0.6906135
0.6614466
0.7148884
0.6751636
0.7044546
0.6695262
0.7141658
0.6642337
0.6878081
0.6591567
0.6535695
0.6242714
0.6163273
0.6672283
0.6378174
0.6468855
0.7107159
0.6342665
0.6633322
0.6774535
0.6853454
0.6628645
0.6787101
0.662605
0.6374982
0.6594639
0.6352235
0.6957499
0.6605715
0.6686325
0.6056488
0.7592417
0.6827368
0.7207545
0.6667073
0.645505
0.6337639
0.6887649
0.6206643
0.6353872
0.7053719
0.6313524
0.6457493
0.6909262
0.6652785
0.687794
0.6797089
0.6765762
0.726092
0.6152487
0.681877
0.6772273
0.6534563
0.705902
0.6743781
0.6838896
0.660036
0.6413017
0.6487219
0.6679447
0.6781087
0.7172129
0.6492779
0.6670976
0.6943042
0.6636647
0.6871686
0.6833987
0.6856304
0.6397097
0.6886175
0.6480392
0.6449429
0.6582667
0.6682863
0.6884525
0.6623593
0.6662689
0.68284
0.6762122
0.6991854
0.6857784
0.6590361
0.6892357
0.6682861
0.7063266
0.5989611
0.6670838
0.643133
0.6675868
0.6416677
0.6214405
0.6097699
0.6187619
0.6811544
0.6267743
0.659586
0.6976066
0.6485998
0.6678142
0.6379158
0.631014
0.662474
0.6579348
0.6444182
0.6888342
0.6932442
0.665509
0.6296572
0.6438728
0.6347248
0.6982587
0.722451
0.6629771
0.6743909
0.6658878
0.6455083
0.6384811
0.6735742
0.6742494
0.6832798
0.6889277
0.6781551
0.6612791
0.6839383
0.7120068
0.7033726
0.6028659
0.6350845
0.6746007
0.6927182
0.6931233
0.6421967
0.7113573
0.6781694
0.6858608
0.7043778
0.6800947
0.6565149
0.6926602
0.590411
0.6024468
0.6696279
0.6487242
0.657294
0.7278752
0.6818178
0.6883744
0.6413308
0.6392708
0.6811393
0.6553374
0.6895389
0.6872845
0.6618049
0.6899905
0.6551093
0.6880509
0.6842045
0.688227
0.726
0.6576006
0.6857762
0.7038096
0.701701
0.6553183
0.6426365
0.6568418
0.6756039
0.6611646
0.708827
0.7070634
0.7254092
0.668635
0.6477841
0.634405
0.6816333
0.6621492
0.690999
0.6947473
0.7254818
0.7088463
0.6056829
0.6729572
0.6509537
0.6941771
0.6524998
0.6577151
0.6443904
0.6328102
0.6351694
0.6722756
0.6568036
0.7124878
0.6565391
0.6777082
0.5908777
0.6917834
0.6439752
0.6709668
0.673789
0.6602252
0.6843297
0.6647346
0.6805598
0.6605391
0.7185643
0.7135364
0.6920125
0.6924938
0.6618027
0.6653046
0.7170034
0.7218236
0.685648
0.6867666
0.6834587
0.6409956
0.6325435
0.6418487
0.6965635
0.6848975
0.6833072
0.6523832
0.6255289
0.7355168
0.6432557
0.6474342
0.7080613
0.6889302
0.7044853
0.6824904
0.6433006
0.6758616
0.731848
0.6727805
0.6810616
0.7154986
0.6734999
0.6281605
0.6724556
0.6677731
0.6496477
0.6477676
0.644224
0.6312791
0.6306441
0.6460786
0.6379825
0.6488125
0.6885039
0.7075512
0.6806773
0.6764602
0.6813874
0.6348478
0.6261717
0.7064987
0.6852706
0.6532682
0.6465717
0.608214
0.6393917
0.6581132
0.689741
0.6178374
0.6263057
0.655037
0.6750262
0.6834867
0.6801695
0.6522197
0.6740756
0.7093908
0.6771979
0.6616734
0.6670656
0.6891938
0.6756307
0.6673144
0.6953405
0.6937674
0.6378471
0.6616374
0.6328973
0.6689611
0.6818219
0.7168859
0.7123117
0.6854117
0.648155
0.6057235
0.6539726
0.6339662
0.6756326
0.6873634
0.7043435
0.7364703
0.6509692
0.678335
0.6754864
0.7354302
0.6693381
0.6614749
0.6805998
0.6672638
0.6356862
0.6526803
0.6331505
0.7072116
0.716386
0.6903378
0.5923777
0.6677812
0.7015351
0.6661826
0.6483422
0.6733605
0.7074367
0.6901082
0.6422205
0.7556151
0.6556065
0.6446785
0.6816907
0.6980172
0.6939636
0.665857
0.6708899
0.716059
0.7094754
0.656294
0.6677094
0.6703735
0.6350937
0.702766
0.6685162
0.6437777
0.6390052
0.7282355
0.6974715
0.6958212
0.6831631
0.6682129
0.6409759
0.6741769
0.6994619
0.695033
0.6773685
0.7068777
0.6518129
0.6502875
0.6739288
0.7434029
0.7289688
0.6197899
0.6207574
0.6484876
0.691402
0.6927295
0.6797782
0.6473545
0.6652976
0.6381649
0.6911233
0.6810738
0.6645502
0.6543758
0.6505122
0.649383
0.726482
0.6708964
0.6914852
0.6919128
0.6821679
0.6659309
0.6734856
0.7179245
0.6587923
0.6949736
0.6822433
0.6853228
0.6956246
0.7075518
0.6872004
0.6556254
0.6896847
0.708182
0.6883642
0.6608574
0.705014
0.6970968
0.6880854
0.6935871
0.7072292
0.6897497
0.7023175
0.6597871
0.7075553
0.6825094
0.6466808
0.6898903
0.7065933
0.6794727
0.6425092
0.6778876
0.6573117
0.6711832
0.7445907
0.6523021
0.6804066
0.7049586
0.7030333
0.6759677
0.6586122
0.692697
0.6516514
0.6783581
0.6587116
0.7090879
0.6832946
0.6996118
0.7075727
0.6285723
0.6510521
0.6716687
0.6542596
0.6803358
0.6552977
0.7251186
0.6688222
0.7157362
0.6941139
0.6325343
0.6210942
0.6491334
0.6619782
0.6226056
0.6711764
0.6428555
0.6610023
0.6707788
0.6690458
0.732167
0.7064061
0.687956
0.6562323
0.6797468
0.6741119
0.6446411
0.6808987
0.6744779
0.7206711
0.6923901
0.645155
0.7243379
0.6261682
0.6442519
0.6755267
0.6742931
0.6694742
0.6994158
0.6704253
0.6611339
0.6741083
0.6546943
0.7233375
0.6574142
0.7200229
0.681133
0.6944722
0.6123068
0.6378036
0.6515196
0.6515562
0.673235
0.6523928
0.6123009
0.6943732
0.6611435
0.6749047
0.7337325
0.6375561
0.6745577
0.6228751
0.6764717
0.641001
0.6621474
0.6510131
0.6399983
0.6621278
0.6937654
0.6959966
0.627825
0.6467837
0.6631351
0.6603135
0.646992
0.6448396
0.6360745
0.6291851
0.6469463
0.6704571
0.679615
0.6380603
0.6894848
0.7216827
0.7237736
0.6680422
0.6532692
0.6707703
0.6814834
0.6516353
0.6512851
0.6557896
0.637179
0.6708804
0.6492086
0.731248
0.6681904
0.6396986
0.6811869
0.6561455
0.6435575
0.6923494
0.7096753
0.6775028
0.7029429
0.6520094
0.6587302
0.6819206
0.6905952
0.6674357
0.6514152
0.6723305
0.7107008
0.627936
0.603529
0.6386513
0.6659193
0.6574852
0.6570258
0.6797228
0.6256354
0.6073417
0.6557893
0.6588388
0.6683761
0.6640606
0.6454548
0.6358327
0.6556277
0.6724589
0.6046303
0.6535307
0.7133107
0.6481261
0.7034839
0.6686799
0.6850078
0.6520195
0.6749895
0.6762515
0.6662266
0.6216863
0.6309604
0.6218675
0.6809647
0.6873527
0.6977595
0.6809518
0.6857294
0.7328721
0.6740202
0.6693721
0.687879
0.6840703
0.6203753
0.6530439
0.6209234
0.6062223
0.659781
0.6857549
0.6566985
0.6270822
0.6428582
0.6672978
0.649148
0.659439
0.6692562
0.7025613
0.6688827
0.7163037
0.6055801
0.6605042
0.6475452
0.6506259
0.6617287
0.641876
0.6721463
0.6589624
0.667824
0.6841776
0.6455527
0.629911
0.6414513
0.6611399
0.641125
0.6706381
0.6848174
0.6620453
0.6455015
0.6833423
0.6372079
0.6840832
0.6825027
0.6222022
0.6540463
0.6982277
0.6817255
0.6523404
0.7328699
0.6779198
0.6641875
0.6109498
0.7093383
0.6780921
0.6411411
0.6779866
0.6538656
0.6569537
0.6364193
0.6380289
0.6198554
0.6372797
0.6455068
0.6264678
0.6548493
0.638064
0.617336
0.6758529
0.6274671
0.6468677
0.6528223
0.6386044
0.6881442
0.6841277
0.631443
0.6986161
0.6305008
0.6070146
0.6653589
0.6496273
0.6454468
0.6284818
0.6988729
0.6944711
0.6756128
0.6831529
0.6869647
0.6254683
0.6449241
0.622075
0.672118
0.6455398
0.6895619
0.6595385
0.6351457
0.6739956
0.6711223
0.6644256
0.6565283
0.6329774
0.6123433
0.6749171
0.6511263
0.689854
0.657494
0.6721078
0.6837525
0.6578855
0.5969665
0.640175
0.6228076
0.6777193
0.6581286
0.6688844
0.6175645
0.6631192
0.5953004
0.6303662
0.6393418
0.5900878
0.6795178
0.7061228
0.6681795
0.6455964
0.6654205
0.7163209
0.6454432
0.7243626
0.6645663
0.6932809
0.6274775
0.6583206
0.6693225
0.6358545
0.6792654
0.7253732
0.677524
0.6324818
0.6719573
0.6794859
0.6691506
0.708513
0.7002275
0.7002963
0.6246081
0.6926498
0.696086
0.6622179
0.6670181
0.6677257
0.6612974
0.6783031
0.6400686
0.7065977
0.6578118
0.7063397
0.6743785
0.6708986
0.6837516
0.5915219
0.6494765
0.6357112
0.6523686
0.6657212
0.6858856
0.6124433
0.639664
0.6219319
0.6903239
0.6027349
0.6872695
0.6659822
0.6705053
0.6439705
0.6555482
0.6520506
0.6537652
0.6096476
0.6873685
0.7289378
0.6824899
0.691941
0.6165895
0.6542328
0.6934734
0.7275459
0.6425136
0.6979292
0.6329052
0.6462163
0.6682758
0.7430478
0.6752519
0.6528124
0.6253136
0.6757179
0.6491676
0.6444335
0.7216377
0.6512934
0.6291756
0.5963179
0.6460744
0.6287386
0.6643725
0.645189
0.6733842
0.6879312
0.639207
0.6449625
0.6881106
0.6720109
0.6508188
0.6992655
0.6571357
0.6641943
0.6438725
0.6206599
0.6213248
0.6641705
0.6396342
0.6862871
0.7168398
0.6645444
0.6741261
0.660509
0.6367284
0.7082092
0.669934
0.7011471
0.6664466
0.6748726
0.6704972
0.696986
0.6464751
0.641041
0.7134932
0.6407146
0.6689703
0.6773315
0.6285409
0.6471241
0.6762154
0.6481791
0.6589732
0.6201262
0.6085355
0.7114567
0.6394956
0.6465264
0.6779058
0.6514821
0.651467
0.6447902
0.6837688
0.6305463
0.6136947
0.677525
0.660395
0.6301697
0.6534394
0.6554109
0.6572461
0.6657933
0.6312189
0.5940097
0.622063
0.6712193
0.6665618
0.6618383
0.7046489
0.6626849
0.6859425
0.6487192
0.6393829
0.6247964
0.6473087
0.657968
0.6047739
0.699259
0.7111433
0.7190113
0.6573605
0.657049
0.6551582
0.640656
0.6691789
0.6229238
0.6835081
0.6218559
0.6399628
0.6825148
0.6748264
0.6177907
0.6757233
0.682247
0.6204297
0.6341591
0.6767094
0.6453005
0.7392893
0.703663
0.6806931
0.6518601
0.7277765
0.6817696
0.6866702
0.6462398
0.6452615
0.6664217
0.6210873
0.6973306
0.669902
0.6710726
0.6684498
0.6887784
0.6607198
0.6576622
0.6835357
0.6159575
0.6516265
0.6443622
0.6681603
0.628954
0.6483279
0.6525532
0.6943084
0.6746061
0.6486715
0.6364481
0.657292
0.644852
0.6537545
0.6933303
0.6436194
0.6768399
0.6319396
0.6440887
0.6616388
0.6751731
0.6158666
0.6721131
0.6598975
0.6484413
0.6254976
0.6207485
0.6657341
0.6427596
0.6507601
0.6742072
0.7171595
0.6640439
0.7025341
0.6244018
0.6538149
0.6965716
0.6690456
0.6584791
0.7107965
0.609234
0.6641797
0.6826516
0.6844174
0.6821169
0.7072766
0.6589638
0.6380795
0.6584844
0.7065404
0.6337298
0.65782
0.736101
0.6450103
0.6758849
0.6777414
0.6489749
0.7050995
0.6498526
0.6984108
0.6101244
0.7010426
0.6748535
0.6873529
0.6574841
0.7003577
0.6979535
0.7080001
0.6525086
0.662697
0.6351945
0.674165
0.6468264
0.6743065
0.6474328
0.6502224
0.6760847
0.6931868
0.6401434
0.6037188
0.7002277
0.6509963
0.6906918
0.6781812
0.6635312
0.6550594
0.6686902
0.6879149
0.6752646
0.6775927
0.7101355
0.6410224
0.6611618
0.6714861
0.6604509
0.6596224
0.6637971
0.6591221
0.6452842
0.6752282
0.6420006
0.6510407
0.6211127
0.6463298
0.6568591
0.6882782
0.6421672
0.6333716
0.5916426
0.6571342
0.7250357
0.65885
0.6910266
0.7468432
0.6925158
0.6602833
0.6802989
0.60146
0.6445763
0.6618943
0.6774126
0.709769
0.6742061
0.687942
0.677372
0.6393645
0.7108962
0.666615
0.6335361
0.6309342
0.5965889
0.6201905
0.6427766
0.6558876
0.6358114
0.6479684
0.6728013
0.6705183
0.6650404
0.6491936
0.68779
0.6679888
0.7246302
0.6939535
0.6589334
0.6803209
0.6749621
0.6804078
0.6827644
0.6926865
0.6702311
0.6817832
0.6344219
0.7026372
0.654778
0.67147
0.6465285
0.6658347
0.6651667
0.6697964
0.6450942
0.6793481
0.7047023
0.6576794
0.6273188
0.7033008
0.6664471
0.6560412
0.7079601
0.6795578
0.6999758
0.6597996
0.6777496
0.7333023
0.6694954
0.662941
0.7113821
0.6894905
0.6331583
0.6570993
0.641852
0.620782
0.7200021
0.6805291
0.6331084
0.6405982
0.6697401
0.6755352
0.6476323
0.645399
0.6446154
0.6979282
0.6602089
0.6575791
0.6481408
0.6458073
0.6719153
0.6669364
0.6457422
0.7105708
0.7259583
0.6692983
0.6467049
0.6569227
0.6783396
0.6631531
0.6940264
0.6537772
0.6424946
0.6657795
0.6124039
0.6470232
0.668444
0.7071286
0.6126826
0.6222915
0.6943299
0.6748183
0.7552432
0.6245397
0.6226407
0.665787
0.6952828
0.7349942
0.6939647
0.7131523
0.6811612
0.6871932
0.6999114
0.6552856
0.6848505
0.6912186
0.7165791
0.6730313
0.6540927
0.6529802
0.6742224
0.701631
0.6990829
0.6595892
0.6418796
0.625839
0.6881896
0.6718878
0.6845782
0.7302986
0.7186363
0.6644703
0.6546816
0.7169524
0.6806412
0.7080847
0.6876884
0.6513794
0.6250606
0.6677667
0.7036901
0.6986831
0.6630867
0.6987884
0.6788473
0.6657706
0.7044162
0.7238858
0.6655231
0.699057
0.6578468
0.7171025
0.6606332
0.692304
0.669741
0.6708401
0.6566263
0.6393928
0.6378312
0.6489594
0.6846145
0.6314355
0.6256963
0.6318343
0.6468501
0.7166439
0.6375006
0.6845377
0.6865518
0.6411785
0.6792505
0.6680426
0.7219698
0.7485102
0.6548136
0.6438064
0.643505
0.6437499
0.6683382
0.6525454
0.6643253
0.6301479
0.6336193
0.5954702
0.6144096
0.6195985
0.6342544
0.606997
0.645468
0.589582
0.5959855
0.6119552
0.6299779
0.6380804
0.6710363
0.6761905
0.6935463
0.6710302
0.6330825
0.6414155
0.6709083
0.6096431
0.7071025
0.6382985
0.6272563
0.6852694
0.6199347
0.6722972
0.65338
0.6404374
0.6775809
0.6485558
0.715304
0.6412956
0.6684346
0.6153704
0.6570228
0.63827
0.656207
0.6808211
0.6023919
0.6560441
0.6308171
0.6466541
0.6765416
0.6651048
0.670928
0.6564134
0.6922619
0.6979806
0.6635005
0.7115654
0.6529571
0.7313383
0.6499729
0.6806715
0.6570108
0.6927661
0.6734806
0.6231782
0.643632
0.6397854
0.6940886
0.6188365
0.659445
0.6636933
0.6398407
0.6537645
0.6734076
0.6678076
0.6569401
0.6810408
0.6951678
0.7085781
0.690881
0.6733644
0.6855379
0.6132824
0.6404214
0.667071
0.6230726
0.6662708
0.6372942
0.6635596
0.6235642
0.6550669
0.6795967
0.6895886
0.6492238
0.7017782
0.6704061
0.6653295
0.6486972
0.6970595
0.681344
0.6840003
0.6618508
0.665851
0.6160837
0.6596393
0.659027
0.6253519
0.654789
0.683399
0.6481254
0.6852734
0.6700331
0.6448216
0.6773542
0.6715338
0.6925661
0.635497
0.6585229
0.7101224
0.6758405
0.6944795
0.6806647
0.6638686
0.7222815
0.7226723
0.6938464
0.7271548
0.684157
0.6546478
0.7017032
0.7377968
0.639052
0.6631605
0.6523807
0.6858843
0.6599544
0.6676786
0.6528495
0.6315428
0.6236956
0.6435785
0.6176522
0.6346285
0.6437086
0.6592099
0.6603066
0.6121988
0.6792681
0.6688783
0.6385716
0.6197248
0.6505176
0.6892186
0.6804917
0.6966964
0.6593986
0.6639168
0.6613298
0.6400679
0.6691662
0.7333241
0.6493583
0.6349809
0.6530124
0.668743
0.6540072
0.653906
0.6366941
0.6720803
0.6201554
0.6775697
0.6128742
0.6808445
0.656255
0.7082737
0.6734348
0.6845137
0.6355711
0.6870236
0.6942534
0.6624836
0.6513438
0.5870881
0.6441165
0.6376068
0.6359732
0.6484721
0.6362072
0.6299402
0.6565866
0.6766007
0.6654759
0.6686661
0.6759863
0.6419
0.713576
0.6446131
0.6703321
0.6715779
0.6755138
0.6372403
0.6831274
0.6380854
0.6109764
0.6277367
0.6357183
0.6285638
0.6552708
0.6875411
0.6587938
0.6521324
0.6511884
0.6706467
0.6779937
0.6664541
0.6966798
0.6977568
0.621099
0.652552
0.6807819
0.6731665
0.7196334
0.6762388
0.6734361
0.6522205
0.6886715
0.68044
0.6199939
0.6895625
0.7237924
0.759075
0.7502448
0.692947
0.6652384
0.6544978
0.6837991
0.6736443
0.6596321
0.6274298
0.6715569
0.6477266
0.6729959
0.6978659
0.6657309
0.6850344
0.6352653
0.6972917
0.6449393
0.6242849
0.6696223
0.6602126
0.7000061
0.6594128
0.7081715
0.6218183
0.6504879
0.6654991
0.6684236
0.6707099
0.6229028
0.6513423
0.657633
0.672194
0.6883491
0.6833812
0.6217051
0.6646713
0.6696289
0.736696
0.6553037
0.6808144
0.7054558
0.6540133
0.6594173
0.6823974
0.687457
0.6840456
0.6623216
0.6581189
0.6665596
0.659026
0.6710508
0.6757489
0.6864689
0.6819709
0.6942801
0.673419
0.6968049
0.6422557
0.6659391
0.7290621
0.6883577
0.6906215
0.6588498
0.6968694
0.7182709
0.6470048
0.7060656
0.7166856
0.7081052
0.6514057
0.6506919
0.6476431
0.6901859
0.7017749
0.6397647
0.6778282
0.6940088
0.616065
0.7080635
0.6802386
0.6518126
0.6387114
0.6284928
0.6455372
0.6574563
0.6385482
0.7153043
0.6328187
0.6273749
0.6948429
0.7223002
0.6552914
0.6619318
0.6769224
0.6601125
0.6766953
0.6568352
0.6612178
0.6515901
0.6650979
0.652217
0.6764816
0.6752023
0.6699181
0.6924851
0.6502167
0.6858789
0.672674
0.6683825
0.6385648
0.6611733
0.6303993
0.6392952
0.6753486
0.6832044
0.6475623
0.6546114
0.6750261
0.7484268
0.6511108
0.6380818
0.6846849
0.6797501
0.6564922
0.6697183
0.6352634
0.6452845
0.6941954
0.6600913
0.6338903
0.6934895
0.5937713
0.6751501
0.6303254
0.676262
0.6724337
0.643974
0.6310768
0.622463
0.5911778
0.6162434
0.6980719
0.6468937
0.6596881
0.6641847
0.6672506
0.6964156
0.6757584
0.6569442
0.6473607
0.620567
0.6704748
0.640616
0.6721853
0.6198456
0.6317604
0.6661803
0.6097923
0.6378586
0.6531868
0.6392922
0.6144993
0.6566926
0.6639055
0.696098
0.6601559
0.7049959
0.6639328
0.6562146
0.6714764
0.6388661
0.684486
0.6510408
0.6856299
0.6796974
0.6834658
0.6563318
0.6136929
0.6948677
0.6910933
0.7123867
0.6688763
0.6276366
0.6208642
0.6515508
0.6242508
0.6422823
0.6578712
0.6244471
0.6200095
0.7279149
0.6761255
0.6465559
0.6915798
0.5896468
0.6013341
0.6368707
0.6256926
0.6081629
0.6766204
0.6177054
0.6428516
0.6188712
0.6658116
0.6566617
0.6965042
0.7034493
0.6716079
0.6673343
0.685714
0.7156955
0.6464646
0.6559866
0.6728437
0.7270012
0.6360252
0.6911337
0.6511275
0.6535744
0.6410107
0.5882982
0.6021503
0.6576355
0.7008072
0.7098261
0.649022
0.6518157
0.7042834
0.6799487
0.69297
0.7044095
0.7012569
0.6917103
0.6912097
0.7394641
0.6680704
0.7081892
0.6623924
0.6778391
0.733283
0.6677369
0.5917943
0.6547684
0.7031018
0.7059621
0.6640672
0.6574025
0.6783117
0.6832063
0.6613035
0.6571731
0.6498837
0.6396577
0.6648128
0.7087443
0.6631577
0.6390538
0.6327999
0.6350003
0.6485319
0.6869613
0.7123388
0.6902539
0.667323
0.6694156
0.702777
0.643525
0.6595811
0.6788636
0.6364488
0.6525219
0.6660695
0.6500372
0.6982518
0.6321271
0.6750525
0.6585132
0.6769294
0.6794595
0.7158437
0.6716639
0.6329076
0.6964225
0.7105037
0.6882564
0.666506
0.7162102
0.6919039
0.6552167
0.7224569
0.6911791
0.721766
0.7074723
0.6966417
0.648799
0.6872966
0.7456504
0.7000919
0.6838062
0.7139626
0.6693817
0.6333282
0.7047371
0.6795723
0.6880969
0.6670879
0.6544788
0.6426487
0.7040184
0.64774
0.6641996
0.6730012
0.6639618
0.6655724
0.6871446
0.6223051
0.6997726
0.627188
0.6656295
0.650466
0.6417226
0.6731433
0.6635088
0.6681714
0.6477431
0.6656206
0.7360087
0.6686253
0.6530233
0.6316398
0.6738463
0.6566832
0.6973747
0.692093
0.6674646
0.6512204
0.674362
0.6694797
0.6100469
0.6674799
0.6675366
0.6335518
0.6160878
0.6920863
0.6289249
0.6353734
0.6338846
0.6698154
0.6466451
0.7095053
0.6638563
0.6181031
0.7069074
0.6953343
0.6674988
0.6525688
0.6731361
0.6103955
0.6488082
0.6643007
0.6643733
0.7305858
0.6538347
0.6495693
0.6933639
0.7157204
0.7045295
0.7016943
0.6540511
0.6253296
0.6416054
0.6556574
0.7194451
0.6736293
0.6674408
0.6702089
0.6431542
0.6060071
0.6655428
0.6080582
0.6171096
0.7082012
0.6804376
0.666823
0.6768384
0.6567322
0.6843672
0.6242485
0.6306768
0.6557927
0.6641659
0.6753035
0.6478911
0.6621095
0.6371855
0.6355982
0.672584
0.6887996
0.6507376
0.6677838
0.6611506
0.6812374
0.6262515
0.671639
0.6375172
0.6060685
0.6151695
0.6280782
0.677108
0.69231
0.6936907
0.6624539
0.6550358
0.6371053
0.6039273
0.6516921
0.6491263
0.6240099
0.7160707
0.6632193
0.6340271
0.6914126
0.6147024
0.6538756
0.7435438
0.7331416
0.6782438
0.6591929
0.6608791
0.6337178
0.676566
0.6378979
0.6930312
0.6456885
0.7061625
0.694654
0.6739588
0.695942
0.6253399
0.655471
0.6866161
0.6836262
0.6506952
0.6439902
0.6743617
0.6777052
0.6321988
0.6644041
0.6630699
0.7065256
0.6613006
0.6659149
0.6743853
0.6258575
0.6571573
0.6680924
0.6198832
0.6733901
0.6483263
0.6759642
0.6944037
0.6597542
0.64219
0.6380168
0.6359164
0.6493148
0.6713799
0.6927198
0.6785023
0.6895527
0.7354786
0.7036106
0.6959925
0.6573256
0.6680043
0.6679297
0.6382152
0.6573413
0.6421163
0.5958847
0.6487311
0.6521007
0.6529458
0.6539141
0.6381859
0.7062972
0.6619267
0.7130389
0.664166
0.6547423
0.6809023
0.7209622
0.6515048
0.697979
0.6784398
0.649799
0.6450495
0.7022829
0.6386862
0.6906879
0.6532537
0.6707006
0.6843668
0.6414353
0.7081251
0.6471258
0.685077
0.6595846
0.6056281
0.6925381
0.6291195
0.6417222
0.6820911
0.6796314
0.6379573
0.674636
0.6546843
0.6331313
0.6391794
0.6145184
0.6514788
0.6116168
0.6179366
0.6043333
0.6298446
0.6599169
0.6633422
0.6504546
0.6459535
0.6548624
0.6317631
0.6227624
0.6723381
0.6982563
0.6432423
0.6796862
0.6373206
0.6970125
0.676745
0.6174837
0.6388822
0.6349156
0.6687207
0.6137108
0.6610787
0.6670255
0.721298
0.6300095
0.6931417
0.6914512
0.6723701
0.6493104
0.6641651
0.6155986
0.6568462
0.6556706
0.6787281
0.6641179
0.6877636
0.649973
0.6305401
0.7191617
0.7056905
0.7313264
0.6811789
0.7299704
0.6992664
0.6978618
0.7107587
0.6990678
0.6569074
0.6738547
0.7188238
0.7231283
0.6647245
0.7227733
0.7317287
0.6573127
0.7385059
0.6617517
0.6780156
0.6425693
0.6286237
0.6459089
0.7079928
0.6583601
0.6388413
0.709053
0.6354107
0.6849113
0.6869123
0.7183899
0.7026926
0.6893292
0.7386358
0.6865742
0.7230167
0.66596
0.6946689
0.6249968
0.6502744
0.6527102
0.7061718
0.6916204
0.6530618
0.6504345
0.618519
0.670583
0.7310945
0.6490576
0.6505823
0.576252
0.6899112
0.6786791
0.650074
0.6678819
0.6448348
0.7143244
0.6705965
0.7044586
0.7064764
0.7058853
0.6977215
0.689735
0.6994825
0.682961
0.7090592
0.7266926
0.6992925
0.6629577
0.7179684
0.7115687
0.7283339
0.6707469
0.6657083
0.6724538
0.6274833
0.6974951
0.6353984
0.6656333
0.6496708
0.6952825
0.6973651
0.6655509
0.6321611
0.696294
0.6774806
0.6708374
0.6320955
0.700124
0.7154744
0.6522098
0.7288615
0.6752103
0.7114204
0.671688
0.6971364
0.6532492
0.6444535
0.6974703
0.7204083
0.6900198
0.6822741
0.6469604
0.665625
0.6271252
0.6955613
0.6307955
0.6062446
0.6701268
0.7130994
0.6889084
0.6616715
0.698465
0.6283966
0.6166097
0.7213769
0.6652546
0.6934571
0.6702771
0.6260589
0.6499476
0.6672304
0.6742305
0.7387809
0.6353837
0.6646534
0.6704378
0.6018189
0.6685819
0.6790341
0.6458956
0.6568681
0.6766055
0.6878122
0.6827534
0.6988197
0.7251414
0.6344583
0.6332114
0.6877072
0.668738
0.722632
0.6604359
0.664333
0.6436665
0.6452803
0.6898856
0.6704708
0.6640268
0.6651396
0.637896
0.6871171
0.6887141
0.6458651
0.6280561
0.6409747
0.6384955
0.6491311
0.6958518
0.7005832
0.6676744
0.666359
0.6660207
0.6663939
0.6366931
0.6950001
0.630404
0.686079
0.6458399
0.6777158
0.655952
0.7060784
0.6681944
0.7105943
0.7086604
0.6656873
0.6712206
0.6780725
0.6569515
0.7217757
0.6566042
0.6484428
0.693336
0.7150576
0.7445235
0.6742891
0.730101
0.7099236
0.6849477
0.7109211
0.6708863
0.6748015
0.6540052
0.6639821
0.6964981
0.6711169
0.6519339
0.6645591
0.7044595
0.6739237
0.6678351
0.7334971
0.6879492
0.7111111
0.6887622
0.6838119
0.6821482
0.6820681
0.6843969
0.6943294
0.6525833
0.7037315
0.6453205
0.7235606
0.6420243
0.6843541
0.6812932
0.6861822
0.6668412
0.6537508
0.675618
0.6766097
0.67996
0.6449116
0.6287117
0.6435807
0.6760733
0.7288955
0.6844439
0.6606586
0.6876459
0.7042906
0.6305512
0.6691036
0.6524137
0.6838583
0.6414887
0.6690639
0.6116731
0.6587818
0.6455199
0.6581171
0.6804476
0.5959805
0.6870641
0.6299776
0.7176912
0.6446995
0.6813586
0.7089805
0.6555598
0.6649352
0.6375813
0.6338088
