1.439995
1.462769
1.475366
1.574388
1.509401
1.531107
1.571677
1.527781
1.470908
1.492639
1.416629
1.403993
1.405828
1.480348
1.453963
1.368088
1.418526
1.471766
1.493423
1.462009
1.567837
1.590048
1.605833
1.662693
1.665259
1.601269
1.643855
1.659388
1.606542
1.586965
1.605207
1.555406
1.48598
1.492531
1.580615
1.55798
1.540439
1.498607
1.448268
1.386743
1.302723
1.268501
1.252686
1.287999
1.208693
1.161199
1.19385
1.152061
1.191879
1.205793
1.171142
1.19994
1.180981
1.205441
1.181051
1.215586
1.257243
1.251919
1.144552
1.226862
1.212393
1.125499
1.207632
1.220642
1.182669
1.218676
1.190581
1.188355
1.118984
1.063682
1.083787
1.04582
1.001711
1.099077
1.150967
1.213914
1.169631
1.188229
1.202275
1.213321
1.24891
1.289552
1.411892
1.470339
1.490713
1.442312
1.405403
1.373158
1.28836
1.322088
1.242117
1.192913
1.169899
1.156232
1.167896
1.240531
1.197005
1.122767
1.103285
1.113144
1.025659
1.013809
0.9406217
0.9496847
0.933719
0.9005102
0.9612423
0.908931
0.9115499
0.9818097
0.9910791
1.006278
1.061689
1.079871
1.11121
1.081163
1.080794
1.082525
1.140813
1.061998
1.084836
1.101495
1.127203
1.090419
1.100443
1.153034
1.140935
1.150748
1.075157
1.042565
1.084436
1.118826
1.125989
1.083371
1.126883
1.18385
1.208697
1.23588
1.190671
1.293995
1.309026
1.328439
1.324174
1.301035
1.205374
1.146802
1.162202
1.202293
1.290381
1.234512
1.234507
1.208246
1.172554
1.174656
1.130444
1.178478
1.281811
1.233054
1.263494
1.337397
1.292894
1.388377
1.421729
1.504079
1.568641
1.515213
1.587607
1.598358
1.590748
1.583212
1.633401
1.634327
1.681709
1.714819
1.698685
1.662241
1.644035
1.633749
1.642114
1.719727
1.76473
1.75795
1.808356
1.763488
1.916719
1.860155
1.802962
1.748244
1.671562
1.649249
1.634224
1.58235
1.607272
1.591366
1.671728
1.614799
1.624316
1.672806
1.652977
1.643367
1.725914
1.689431
1.778977
1.706118
1.742496
1.81525
1.802369
1.745682
1.712591
1.774676
1.814027
1.765766
1.621208
1.578289
1.612645
1.604717
1.62017
1.716132
1.701521
1.544157
1.559769
1.565539
1.572816
1.638758
1.576751
1.586218
1.572274
1.522086
1.514854
1.51845
1.483222
1.394274
1.31837
1.378792
1.399354
1.353399
1.350285
1.349355
1.374067
1.353054
1.335884
1.432539
1.400485
1.476787
1.465412
1.494375
1.542019
1.554708
1.603139
1.623521
1.667784
1.778133
1.754015
1.803152
1.773428
1.82289
1.739855
1.732287
1.718615
1.535099
1.600532
1.644934
1.618368
1.64183
1.73915
1.715132
1.754751
1.723714
1.717839
1.639741
1.693974
1.519141
1.55944
1.542089
1.441846
1.371898
1.361025
1.359036
1.390771
1.410008
1.351592
1.354335
1.382992
1.358635
1.367101
1.481612
1.55148
1.544388
1.48238
1.436296
1.445358
1.443329
1.384996
1.482487
1.522971
1.530305
1.529981
1.50878
1.423663
1.454891
1.477957
1.522546
1.452373
1.572353
1.560297
1.458769
1.458097
1.449378
1.511645
1.532237
1.550382
1.687392
1.617133
1.640775
1.635524
1.567377
1.537502
1.563005
1.537618
1.444284
1.499091
1.41654
1.443802
1.362803
1.426613
1.373632
1.465522
1.41374
1.491536
1.407327
1.418728
1.382602
1.350499
1.425595
1.360105
1.398451
1.3972
1.403742
1.311391
1.455321
1.604698
1.531967
1.509619
1.520263
1.551742
1.528526
1.493209
1.453642
1.405747
1.385994
1.428208
1.451041
1.426518
1.393628
1.286371
1.30225
1.269862
1.176667
1.146559
1.110695
1.094015
1.175464
1.175127
1.14805
1.152545
1.193997
1.189822
1.176488
1.168384
1.234272
1.13478
1.135447
1.116792
1.127241
1.129957
1.13078
1.174405
1.188916
1.220857
1.219569
1.415803
1.4232
1.321252
1.261873
1.294284
1.220871
1.242937
1.192165
1.232995
1.200764
1.293972
1.356816
1.313901
1.29222
1.215228
1.244583
1.17927
1.218403
1.248671
1.213108
1.235138
1.178045
1.165677
1.165207
1.139238
1.11789
1.136885
1.153667
1.082481
1.201829
1.194288
1.219688
1.204484
1.158585
1.142235
1.151036
1.212676
1.197551
1.281063
1.31283
1.312012
1.32651
1.415884
1.519572
1.524166
1.546483
1.575404
1.58148
1.661696
1.653312
1.626794
1.646453
1.612814
1.623477
1.625855
1.654245
1.600668
1.617118
1.616014
1.564801
1.573373
1.507207
1.445548
1.41118
1.439054
1.44867
1.454355
1.486355
1.476128
1.478014
1.415917
1.336241
1.245545
1.228929
1.233514
1.216132
1.380572
1.506948
1.546295
1.517544
1.569026
1.577482
1.554183
1.438099
1.465887
1.505533
1.471883
1.302401
1.379029
1.50738
1.536657
1.515881
1.5034
1.561695
1.579675
1.477494
1.415877
1.474329
1.460208
1.505961
1.421736
1.52751
1.51764
1.491918
1.392739
1.475356
1.553894
1.588877
1.651818
1.627978
1.586955
1.524679
1.44722
1.352093
1.307644
1.300262
1.289881
1.240375
1.251691
1.237811
1.312922
1.368471
1.377704
1.334033
1.28434
1.213368
1.164834
1.174858
1.134556
1.14368
1.269398
1.311991
1.372909
1.427361
1.372369
1.333019
1.287708
1.338456
1.408689
1.4128
1.451346
1.435599
1.464858
1.536513
1.587745
1.593081
1.559837
1.604654
1.603646
1.566325
1.574985
1.628771
1.653461
1.643036
1.622786
1.691799
1.614822
1.490357
1.50311
1.576061
1.561029
1.47415
1.491084
1.422703
1.425944
1.470186
1.463168
1.456175
1.493866
1.483908
1.404486
1.451187
1.474004
1.466963
1.498278
1.46069
1.405988
1.378121
1.306289
1.259896
1.151341
1.274669
1.338531
1.413451
1.432529
1.499585
1.444623
1.40012
1.374598
1.385121
1.447206
1.496658
1.503897
1.545546
1.48439
1.465845
1.537782
1.537104
1.567402
1.621953
1.602706
1.480798
1.473321
1.460831
1.414366
1.365714
1.356701
1.289435
1.3075
1.2682
1.247444
1.339279
1.347183
1.298437
1.219295
1.266376
1.327534
1.357882
1.36211
1.38138
1.348662
1.328718
1.324548
1.358479
1.334119
1.398369
1.409836
1.40349
1.459914
1.469974
1.479963
1.393797
1.347817
1.324372
1.328685
1.231286
1.228535
1.248455
1.167599
1.167465
1.197624
1.226015
1.303701
1.265297
1.220918
1.195243
1.161205
1.153474
1.178072
1.167572
1.135105
1.147759
1.202595
1.286475
1.23906
1.210207
1.202792
1.338521
1.300094
1.410854
1.486295
1.45781
1.382401
1.421819
1.385109
1.405703
1.431274
1.465013
1.539757
1.471778
1.50154
1.564995
1.514236
1.61319
1.618996
1.624399
1.590591
1.644292
1.609474
1.505175
1.48414
1.424501
1.427056
1.331577
1.362048
1.341887
1.385912
1.314122
1.346955
1.411525
1.45034
1.473692
1.474564
1.461328
1.395122
1.455108
1.493191
1.446787
1.493953
1.514524
1.489745
1.438092
1.481953
1.545234
1.599898
1.617925
1.61071
1.575077
1.553461
1.540616
1.516886
1.47231
1.358977
1.313109
1.276177
1.279405
1.226659
1.30693
1.24952
1.253159
1.263237
1.372768
1.386662
1.474707
1.52893
1.449666
1.400369
1.410289
1.507291
1.478581
1.534352
1.55298
1.588682
1.578331
1.578062
1.435962
1.502419
1.345904
1.33508
1.341044
1.255443
1.338694
1.410136
1.49829
1.546518
1.449555
1.367309
1.31983
1.359451
1.387183
1.404943
1.354199
1.42793
1.453042
1.385195
1.378435
1.336824
1.330553
1.389793
1.356687
1.305822
1.244372
1.294881
1.211465
1.199465
1.298036
1.249034
1.241459
1.290057
1.237696
1.370975
1.306797
1.209522
1.150371
1.193164
1.18218
1.12976
1.204866
1.212235
1.239157
1.26113
1.207002
1.251239
1.232755
1.20642
1.141881
1.188721
1.198274
1.212572
1.179299
1.076352
0.9755339
0.9579866
0.9574149
0.8658389
0.9574302
0.9480588
0.9352017
0.9963631
0.9630805
0.9675716
0.9623641
1.076363
1.153411
1.128413
1.143653
1.103209
1.098351
1.051613
1.162436
1.224554
1.294875
1.267521
1.17093
1.105468
1.073024
1.094299
1.12539
1.086174
1.113635
1.167261
1.18996
1.229199
1.262615
1.297564
1.441269
1.539669
1.58224
1.519685
1.527683
1.578906
1.52801
1.471224
1.447762
1.420765
1.497878
1.511699
1.611192
1.650972
1.632569
1.612028
1.606295
1.595747
1.665166
1.64084
1.551259
1.609933
1.533424
1.706243
1.703788
1.801914
1.71826
1.73069
1.79053
1.772357
1.695376
1.688863
1.640347
1.599237
1.558603
1.555338
1.619324
1.645171
1.69481
1.710499
1.557617
1.573004
1.592736
1.510681
1.543255
1.57767
1.507867
1.55436
1.539637
1.513921
1.500442
1.574456
1.550883
1.573599
1.607767
1.65188
1.62919
1.691529
1.646622
1.655153
1.626677
1.672728
1.665706
1.682445
1.628008
1.572218
1.579384
1.522585
1.629892
1.64646
1.614119
1.491019
1.500993
1.529021
1.553808
1.613503
1.647503
1.678196
1.679869
1.687758
1.605063
1.664681
1.71154
1.745791
1.720191
1.710342
1.857647
1.90127
1.92385
1.892182
1.966764
2.049315
2.033647
2.042136
2.037295
2.106178
2.190007
2.067643
2.016095
1.991489
1.941549
1.960166
1.894318
1.857747
1.845886
1.746073
1.820879
1.720868
1.6455
1.57196
1.554228
1.518755
1.492692
1.53336
1.585115
1.638733
1.604304
1.649361
1.650108
1.530001
1.493136
1.516956
1.474296
1.562252
1.457894
1.357294
1.450228
1.419717
1.366312
1.408582
1.411766
1.368753
1.381147
1.396115
1.499348
1.615185
1.6603
1.648223
1.661727
1.61888
1.723887
1.717193
1.79149
1.799885
1.855694
1.844171
1.908015
1.891841
1.877987
1.826396
1.824744
1.772304
1.795739
1.774973
1.766868
1.781301
1.810107
1.830503
1.7643
1.75105
1.772694
1.736996
1.67928
1.618501
1.688992
1.682755
1.612536
1.592145
1.617478
1.584897
1.608177
1.698309
1.672919
1.663465
1.657357
1.595167
1.461309
1.42708
1.438723
1.482863
1.49005
1.435751
1.382365
1.405728
1.403894
1.384146
1.516011
1.526525
1.44624
1.431058
1.421904
1.515617
1.539071
1.52644
1.525465
1.540189
1.658373
1.641355
1.641816
1.699243
1.722717
1.798461
1.731096
1.750105
1.780681
1.861108
1.784757
1.849242
1.952692
1.832698
1.897441
1.924151
1.926952
1.922451
1.855407
1.79803
1.87096
1.907541
1.997924
1.940836
1.95849
1.900468
1.854635
1.819102
1.74186
1.693866
1.660411
1.613527
1.602061
1.563076
1.601066
1.513615
1.514319
1.429438
1.520866
1.537551
1.629018
1.555229
1.523252
1.56346
1.651374
1.645457
1.617225
1.580364
1.606125
1.649981
1.631066
1.612509
1.518613
1.486209
1.369039
1.274341
1.2142
1.161727
1.207465
1.137284
1.197258
1.257608
1.20693
1.147035
1.191509
1.182324
1.220734
1.176577
1.169521
1.170154
1.083538
1.097472
1.119994
1.238279
1.248171
1.275206
1.2759
1.349531
1.392692
1.361213
1.333217
1.342439
1.291748
1.203455
1.14497
1.12838
1.118849
1.065124
1.115928
1.182938
1.206724
1.2476
1.192012
1.220916
1.197032
1.249428
1.189524
1.189228
1.237079
1.254238
1.341231
1.454051
1.407374
1.333144
1.40182
1.365031
1.350906
1.37785
1.428617
1.444461
1.389096
1.440054
1.40375
1.490173
1.554604
1.53873
1.577325
1.572713
1.548504
1.52683
1.538672
1.505435
1.412156
1.475102
1.535161
1.557163
1.6083
1.683666
1.724408
1.784363
1.808309
1.921995
1.758727
1.691654
1.672642
1.69572
1.633522
1.656309
1.653211
1.654893
1.708794
1.666775
1.576269
1.563461
1.676664
1.6072
1.672783
1.722616
1.627553
1.559963
1.554751
1.469511
1.497439
1.488363
1.518682
1.607581
1.550656
1.573124
1.609956
1.565224
1.528131
1.505878
1.438501
1.381865
1.301185
1.221697
1.243991
1.235443
1.153202
1.140496
1.198645
1.268018
1.296304
1.176809
1.168155
1.149879
1.170319
1.221546
1.167175
1.048885
1.062221
0.9964246
0.9698947
0.9199223
0.9765855
0.9215295
0.9668334
1.007163
1.084608
1.181917
1.157767
1.148792
1.135348
1.225046
1.203478
1.156302
1.183308
1.185498
1.135334
1.219033
1.203129
1.120954
1.108505
1.062929
1.177281
1.160652
1.20594
1.151882
1.206574
1.169661
1.126277
1.113771
1.050898
1.059909
1.022988
0.9242862
1.023369
1.12208
1.163358
1.18358
1.161851
1.144715
1.152731
1.233309
1.310423
1.215921
1.209317
1.24665
1.161761
1.167898
1.193531
1.177131
1.15359
1.177355
1.175554
1.228141
1.216176
1.22359
1.247008
1.283046
1.322176
1.275126
1.29964
1.253422
1.191459
1.261493
1.285761
1.239952
1.252974
1.261872
1.303828
1.305856
1.289642
1.230601
1.226669
1.283581
1.286456
1.241111
1.355783
1.399337
1.451888
1.413788
1.402861
1.466531
1.406368
1.477246
1.43985
1.479543
1.519554
1.512019
1.452765
1.402478
1.505357
1.527863
1.428575
1.457596
1.429702
1.423456
1.423497
1.329051
1.261572
1.097484
1.080879
1.174203
1.227635
1.232331
1.280439
1.174902
1.151206
1.160598
1.172178
1.135191
1.179054
1.271781
1.31253
1.25551
1.361487
1.338288
1.297541
1.305955
1.392893
1.384052
1.315309
1.272302
1.307927
1.267032
1.307952
1.255113
1.311849
1.38006
1.433942
1.385278
1.405752
1.426355
1.468528
1.513195
1.424804
1.353957
1.313872
1.33152
1.294736
1.263981
1.278453
1.290389
1.174777
1.183799
1.213941
1.276944
1.22136
1.199907
1.267789
1.267035
1.279022
1.184723
1.268401
1.232245
1.158033
1.173989
1.235318
1.108178
1.103264
1.060293
1.102701
1.159419
1.230085
1.277882
1.360763
1.415987
1.346763
1.399342
1.488906
1.526739
1.546989
1.475257
1.48741
1.437222
1.440369
1.392984
1.493323
1.513053
1.52223
1.598413
1.612134
1.585787
1.588426
1.560182
1.503419
1.502158
1.622204
1.624539
1.567262
1.53038
1.573696
1.489852
1.520012
1.519619
1.547166
1.445608
1.457644
1.461232
1.49847
1.528999
1.62081
1.596748
1.577343
1.688918
1.679503
1.734621
1.742693
1.781067
1.841434
1.940458
1.965245
1.956584
1.940423
1.941896
2.001749
1.876332
2.004397
2.013108
2.036766
2.006283
1.97596
1.949001
1.920002
2.001581
1.939068
1.822736
1.817112
1.843698
1.810671
1.78604
1.733446
1.624484
1.675667
1.636779
1.596409
1.608469
1.63956
1.674429
1.65957
1.629076
1.662895
1.727073
1.712309
1.644167
1.615875
1.635647
1.708822
1.793423
1.75642
1.777116
1.787288
1.932582
1.966546
1.893747
1.732973
1.786506
1.752922
1.779663
1.832368
1.800765
1.759597
1.691993
1.658733
1.662395
1.614826
1.658459
1.55568
1.592518
1.543646
1.582305
1.571279
1.524415
1.542865
1.523182
1.454268
1.387874
1.398068
1.402445
1.409028
1.354723
1.338073
1.462106
1.479919
1.424284
1.437197
1.422414
1.415037
1.394793
1.413787
1.399564
1.404293
1.440504
1.4361
1.397491
1.314978
1.379563
1.33599
1.332569
1.279522
1.248234
1.24632
1.256483
1.25178
1.146326
1.045166
1.063438
1.115616
1.112366
1.046386
0.9981247
1.0212
0.9752416
0.9934503
1.053781
0.9570104
0.9207706
0.8181827
0.8753638
0.9502582
0.9278683
0.8985585
0.8690135
0.894592
0.908617
0.9410872
0.9515502
0.9733027
1.084375
1.143513
1.212643
1.213084
1.266888
1.274206
1.259537
1.227085
1.230554
1.188916
1.285123
1.239984
1.217186
1.214052
1.252099
1.189626
1.206036
1.307367
1.248864
1.197251
1.1432
1.126955
1.222342
1.222256
1.211362
1.177317
1.225137
1.262772
1.29215
1.25747
1.198292
1.141529
1.127836
1.172296
1.175887
1.158758
1.211377
1.250904
1.220924
1.343342
1.244883
1.302868
1.32715
1.364764
1.393195
1.295654
1.316478
1.342749
1.332847
1.333945
1.252145
1.19693
1.242968
1.336294
1.31881
1.327028
1.378657
1.420175
1.374964
1.372829
1.416704
1.384222
1.207605
1.182322
1.251445
1.190931
1.224133
1.311772
1.326928
1.335144
1.4081
1.501078
1.406189
1.428316
1.437437
1.445795
1.445548
1.50899
1.551036
1.520677
1.561316
1.663382
1.726543
1.682419
1.763171
1.666331
1.560151
1.53253
1.496263
1.6425
1.51993
1.512197
1.518856
1.615271
1.572682
1.746776
1.769323
1.693578
1.711956
1.682247
1.68847
1.707981
1.762537
1.759539
1.767289
1.747865
1.765567
1.769742
1.745379
1.712341
1.669402
1.610865
1.626547
1.693338
1.759324
1.677396
1.543364
1.563072
1.564551
1.572381
1.61086
1.510568
1.561701
1.540552
1.657583
1.636636
1.636726
1.604702
1.618432
1.576717
1.547111
1.521626
1.522888
1.541845
1.403754
1.369816
1.37286
1.347017
1.387412
1.390693
1.370905
1.389693
1.421135
1.466919
1.462465
1.47583
1.536797
1.552711
1.600941
1.644547
1.608563
1.626332
1.622165
1.663235
1.603966
1.598716
1.584559
1.614315
1.620597
1.585185
1.533341
1.486462
1.565264
1.564392
1.587434
1.621538
1.662719
1.691382
1.73126
1.754024
1.851328
1.963866
1.902274
1.885418
1.874058
1.843
1.840678
1.788273
1.742064
1.689102
1.544077
1.581422
1.510336
1.623259
1.664276
1.658124
1.525848
1.437238
1.47284
1.474949
1.406552
1.381245
1.275092
1.288857
1.330537
1.342505
1.252686
1.194403
1.286135
1.314705
1.272211
1.341919
1.429152
1.379207
1.434726
1.352093
1.329046
1.256459
1.255046
1.188554
1.110542
1.149424
1.113382
1.011901
1.017016
0.9987443
1.041132
1.01922
0.9840396
0.9098178
0.9125003
0.9072523
0.9859343
1.048087
1.054202
1.094253
1.102314
1.061378
1.20646
1.161709
1.175903
1.11441
1.106796
1.219186
1.190348
1.227932
1.255091
1.198179
1.1697
1.2089
1.297215
1.309227
1.245747
1.185565
1.142278
1.136525
1.070595
1.077905
1.1212
1.077341
1.050658
1.123366
1.104359
1.118356
1.141643
1.258462
1.191152
1.139375
1.175836
1.164804
1.252433
1.207562
1.242578
1.283606
1.237575
1.248842
1.262305
1.239596
1.276247
1.274597
1.267639
1.352816
1.393299
1.385443
1.360661
1.339102
1.410152
1.482937
1.471546
1.447111
1.404554
1.406639
1.482347
1.553543
1.553684
1.511668
1.449405
1.539566
1.505704
1.460323
1.368677
1.402909
1.435521
1.568622
1.488391
1.487948
1.539622
1.573622
1.50334
1.609388
1.695281
1.718559
1.785135
1.766554
1.729664
1.635838
1.540754
1.546344
1.583132
1.495517
1.507801
1.476854
1.478579
1.442643
1.455772
1.399713
1.405389
1.309556
1.351575
1.387065
1.437009
1.41558
1.430345
1.491808
1.579009
1.568951
1.624543
1.647086
1.670954
1.656713
1.6494
1.584526
1.577776
1.659944
1.647892
1.586621
1.554125
1.536684
1.500486
1.53015
1.451556
1.435692
1.445108
1.476754
1.469597
1.481096
1.467797
1.493186
1.585584
1.54807
1.55119
1.494202
1.512395
1.523577
1.507858
1.51821
1.566712
1.586935
1.543313
1.477463
1.425216
1.451299
1.388741
1.346294
1.280606
1.328224
1.431127
1.408822
1.407322
1.429565
1.3963
1.425541
1.498818
1.477899
1.467536
1.423139
1.435786
1.440058
1.39514
1.403111
1.396453
1.439162
1.421175
1.402675
1.325083
1.29305
1.342643
1.366981
1.347736
1.335645
1.29418
1.391445
1.496406
1.549365
1.501251
1.439629
1.304233
1.277964
1.316215
1.288457
1.275888
1.210998
1.204852
1.180031
1.188797
1.14106
1.151145
1.100609
1.135344
1.173091
1.127924
1.115324
1.078419
1.032065
1.165065
1.129476
1.151907
1.137668
1.099467
1.040027
1.091831
1.130271
1.129818
1.152219
1.086595
1.203138
1.178087
1.319641
1.322508
1.397302
1.345126
1.319397
1.372892
1.441257
1.408817
1.365754
1.375008
1.335702
1.43848
1.395697
1.320836
1.346389
1.299491
1.292201
1.393573
1.390881
1.568667
1.485186
1.513197
1.463562
1.546944
1.606078
1.627506
1.67978
1.693159
1.752367
1.794352
1.841474
1.93711
1.853893
1.80217
1.84652
1.793476
1.898093
1.878644
1.892217
1.949037
2.010151
2.053265
2.123524
2.101701
1.995269
1.999551
1.972925
1.953132
1.964689
1.839782
1.863182
1.881769
1.8653
1.862659
1.904235
1.831583
1.832575
1.864534
1.885433
1.918084
1.903131
1.966099
2.029992
1.941202
1.864214
1.754703
1.713196
1.740913
1.650183
1.611385
1.670987
1.623656
1.64373
1.683399
1.565061
1.589536
1.666819
1.646679
1.71286
1.712231
1.653383
1.645143
1.656229
1.595632
1.507327
1.42564
1.412548
1.357023
1.449585
1.327025
1.323294
1.373001
1.3616
1.360523
1.385276
1.285169
1.332165
1.29487
1.274512
1.248229
1.241122
1.288526
1.289791
1.229728
1.185821
1.18189
1.133688
1.151153
1.157314
1.168679
1.151382
1.273752
1.359555
1.413411
1.476283
1.530223
1.435702
1.453523
1.462605
1.449
1.404849
1.339148
1.331228
1.33119
1.277593
1.269434
1.313732
1.319794
1.286517
1.298949
1.391669
1.322258
1.296204
1.311631
1.359004
1.294221
1.348427
1.470321
1.470616
1.529573
1.416644
1.385679
1.405972
1.307324
1.238614
1.135225
1.102587
1.21391
1.220098
1.17465
1.196484
1.270825
1.321809
1.257353
1.261382
1.275211
1.315111
1.324927
1.40269
1.428508
1.35614
1.392621
1.349592
1.410575
1.451858
1.499918
1.535087
1.578931
1.568007
1.611335
1.660101
1.69469
1.703581
1.736139
1.72619
1.655719
1.628096
1.637565
1.717019
1.794881
1.823476
1.848897
1.855896
1.74209
1.788062
1.814552
1.894898
1.905712
1.99145
1.981385
1.992236
2.058333
2.068303
2.075
2.047475
2.078513
2.071981
1.994477
2.000352
1.927067
1.973088
1.928033
1.917851
1.794805
1.836566
1.791961
1.749386
1.724854
1.667699
1.700997
1.689689
1.585509
1.596977
1.477949
1.559022
1.540374
1.488372
1.534826
1.416271
1.344913
1.294698
1.309942
1.29615
1.327361
1.408579
1.494239
1.468796
1.453197
1.453793
1.511494
1.430617
1.433912
1.301967
1.221491
1.187096
1.239565
1.226236
1.294001
1.308704
1.224634
1.198544
1.353671
1.372563
1.406775
1.412637
1.307235
1.347423
1.418774
1.507517
1.448732
1.522905
1.47133
1.424845
1.393391
1.388869
1.447672
1.516704
1.439074
1.413231
1.397877
1.38575
1.361677
1.438844
1.442263
1.483647
1.396001
1.454227
1.48587
1.438655
1.431019
1.365598
1.26253
1.19771
1.205066
1.233674
1.20069
1.124835
1.082863
1.194656
1.231266
1.44351
1.343151
1.33031
1.390792
1.417526
1.399485
1.445329
1.483855
1.54312
1.609858
1.636861
1.577863
1.635589
1.617451
1.61284
1.665292
1.617579
1.642884
1.581093
1.59481
1.64834
1.555718
1.539492
1.613095
1.647241
1.731196
1.676417
1.716193
1.738325
1.71619
1.690105
1.635911
1.567233
1.638753
1.57134
1.515378
1.587142
1.565602
1.532351
1.562409
1.497318
1.484487
1.510069
1.520572
1.597973
1.596208
1.458512
1.423901
1.406938
1.450584
1.434941
1.510018
1.529896
1.49652
1.513243
1.548399
1.647747
1.602785
1.654763
1.676948
1.538075
1.554002
1.535934
1.601294
1.540906
1.513805
1.559344
1.565142
1.53343
1.510433
1.545632
1.549095
1.629032
1.594018
1.533741
1.509662
1.545096
1.501877
1.568327
1.561227
1.5749
1.632001
1.70122
1.65818
1.601426
1.597371
1.597687
1.524579
1.546092
1.545983
1.559202
1.646177
1.559065
1.531737
1.559733
1.534134
1.540467
1.540021
1.611182
1.61952
1.572245
1.5786
1.575086
1.450909
1.35655
1.441172
1.446463
1.542671
1.5986
1.630675
1.637609
1.659793
1.706937
1.632238
1.651696
1.635155
1.570173
1.620955
1.60456
1.574921
1.661087
1.648704
1.598612
1.564911
1.640339
1.634469
1.574087
1.669176
1.735581
1.738711
1.872464
1.863118
1.820808
1.693398
1.643557
1.663264
1.556265
1.576508
1.470216
1.444742
1.500772
1.430228
1.38848
1.369076
1.452269
1.415693
1.365221
1.334468
1.406164
1.448578
1.475243
1.492491
1.545312
1.527398
1.531657
1.518288
1.443434
1.465101
1.452271
1.441731
1.41228
1.332867
1.269204
1.251478
1.125239
1.080215
1.118693
1.227264
1.142368
1.167902
1.112127
1.153351
1.133746
1.173533
1.161124
1.182992
1.228547
1.266121
1.360859
1.416673
1.361695
1.40676
1.382126
