0.1468672
0.1594125
0.1965632
0.2093197
0.2054625
0.2502355
0.2391685
0.2202045
0.16538
0.1662758
0.1772771
0.2228098
0.2401711
0.2288126
0.2219451
0.2091212
0.2201891
0.2349128
0.2956292
0.2790531
0.2547152
0.2631928
0.2544707
0.2471353
0.2329485
0.2289244
0.2388487
0.2963575
0.2887345
0.220354
0.2626487
0.2724595
0.2807122
0.2567843
0.2415817
0.2371093
0.2274316
0.255487
0.2376094
0.2381718
0.28824
0.296679
0.2948507
0.2314449
0.2521392
0.2915715
0.3051844
0.295388
0.3019794
0.3055345
0.3471137
0.3165227
0.3045883
0.3021845
0.2959812
0.2603339
0.292435
0.2987789
0.2623819
0.3087896
0.2859932
0.327206
0.3271334
0.3403094
0.345148
0.2791493
0.2689699
0.2438174
0.2208677
0.2350816
0.2344838
0.2962714
0.3095302
0.2791687
0.3209016
0.2969811
0.3056294
0.2628923
0.3126257
0.2805163
0.2748953
0.2553997
0.2282776
0.2494135
0.2666041
0.2907718
0.3189492
0.3372429
0.298092
0.2532118
0.2650525
0.2646237
0.3097891
0.2549057
0.3158902
0.2964966
0.2891451
0.2614453
0.2915938
0.290082
0.2877396
0.2773664
0.3056481
0.354018
0.3198292
0.3307508
0.299751
0.2645637
0.2912383
0.2636198
0.3027654
0.3133637
0.3249707
0.2535623
0.3000733
0.3543727
0.3082322
0.316138
0.314311
0.2703414
0.320718
0.2871035
0.3482794
0.3111997
0.3599084
0.3496607
0.3263864
0.3552058
0.3005551
0.2646019
0.2881805
0.3241558
0.2965547
0.2846956
0.2770901
0.3135329
0.3189055
0.2736813
0.2814557
0.2567666
0.2400046
0.2830748
0.2992656
0.2486064
0.2153342
0.2221613
0.2010127
0.1920011
0.2190277
0.230958
0.2813853
0.2668347
0.2581849
0.3072956
0.342103
0.328755
0.2808085
0.2475284
0.2509732
0.2607133
0.2725311
0.2607048
0.2424212
0.2903359
0.263514
0.3301041
0.3326684
0.3727601
0.3704998
0.3057346
0.2761258
0.298568
0.2788287
0.2291791
0.2323866
0.2137728
0.2055043
0.2603473
0.258508
0.3083663
0.345543
0.3249956
0.3172918
0.3153802
0.3146889
0.3568886
0.3544662
0.2889705
0.3090777
0.3045716
0.2885937
0.3231372
0.3722465
0.3003149
0.2856767
0.2750501
0.2873952
0.2952946
0.3684365
0.3315381
0.3005434
0.3058934
0.3010121
0.2902526
0.3105693
0.2918389
0.318777
0.3455673
0.3734969
0.2970003
0.2951786
0.2810751
0.2434723
0.2513719
0.2544169
0.2566327
0.2677143
0.265799
0.2542288
0.299487
0.3002366
0.2855223
0.275017
0.2352568
0.2360425
0.2437473
0.2768925
0.2896672
0.3013361
0.3217786
0.3202408
0.2920678
0.2568702
0.2281764
0.2250719
0.2239497
0.252521
0.2760442
0.2498992
0.3089875
0.2901197
0.2809195
0.3334352
0.3089004
0.2905375
0.3464312
0.312158
0.2781539
0.2324142
0.2145178
0.2378254
0.2668776
0.2432166
0.2414744
0.2479519
0.2291324
0.2083922
0.2460972
0.2489591
0.2767431
0.2880386
0.3001708
0.3444263
0.3617706
0.3612336
0.3644298
0.317772
0.3091855
0.3186502
0.2793541
0.3281004
0.3293992
0.3895051
0.386018
0.3892701
0.3540347
0.2972647
0.3108217
0.2849767
0.2811726
0.2630327
0.2542422
0.2625528
0.2479328
0.2539701
0.3034697
0.3110391
0.2996274
0.3272103
0.2840009
0.3301718
0.2948225
0.2682594
0.2774926
0.2702475
0.2547352
0.2648682
0.2983973
0.318967
0.2764767
0.2747822
0.289983
0.2744496
0.2570901
0.2662692
0.2461046
0.2628448
0.2681071
0.290952
0.2945252
0.3062388
0.3333547
0.3317939
0.3595434
0.3095456
0.2638329
0.3027094
0.286428
0.2775729
0.2940587
0.2823997
0.2557427
0.3142786
0.2567062
0.3093273
0.3273595
0.3307398
0.3671248
0.3167177
0.3470265
0.2963969
0.276271
0.282587
0.2867
0.2825901
0.2862723
0.2770754
0.2992936
0.3210697
0.3256622
0.2852149
0.2774084
0.324449
0.3325147
0.3162214
0.3190319
0.2827505
0.2672725
0.2920444
0.3129717
0.3239692
0.3332498
0.3082403
0.2785425
0.3203603
0.2891092
0.3523101
0.3574445
0.4340578
0.3439823
0.3590982
0.3706458
0.3051623
0.2609547
0.2751616
0.2768703
0.2638262
0.2568625
0.3210928
0.3018512
0.2899834
0.2517157
0.2972952
0.3521052
0.3432354
0.3189493
0.3330286
0.3636495
0.3449624
0.3073694
0.3085145
0.3474467
0.3551039
0.3239182
0.3024963
0.2841534
0.25208
0.2711868
0.2715942
0.2934601
0.3094534
0.2649927
0.2799234
0.2353976
0.2633199
0.2746309
0.2686129
0.2863059
0.2579799
0.2629942
0.2569343
0.2447343
0.2446752
0.2349018
0.2304468
0.2226727
0.215419
0.2093049
0.219849
0.2359025
0.2667736
0.3123481
0.28296
0.2969198
0.3219846
0.2968472
0.2946556
0.282189
0.2908107
0.278736
0.284436
0.2906987
0.2875544
0.2779931
0.2959893
0.2766533
0.3011997
0.3071119
0.322098
0.347964
0.4232447
0.3861714
0.3313106
0.3189544
0.3373162
0.3207272
0.3706855
0.3211712
0.3079588
0.2686405
0.2513207
0.2419173
0.2373643
0.2376973
0.2478089
0.2797256
0.2844188
0.2496448
0.2543949
0.2286912
0.2686349
0.3180576
0.2570093
0.3151054
0.3049328
0.2804633
0.2631873
0.3200483
0.3281474
0.2963005
0.2735602
0.2841314
0.2958395
0.2906449
0.2671011
0.2452606
0.2447493
0.2191373
0.1805096
0.1930949
0.2341493
0.214009
0.2433196
0.2384395
0.3003417
0.284517
0.2850798
0.2942009
0.2699638
0.2932947
0.2651957
0.2673813
0.2735953
0.3203536
0.3327278
0.3017038
0.3124792
0.3472581
0.3048513
0.3081002
0.2947299
0.2770388
0.2689956
0.2588436
0.295614
0.3268001
0.2846948
0.2260247
0.2564846
0.2980945
0.2685219
0.2826111
0.3050172
0.3164643
0.307894
0.2729472
0.2514581
0.3123589
0.2829839
0.2763555
0.2604515
0.2306705
0.2390789
0.2197193
0.2644169
0.3045124
0.3164124
0.304965
0.2982367
0.2994891
0.3019034
0.2597562
0.259258
0.262868
0.2530063
0.2789213
0.2771188
0.2811418
0.2663731
0.289466
0.2766431
0.2822043
0.2902087
0.3117737
0.355054
0.3171036
0.290957
0.2913194
0.3169681
0.3185889
0.3365335
0.3466592
0.3339129
0.3180065
0.3356153
0.3141199
0.2926232
0.2929507
0.3070509
0.3161859
0.3266909
0.2752879
0.2487097
0.251345
0.2849333
0.3104463
0.3037215
0.2936758
0.3019438
0.3239023
0.2946889
0.2778472
0.2851355
0.2855123
0.2506092
0.2530458
0.2773534
0.3039935
0.3110878
0.355754
0.3033106
0.3407797
0.2987016
0.2952447
0.3377125
0.3715337
0.3625854
0.3850399
0.318785
0.3246285
0.3309677
0.3444343
0.3443272
0.3276785
0.3614637
0.3370837
0.3183524
0.367678
0.3744892
0.3296149
0.3821182
0.3441439
0.2962152
0.2708109
0.2927728
0.2945855
0.2899268
0.2596533
0.2989612
0.2923402
0.2636812
0.2777423
0.2349091
0.2762145
0.3052904
0.3058739
0.2871096
0.2614296
0.2166891
0.2768729
0.2291576
0.2333501
0.2511332
0.255226
0.2244455
0.2472665
0.2370339
0.2810112
0.3068039
0.3109127
0.252218
0.2787135
0.2625658
0.2009984
0.2298795
0.2864404
0.3057133
0.255673
0.2660108
0.2544226
0.2731752
0.2157592
0.261078
0.2887769
0.2598334
0.2667147
0.2173237
0.2436498
0.2539832
0.2855324
0.2576431
0.2301779
0.2345396
0.2439963
0.2548756
0.2448162
0.2324735
0.2180446
0.2148584
0.2276534
0.2882817
0.2715476
0.2539274
0.2307434
0.2769611
0.2502592
0.2700258
0.2450272
0.2185931
0.2355302
0.2606551
0.2497438
0.2244142
0.2618438
0.2646237
0.3013897
0.2984926
0.2782198
0.2962708
0.2439142
0.2625591
0.2775069
0.256815
0.2546179
0.2680301
0.2622783
0.2306894
0.2093843
0.2356827
0.200864
0.241129
0.2482331
0.2882272
0.3058603
0.285518
0.2619569
0.3156328
0.3751675
0.3069095
0.3077254
0.2969501
0.2964782
0.2814976
0.3515505
0.3331065
0.2596762
0.2653247
0.1992161
0.2381966
0.2272926
0.2080455
0.2385914
0.3107693
0.2877782
0.3291002
0.3378285
0.3205825
0.3597708
0.3317025
0.2931355
0.2736188
0.257806
0.2445515
0.2272401
0.2833878
0.2394718
0.2284281
0.2565794
0.229711
0.2307717
0.2017109
0.2097893
0.2302208
0.2563536
0.2465788
0.2300085
0.2054799
0.2431612
0.2486753
0.2503008
0.2533907
0.3194206
0.3112495
0.324263
0.3357931
0.3122054
0.2851091
0.3359565
0.3085617
0.2893449
0.2724514
0.2567441
0.2386955
0.2189562
0.2422486
0.2411681
0.2580741
0.2762915
0.293897
0.297367
0.2853231
0.2767126
0.2768938
0.2693018
0.2803365
0.3583659
0.3633058
0.3451169
0.3705014
0.3353641
0.3022644
0.2859107
0.305733
0.2926315
0.3134618
0.3094745
0.2904466
0.2799424
0.2672821
0.2219335
0.2557989
0.2658336
0.2916032
0.2455172
0.2169254
0.2050391
0.1930968
0.2017249
0.2297763
0.2609049
0.2465835
0.2648174
0.2678687
0.2737656
0.2458448
0.272599
0.258643
0.2953432
0.2688941
0.2875457
0.2983853
0.2705875
0.261732
0.2437557
0.318152
0.3053072
0.2919323
0.3086455
0.3243545
0.3128365
0.3083968
0.2602124
0.2947746
0.2972118
0.2908671
0.2953911
0.3494226
0.3233883
0.3429817
0.3179202
0.2990087
0.3092726
0.3002774
0.2928343
0.2823406
0.2726731
0.2355125
0.2425386
0.2868965
0.2611818
0.2797615
0.3161048
0.257132
0.2689913
0.2993754
0.2830563
0.2550417
0.2799962
0.2788823
0.293292
0.265117
0.2815004
0.2986993
0.2667228
0.2678218
0.3043134
0.2992929
0.2474644
0.2463189
0.2426296
0.2829362
0.3013974
0.3386991
0.2765991
0.2865375
0.2601725
0.2637461
0.2813661
0.2711123
0.3140122
0.3092166
0.2981764
0.3146188
0.2823101
0.3580944
0.3328064
0.3231684
0.293066
0.2740903
0.2382575
0.2313251
0.2569266
0.2613231
0.3289868
0.33318
0.3327555
0.2736048
0.2422604
0.2415594
0.2270028
0.2157327
0.1991497
0.247651
0.2520636
0.2633798
0.2655778
0.2863347
0.3116339
0.2688802
0.2649119
0.2908783
0.3025047
0.2942556
0.2999552
0.279462
0.2320661
0.2591635
0.3185203
0.3383127
0.3449064
0.3527748
0.3139748
0.3264644
0.3098461
0.321555
0.2894626
0.2606558
0.2969491
0.3332993
0.2912555
0.249142
0.2586483
0.2769308
0.30427
0.2938946
0.3019651
0.2940609
0.2449388
0.2312257
0.2338063
0.2479557
0.2279085
0.2658618
0.2637415
0.2102272
0.268497
0.2442541
0.2311126
0.2385785
0.2615017
0.2153113
0.2131308
0.1898117
0.1966949
0.2003111
0.1991807
0.2497075
0.2512508
0.2690943
0.2159214
0.2009533
0.2055817
0.2349239
0.2813969
0.2638826
0.286287
0.2517292
0.2751081
0.317532
0.2917296
0.2930334
0.2574168
0.2670409
0.2574373
0.2587429
0.2961202
0.2793138
0.2277178
0.2456121
0.2804903
0.2360544
0.2427718
0.2654903
0.2624591
0.282083
0.2782059
0.2584437
0.3127533
0.2682142
0.2719054
0.2517683
0.2840113
0.2903397
0.3357079
0.2819202
0.2597901
0.2248518
0.2606798
0.2636299
0.2710748
0.2404813
0.2226169
0.1998752
0.2110848
0.2376465
0.2238456
0.2218527
0.2185367
0.1976669
0.2257845
0.2466354
0.2231642
0.2198971
0.2327725
0.2621577
0.2699621
0.2576956
0.230055
0.2324987
0.1986778
0.1904543
0.1677436
0.1837011
0.1821541
0.2020033
0.2177073
0.2154976
0.2366891
0.2221356
0.2525752
0.2687564
0.2514733
0.2295292
0.2100155
0.2326557
0.2287927
0.2703242
0.25442
0.2739078
0.2565594
0.2566858
0.2737549
0.2419613
0.2644357
0.22069
0.2349101
0.2256313
0.2173586
0.2252235
0.2617678
0.2483917
0.2955019
0.2959264
0.3259082
0.2871492
0.2433006
0.2421989
0.2412803
0.2325501
0.2963499
0.2601889
0.2899413
0.3228621
0.3238966
0.2975881
0.2764551
0.2694389
0.2539623
0.2635823
0.2361221
0.201588
0.2277198
0.2308857
0.2428633
0.238775
0.2355396
0.2230706
0.2297519
0.2352612
0.2294318
0.22718
0.2104325
0.2353182
0.2256231
0.2282778
0.2463253
0.2605218
0.2653288
0.2543329
0.2398806
0.2782507
0.2815764
0.2562576
0.2751561
0.2707485
0.2627454
0.2582818
0.2670559
0.2637993
0.3054746
0.2809234
0.2432288
0.2586639
0.2474048
0.2358783
0.2373695
0.2793233
0.2789435
0.2258249
0.2429508
0.2368812
0.240107
0.2470523
0.2756058
0.2862338
0.285497
0.2638578
0.2894269
0.2995957
0.3134853
0.2961367
0.2760255
0.260402
0.2327883
0.2485096
0.2587636
0.3070854
0.3487402
0.3061625
0.2970208
0.2519018
0.2796606
0.2651992
0.2748876
0.2558661
0.2526548
0.3059116
0.3106203
0.3677265
0.3780368
0.396689
0.3198523
0.3135791
0.3533037
0.3136599
0.2984927
0.3116973
0.2918797
0.3478024
0.3676276
0.3125533
0.2924723
0.2996082
0.2831217
0.276445
0.2346118
0.2256687
0.2630377
0.2414581
0.260479
0.2868209
0.2910073
0.3145273
0.2973707
0.2628354
0.2695065
0.2894466
0.2842844
0.2694302
0.3169968
0.3358459
0.3362514
0.3052313
0.3298859
0.3296765
0.2993465
0.2838943
0.2613162
0.2566195
0.2658681
0.31142
0.2796656
0.23039
0.2304194
0.2360932
0.2304418
0.287366
0.2635784
0.2744228
0.270489
0.2591649
0.2390122
0.2236902
0.2207942
0.2619539
0.3052467
0.2751156
0.2779013
0.3033616
0.2701917
0.2351853
0.2645603
0.2422417
0.2137168
0.2511698
0.2460611
0.259817
0.2492139
0.2442577
0.2599935
0.2904112
0.3622242
0.3117969
0.2837516
0.2869487
0.3185032
0.3041864
0.3542689
0.322316
0.2794336
0.2923328
0.2830679
0.2646391
0.2753519
0.3155873
0.306549
0.3132848
0.3042317
0.2675625
0.2441078
0.2509495
0.2682618
0.3347741
0.310976
0.2668874
0.249777
0.2955457
0.2989192
0.3160439
0.2933143
0.2941163
0.3170739
0.2961861
0.2583211
0.2871891
0.2965428
0.3089428
0.2732156
0.3065938
0.2888207
0.2585537
0.2946261
0.3019087
0.3260903
0.3389825
0.3211151
0.3246315
0.3150788
0.3009191
0.2980385
0.2918169
0.3080219
0.317112
0.3339006
0.3589195
0.3083225
0.293315
0.2978287
0.2929405
0.3450016
0.2976729
0.3530258
0.4273791
0.3889969
0.3440941
0.3436706
0.3393714
0.3009799
0.3520693
0.3268241
0.3066548
0.2822894
0.2893526
0.2853931
0.3276182
0.3254998
0.2915036
0.2525073
0.2821579
0.3136128
0.2454076
0.2246152
0.2779012
0.2456142
0.2694805
0.2714978
0.2626466
0.3168712
0.3517768
0.3433814
0.3243695
0.3351123
0.2732676
0.3296552
0.3682128
0.3420842
0.3210354
0.3326875
0.2891505
0.2942658
0.2866067
0.2808939
0.2969821
0.3316932
0.2956396
0.2565633
0.2864126
0.2993922
0.3220249
0.2633528
0.3149593
0.3113264
0.349936
0.2887179
0.2565151
0.2716247
0.2809076
0.3304336
0.3308503
0.3244997
0.3531127
0.3364181
0.3482512
0.3353105
0.3624255
0.368173
0.3575722
0.3878498
0.3009623
0.3389068
0.3151801
0.3292475
0.2926766
0.2981996
0.3058615
0.300915
0.2789004
0.295649
0.266016
0.2667966
0.298165
0.3041386
0.3016498
0.2487595
0.264582
0.2797517
0.3027619
0.2959376
0.3258719
0.2936975
0.2833093
0.2603701
0.2569236
0.2604259
0.2861656
0.322266
0.3674894
0.3121744
0.299164
0.2784726
0.28923
0.3132577
0.3376142
0.446023
0.3133544
0.2914726
0.2860964
0.321567
0.2799402
0.3331008
0.3018535
0.2802843
0.2717538
0.3156906
0.2999361
0.2975736
0.3286113
0.3254626
0.3498626
0.3684667
0.3538952
0.3461454
0.3557215
0.3385213
0.3954419
0.3656546
0.3446516
0.3373377
0.3706581
0.3647928
0.4002898
0.3535889
0.3683767
0.3378452
0.3260844
0.3509199
0.389714
0.411039
0.308167
0.3339881
0.3108155
0.2713142
0.254717
0.2928196
0.2984412
0.2957888
0.3227509
0.2985773
0.2693585
0.3103018
0.2908546
0.285552
0.2597158
0.2823001
0.3136162
0.3347738
0.3442973
0.3543681
0.3627933
0.3232393
0.3148652
0.2682601
0.2914029
0.2614335
0.235746
0.2084659
0.2485228
0.269353
0.2900209
0.2933321
0.2974098
0.2921241
0.2756425
0.2628976
0.2088427
0.2302925
0.2462691
0.3152566
0.3386831
0.3470757
0.3085599
0.345146
0.3340906
0.3303017
0.3002775
0.3613369
0.3511529
0.3132277
0.2754605
0.2956762
0.2396002
0.2679077
0.2839713
0.2632595
0.2599418
0.2714699
0.3088871
0.2877779
0.3219644
0.3222996
0.3567658
0.3506511
0.3532095
0.338085
0.2956991
0.3223926
0.3100448
0.271762
0.2858186
0.2971578
0.2845809
0.2984276
0.310301
0.3023767
0.323437
0.3110726
0.311773
0.265641
0.2751561
0.2597523
0.2528418
0.274551
0.3011239
0.2694223
0.2629417
0.2582485
0.3033637
0.3039701
0.2561493
0.2681402
0.2219946
0.219426
0.2361206
0.2144934
0.2310305
0.2362462
0.2556984
0.2474702
0.2755407
0.2946117
0.3163481
0.2931464
0.274
0.2438065
0.2726748
0.3422207
0.3068269
0.3097614
0.2689296
0.3006711
0.2738331
0.2882979
0.2891954
0.2875044
0.2915739
0.2897879
0.2772539
0.3149246
0.2917545
0.2902344
0.2518025
0.293134
0.2821708
0.3455486
0.2797307
0.2920604
0.2900807
0.2661759
0.2612105
0.2153073
0.280755
0.2488884
0.2865375
0.3064921
0.2857283
0.3201722
0.283813
0.3285262
0.3886292
0.3882896
0.3315148
0.2844214
0.3526616
0.3422711
0.360836
0.2605801
0.2544848
0.2375713
0.3019627
0.2773668
0.2791121
0.2819591
0.3082826
0.2778517
0.2948479
0.298758
0.2763808
0.2650174
0.2414234
0.2344085
0.2057772
0.2546118
0.2098334
0.2608077
0.2755985
0.2891462
0.33213
0.3561045
0.3103831
0.2660497
0.2849506
0.273047
0.3051018
0.2818632
0.322475
0.3399612
0.302338
0.3304981
0.3352611
0.2753461
0.302573
0.2809359
0.3296282
0.3464566
0.276101
0.2819596
0.3078975
0.313045
0.2946352
0.2848464
0.3171575
0.3421979
0.2834566
0.2620422
0.3056806
0.272497
0.2623314
0.2749112
0.3110711
0.3020356
0.2608657
0.263469
0.2508742
0.2619848
0.2408902
0.2308541
0.2388053
0.2819666
0.2868273
0.2786249
0.2961708
0.3619774
0.311778
0.2996013
0.318727
0.2731938
0.2507207
0.2623137
0.2603478
0.2563764
0.2267424
0.222073
0.2839226
0.2378503
0.256346
0.2370245
0.2553727
0.2529379
0.2972206
0.3000547
0.2788033
0.2462873
0.2447287
0.2398601
0.258337
0.2544459
0.2477671
0.2888644
0.274078
0.2789081
0.2651217
0.2654113
0.2353843
0.2675669
0.2405649
0.2337314
0.2803952
0.2650793
0.235471
0.2502793
0.2576639
0.270994
0.2675766
0.3040916
0.3200068
0.3223472
0.3169063
0.302502
0.3326823
0.3315194
0.2845874
0.2849157
0.2842292
0.2725004
0.2624571
0.2548459
0.2797881
0.2715044
0.2724203
0.2348884
0.2620087
0.256782
0.2334255
0.2680091
0.2895299
0.2942881
0.2597825
0.2629486
0.2758398
0.2665877
0.2586016
0.2637373
0.279786
0.2728993
0.2626364
0.2548085
0.2631634
0.2670169
0.2704976
0.2585458
0.2491062
0.2764509
0.2917629
0.2979225
0.2696739
0.2610454
0.2651231
0.267957
0.2939923
0.2696917
0.2928737
0.2322001
0.2775928
0.286503
0.2861397
0.2526276
0.2338571
0.2132369
0.2301503
0.2640726
0.2998498
0.265951
0.2951374
0.2867094
0.3039272
0.3265987
0.3277883
0.3119542
0.2679669
0.2854906
0.2561956
0.2689479
0.226767
0.2460711
0.2524539
0.2678124
0.2622148
0.2653061
0.2755685
0.3177084
0.2540989
0.2562114
0.2513848
0.2395975
0.2283342
0.2402278
0.2561221
0.2381075
0.2232057
0.2449661
0.2428149
0.2298399
0.2557643
0.2557665
0.2828948
0.2391464
0.2369912
0.1905661
0.1769217
0.1756938
0.2232788
0.2141921
0.1977896
0.2187214
0.2147333
0.1977574
0.2111468
0.2233507
0.2369946
0.2067574
0.2112526
0.2689813
0.2774799
0.2774655
0.2869874
0.2742869
0.246906
0.2523589
0.2397814
0.2285666
0.2575898
0.2675107
0.232129
0.2489312
0.2171518
0.2373953
0.2343337
0.2509414
0.2675139
0.2504261
0.25132
0.239125
0.2465771
0.2718486
0.2692773
0.2441454
0.2645631
0.2620388
0.2521851
0.2614132
0.2669612
0.2900016
0.2471251
0.2530984
0.2955468
0.2758467
0.273624
0.2693958
0.2510712
0.2762284
0.2635442
0.2403929
0.3031884
0.2854614
0.283853
0.2690666
0.2895094
0.3177887
0.332252
0.2587737
0.2269743
0.2159316
0.2305491
0.2719356
0.2671204
0.2328609
0.2593254
0.2473762
0.2387371
0.2646891
0.2598594
0.2836615
0.2697182
0.2333839
0.2202834
0.2558246
0.2997622
0.2721789
0.2827704
0.2412699
0.2575334
0.2861324
0.2771937
0.2559879
0.2420111
0.2476979
0.2360327
0.2439494
0.1933223
0.2083864
0.2569213
0.2949872
0.3648279
0.2853961
0.3266551
0.3202112
0.3253224
0.2865772
0.2513435
0.2228719
0.2279421
0.2313866
0.2534621
0.2564952
0.2569192
0.2861014
0.2938395
0.2751089
0.2943498
0.3148282
0.3286588
0.3251531
0.3407581
0.3252621
0.2951474
0.3158706
0.2925538
0.3244416
0.330486
0.2922443
0.3027883
0.3158589
0.2962901
0.2949336
0.2487677
0.2988902
0.287469
0.3336684
0.3405351
0.3426503
0.3453658
0.2663511
0.2347633
0.2528474
0.2452585
0.2746641
0.3022885
0.3103756
0.3161185
0.3107345
0.2933427
0.2682409
0.2578796
0.2763342
0.2504961
0.2365481
0.2231216
0.2289249
0.2460818
0.2073383
0.2080131
0.1955858
0.1942593
0.2393982
0.208397
0.2393051
0.2511139
0.2556106
0.2430211
0.2344831
0.2291063
0.2768609
0.2838419
0.3101047
0.2979815
0.3341603
0.3321595
0.3425257
0.3453698
0.2759119
0.2860434
0.2837398
0.2448769
0.2645727
0.3068736
0.2747589
0.2275719
0.2601885
0.2553267
0.2842464
0.2861969
0.2835342
0.3169608
0.29304
0.2474483
0.234264
0.2264911
0.2460475
0.267389
0.2991101
0.299072
0.287731
0.3064622
0.3296896
0.3130219
0.3319055
0.3831552
0.3704408
0.3166628
0.2450022
0.2500255
0.2814005
0.2498316
0.2236987
0.238909
0.2485317
0.2212347
0.2018352
0.2023576
0.1764584
0.201661
0.2099626
0.2267196
0.2424646
0.2100094
0.1850751
0.2682857
0.3309208
0.2939373
0.3087787
0.2770075
0.2860661
0.266819
0.2733506
0.2973109
0.3218689
0.3597489
0.301325
0.3255026
0.3536633
0.3208536
0.3535157
0.3667663
0.3732223
0.3339799
0.3172059
0.338021
0.2772462
0.2677961
0.266029
0.2851935
0.3003467
0.3023816
0.2923431
0.3256847
0.3284975
0.2939352
0.2775172
0.2826664
0.271435
0.2738655
0.3049651
0.3350366
0.3218604
0.2726189
0.2569382
0.3017128
0.2966762
0.2626186
0.27455
0.2770048
0.3290953
0.3062402
0.3109173
0.2750077
0.2808182
0.275847
0.2790711
0.2993515
0.2922815
0.2851121
0.2869218
0.309456
0.2859333
0.2978497
0.2672075
0.2201965
0.2570874
0.2503306
0.2317539
0.1996994
0.2118722
0.2597582
0.255261
0.2541697
0.2431977
0.3089558
0.3041904
0.3103753
0.3275791
0.3293244
0.2943623
0.301305
0.295438
0.2791644
0.2675754
0.3114504
0.3146549
0.3461755
0.3611832
0.3495375
0.3493551
0.3846608
0.3413545
0.2905253
0.3173367
0.3256258
0.3558271
0.3253296
0.2815745
0.3522048
0.3951956
0.3153456
0.299794
0.2647572
0.3126585
0.3106841
0.3089834
0.262167
0.274571
0.2649926
0.2593825
0.2956204
0.2750789
0.2481507
0.2423139
0.2322513
0.1851973
0.227949
0.2690029
0.2796655
0.3268429
0.2894305
0.3138581
0.3203831
0.3352259
0.3359682
0.3156514
0.2857237
0.306375
0.254081
0.2215904
0.2407079
0.2391019
0.2062588
0.2131002
0.2146226
0.254176
0.2430205
0.2799452
0.3409781
0.2816808
0.2666822
0.2300573
0.2223191
0.2350531
0.2246053
0.2814964
0.3273444
0.2838819
0.291945
0.2573681
0.2848696
0.3239466
0.3594629
0.3408769
0.362339
0.3120188
0.2618795
0.2697726
0.280738
0.302977
0.3117896
0.2575345
0.310245
0.2909958
0.3182753
0.3629928
0.3435376
0.3117107
0.3259347
0.3608666
0.3285735
0.3283536
0.3073553
0.3592108
0.265952
0.3413433
0.3000086
0.2564052
0.2725981
0.2886563
0.2734662
0.2854238
0.3150169
0.322969
0.2696819
0.2622866
0.2659384
0.2442853
0.2256019
0.2682908
0.2655077
0.2618831
0.2895135
0.2856004
0.3267884
0.3197099
0.3296174
0.3748099
0.3664787
0.3308042
0.307127
0.3104624
0.2464914
0.274967
0.309222
0.3024618
0.2826741
0.2726198
0.2628333
0.2980282
0.2623572
0.3122043
0.2631513
0.2877906
0.2982836
0.3041568
0.3224174
0.3195493
0.314633
0.3187677
0.3402496
0.2964497
0.336838
0.3213478
0.3076102
0.3053269
0.3222222
0.2932766
0.2551791
0.2829089
0.2364435
0.2675438
0.2870068
0.2806534
0.2479824
0.2825041
0.2597312
0.2744616
0.3059508
0.3029282
0.2901921
0.2869175
0.3070008
0.3684173
0.3430528
0.3916829
0.3256262
0.3322226
0.3768119
0.2980091
0.3048476
0.3335539
0.2935635
0.2998447
0.2993977
0.2855445
0.2687847
0.3164674
0.334217
0.3351231
0.3187809
0.2743882
0.2919658
0.2361418
0.1950597
0.2030394
0.2964814
0.32718
0.2681187
0.2837135
0.2735321
0.2842629
0.2604263
0.2739056
0.3031415
0.3249169
0.3057929
0.3420193
0.2999513
0.2891644
0.2984611
0.3624302
0.3091012
0.331322
0.2856106
0.3143752
0.2990846
0.3300352
0.3190805
0.3285314
0.2856272
0.2627791
0.2453614
0.3156706
0.300159
0.3240328
0.3132024
0.3147959
0.3099537
0.2855375
0.2911132
0.3043592
0.2961847
0.2804308
0.2681378
0.2955266
0.30386
0.314321
0.3063845
0.3186807
0.259676
0.2681573
0.3305419
0.281655
0.2786359
0.2698443
0.2472931
0.2952396
0.2901374
0.3174348
0.2923514
0.2941058
0.3186732
0.3533505
0.3306795
0.3147152
0.3129403
0.3219953
0.3533041
0.3529261
0.341683
0.3599936
0.2977014
0.3296729
0.305113
0.2666452
0.2799535
0.232968
0.2211466
0.2216892
0.2485032
0.289684
0.3103597
0.3007214
0.2724527
0.275182
0.3371323
0.3669466
0.3353507
0.3450353
0.2954275
0.3500322
0.3435364
0.2851604
0.3150166
0.3404618
0.3772516
0.3669069
0.3456734
0.359713
0.3283901
0.3108483
0.3830125
0.3747078
0.3747892
0.378971
0.352915
0.298695
0.2540997
0.3356392
0.3990878
0.3316205
0.289636
0.3188617
0.2744461
0.3219882
0.3001223
0.339961
0.3065461
0.3221124
0.3074393
0.3720477
0.3392822
0.2615853
0.2712682
0.2614804
0.2538573
0.243597
0.216318
0.2075475
0.2390467
0.2716505
0.3001944
0.3111913
0.3524586
0.337663
0.3523884
0.3642896
0.2962163
0.3461582
0.3163608
0.2901062
0.2684576
0.290975
0.2739489
0.2692572
0.2741247
0.2733286
0.2570325
0.2517444
0.2897351
0.3018697
0.3415376
0.3250516
0.3227307
0.3031952
0.2957533
0.2971546
0.2776365
0.2847923
0.2687882
0.2439805
0.3363011
0.3194378
0.3302987
0.3367938
0.3307844
0.378746
0.3812866
0.3825905
0.3420024
0.3404383
0.3677878
0.3385813
0.3086905
0.3344975
0.3302151
0.3484009
0.3768756
0.3074762
0.2779781
0.2847984
0.3043762
0.2943863
0.2895951
0.2934169
0.3220184
0.3320515
0.3200411
0.2673452
0.2947687
0.2835298
0.2488548
0.261314
0.2621909
0.2763056
0.3376614
0.3464672
