factor(sex)1
0.07459546
0.06245775
0.01455783
0.02637281
0.05187796
0.1350679
0.1203143
0.06507043
0.003831439
0.05934922
0.05238992
0.09245327
0.01403437
0.05019512
0.02760991
0.08139481
0.05088001
-0.05452578
-0.04406283
-0.02015096
0.1210302
0.06033456
0.002746283
0.07211813
0.04950648
0.04428961
0.06027641
0.002681056
-0.01784769
0.02842196
0.03362909
0.06639129
0.0810991
0.02272954
0.1231774
0.0555023
0.06198425
0.0008098147
0.09654125
-0.07105544
0.07265511
0.05567888
0.03319977
0.01846296
0.1067486
0.04953518
0.01214074
-0.0003993715
0.06461184
0.09083825
0.05629918
0.0370053
0.04364725
0.01311405
0.07408404
-0.01268343
0.04341601
0.08523524
0.05259145
0.05413265
0.08300847
0.04757735
0.1238772
0.07703029
0.0325699
0.04866455
0.06710003
0.05169319
0.01111221
0.06837479
0.1212999
0.08188062
-0.03364811
0.1017639
0.09254377
-0.01053335
0.0533826
0.008333238
0.09748189
0.02616642
0.07329574
-0.0371841
0.08274845
0.0884985
0.06739209
0.0684367
0.06022844
0.08117313
0.1434682
0.05409261
0.1178409
0.02870744
0.06778352
0.02000894
0.02775976
0.05255887
0.06211759
0.07092561
0.02511104
0.04899951
0.04772318
0.07491976
0.03097947
0.06411372
0.08178136
-0.04211701
0.04313251
-0.02665547
0.07097411
0.09927197
0.05499872
0.05303013
-0.05901558
-0.04220558
0.08210347
0.03780162
0.06154501
0.01780579
-0.01718681
0.1298799
0.1004634
0.07473647
0.04832227
0.04536501
0.1014223
0.05397021
0.02787935
0.008799114
0.05017056
0.04197846
-0.003325034
-0.04179508
0.0564716
0.06244916
0.1034121
0.09439207
0.01778715
0.05004244
0.02225038
0.06285037
0.009838943
0.05682727
0.07059687
0.02465103
0.06746804
0.02037978
0.07214661
0.06970374
-0.03113018
0.04121169
-0.01076458
0.03485579
0.01166009
0.03542454
0.08299583
0.07312162
0.02700723
0.03812569
0.0245529
0.06866801
0.08110589
0.06513942
0.102043
0.0905893
0.06465545
0.03612286
0.01207965
0.04722404
0.05256975
0.04260348
0.03462731
0.1151821
0.02758882
0.02013579
0.03443978
0.0820404
0.04275236
0.07982736
-0.001147198
0.08958627
0.06766957
0.06298382
0.1364925
0.08247481
0.1317219
0.05910541
0.05987004
-0.02233674
0.02113881
0.0531348
0.1199918
0.1168625
0.03966238
0.04310006
0.02283314
0.1030721
0.03407546
0.02564869
0.007714272
0.07142625
0.04096439
0.03279769
0.04319123
0.06298189
0.03520737
0.07683662
0.04952523
0.003006074
0.09436553
0.004952143
0.07068598
-0.01831525
0.08017372
0.05551883
0.1078346
0.05544981
0.08190283
-0.02355065
0.0669402
0.02256916
-0.003577257
0.06113177
0.07276976
0.02171529
0.02346896
0.09061446
0.1170023
0.05290118
0.1551344
0.07691836
0.04566095
-0.01407609
0.01944829
0.04351507
0.003276072
0.0253194
0.09978508
0.05140658
0.0517134
0.177133
0.07495218
0.1238046
0.04260695
0.01910057
-0.01119079
-0.02942281
0.02214524
0.03936304
0.07815349
0.01441413
0.1031264
0.01978466
0.09395391
0.05697201
0.06198457
0.109914
0.02158029
0.06152075
0.03219461
0.1016071
0.08764057
0.08762998
0.03229071
-0.001167482
0.02796231
-0.03953691
0.07532455
0.03322061
0.02792602
0.06055961
0.09271976
0.08631759
0.01987084
0.1035057
0.05865998
0.07850382
0.005590586
0.0786909
0.09138728
0.08860131
0.09062853
0.1186937
0.0901839
0.02483073
-0.1158372
0.09017631
0.06887029
0.164908
0.1222085
0.02942427
0.03902157
0.06059135
0.05519648
0.04481584
0.1279251
0.04761152
-0.00706389
0.0661057
-0.005708609
0.1116961
0.02670941
0.04146165
-0.04267617
0.02034252
0.01573641
0.06460174
0.05688976
0.04571045
0.04754564
0.09529998
0.04651827
0.02348568
0.03641047
0.0793531
0.07903944
0.03086638
0.04340801
0.03270058
0.09265183
0.1166411
0.1197962
0.05918771
0.02974643
0.06326991
-0.03181486
0.04760181
0.02611152
0.05368439
0.04106109
0.05886332
0.03067069
-0.01587421
0.06061363
0.01477225
0.08649451
0.05144245
0.1043462
0.03365733
-0.0002881515
-0.008759491
-0.04448364
0.06311435
0.0294575
0.0235615
0.05754478
0.02783033
0.05737714
0.03039204
0.02360983
0.05459311
0.09325803
0.04279714
0.08099469
0.095426
0.1002851
0.06911539
0.07500744
0.1102141
0.05284368
0.06358542
-0.0068317
0.110138
0.06924028
0.02272287
0.05345177
0.05552879
0.08228945
0.07215375
0.09421513
0.004956351
-0.0001071897
0.04710462
0.006229175
0.04016848
0.09036985
-0.001028571
0.08254353
0.0161476
0.1047101
0.06083191
0.06395349
0.02337287
0.04848479
0.06960613
0.03464934
0.07064138
0.05790679
0.06236781
0.1077177
0.06842757
0.002239051
0.01288328
0.07116747
0.04755991
0.09978533
0.01042892
0.1146788
0.07626722
0.08390874
0.08462485
0.06958625
0.1263373
0.02613773
0.003705177
0.1240039
0.001802886
0.02451974
0.03886705
0.09917647
0.05857262
0.004507174
0.009305589
0.04354001
0.02787198
0.09786192
0.05307523
0.1101801
0.1049512
0.09986639
0.05832239
-0.04561823
0.173164
0.07670567
-0.002986233
0.04967969
0.06469057
0.01887597
0.0612184
0.006020104
-0.03017279
0.06844254
0.05262164
0.05949448
0.02698866
-0.006214613
0.05816022
0.0637139
0.0218018
0.02876032
0.03084328
0.04806496
0.04003338
-0.04047575
0.05871137
0.06649643
0.01405627
0.04087303
0.06041743
-0.01119204
0.1055335
0.05940716
0.003357193
0.0646905
-0.01294068
0.08040726
0.010954
0.02477534
0.0155435
0.005565946
0.04746849
0.006426724
0.03056821
0.003519988
0.06534745
0.02045693
0.03514861
0.05587363
0.09566986
0.08647509
0.06404551
-0.02733792
0.03436052
0.07693689
0.060482
0.0356038
0.0484929
0.07625909
0.1143808
0.01849382
-0.05986933
0.09872252
0.08629292
0.0408961
0.004638493
0.07752145
0.1060262
0.08014208
0.06485536
0.03196752
-0.03211394
0.09942064
0.1013956
0.009603244
0.05833543
0.1337527
0.036418
0.01950283
0.007535092
0.001916744
0.06588352
-0.02676463
0.06776515
0.1765097
0.04342837
0.08096732
0.0761378
0.01801027
0.1639085
-0.05670587
0.08472579
0.07435901
0.06156341
0.02265357
0.002017301
0.05924531
0.09140279
0.05387013
-0.009981184
0.04880962
0.04811278
0.005941987
-0.005911729
-0.01169845
0.06093589
0.06562757
0.05275845
0.07136966
0.09515516
0.04041183
-0.04301141
0.05806243
0.07772746
0.1364577
0.04454524
0.04891382
0.06235579
0.0183673
0.08892335
0.05498691
0.08637786
0.06894017
0.07129862
0.05522005
0.04163239
0.04729218
0.02188096
0.05557323
0.06480089
-0.0001989781
-0.00208495
0.09032537
0.09962065
0.03235063
0.07063399
0.0475611
0.1050534
0.1053698
0.1269121
0.02676819
0.05070601
0.057939
0.1329858
0.05004156
0.1129525
0.01829409
0.03580015
0.06057579
0.1252421
0.09593483
0.09690478
0.04897658
0.08277772
0.06075582
0.06126613
0.1108517
0.01654681
0.07713791
0.07550291
-0.00592813
0.02830157
0.004380384
0.05188125
0.1321249
0.105157
0.01844365
-0.0009514745
-0.003926101
0.007781012
0.02514474
0.06947655
0.02390496
0.028276
0.1062553
0.04601912
-0.006236642
0.08925238
0.03961278
-0.0116982
0.09225796
0.02966095
0.1025171
0.1040543
0.06322743
0.1475087
0.06587255
0.05003325
0.07034089
0.14653
0.172427
0.0660216
0.1412082
0.08557195
0.04874907
0.06997395
0.06480699
0.1170704
0.0414033
0.04710847
0.06369624
0.07398388
0.002197641
0.06292019
0.06859099
0.04198723
0.1634194
0.1131435
0.07541857
0.0395899
0.05159912
0.05770336
0.01821324
0.03391323
0.08369556
0.03963443
-0.008441395
0.04603738
0.0439062
0.06097799
0.1534247
0.1004839
0.1246533
0.02323874
0.1425612
0.02053808
0.08081234
0.04919345
0.03900498
0.09533623
0.04875953
-0.0133574
0.0507423
-0.02651386
0.03051549
0.0434027
-0.03618463
0.07575188
0.07602912
0.04819517
-0.0268006
0.03890892
0.07677582
0.04665817
0.09762205
0.1261793
0.08717209
0.1071152
0.02705393
0.01234376
0.07039551
0.1062378
0.06992744
0.06473372
0.05852157
0.05791922
0.102369
-0.01880951
0.0477216
0.1420907
0.1062873
0.04935409
0.06216867
0.07728966
0.04316515
0.06269965
0.0510344
0.03362976
0.09677781
0.06827376
0.04523759
-0.02611472
0.03834973
0.09913757
0.05140857
0.07805628
0.03023516
0.0517501
-0.02925657
0.04874924
0.06976139
-0.02252608
0.03454604
0.1092734
0.01262247
0.06752816
0.1077969
0.04792686
0.06574501
-0.03053059
0.06897369
0.03379824
-0.07818833
-0.02921258
0.09786423
0.0395255
0.02297942
0.108505
0.08963876
0.006985432
0.1048038
-0.00934358
0.001662265
0.04500769
0.1306883
0.07644719
0.09474266
-0.01361327
0.06424603
-0.0007730882
0.08548629
0.1215868
0.04438379
0.04428512
0.0009684429
0.1590716
0.1284453
0.1034417
0.03796237
0.04139236
0.1157927
-0.01852518
0.03133389
0.01650335
0.07002463
0.01314491
0.03269789
0.04846005
0.1287233
-0.01654782
0.1068233
-0.02018914
0.02894601
0.04285572
0.06162807
0.04585189
0.0446345
0.02328155
0.0278088
0.08208077
0.05742202
0.07690019
-0.008658159
-0.03040476
0.06031733
0.09112151
0.005153867
0.1321436
0.1098244
0.0554487
0.01971021
0.06692847
0.03316374
0.08003391
0.1786979
0.03283179
0.09273682
0.05240656
0.05005111
0.09969886
0.06667069
0.08719592
0.07432315
0.08407048
0.04163387
-0.01373549
0.04128208
0.07399584
-0.01095968
-0.01824489
-0.02163847
0.003525635
0.1122212
0.06379032
0.003171802
0.03389026
0.1101072
0.08022339
0.1225201
0.02024821
0.09571108
0.1281373
0.05706369
-0.01961012
0.05575694
0.1376273
-0.004531811
0.03675242
0.02129103
0.04026126
0.06840134
0.1203845
0.01096538
0.04117013
0.1407153
0.1236601
0.1174115
-0.0590796
-0.03547642
0.1116761
0.07455533
0.05641342
-0.004703739
0.03949941
0.07628068
0.09787577
0.05152381
0.02960527
-0.0007992235
0.1106655
0.02640879
-0.02644195
-0.01263906
0.04010823
0.008936408
0.03722908
0.1047738
0.01416618
0.05464548
-0.0143536
0.02937209
0.07116903
0.04380857
0.08691838
0.06315793
-0.0126853
-0.01505149
0.0573786
0.01279669
0.03129711
0.03200996
0.0736872
0.03554926
0.1104784
0.02383008
0.0706256
0.05951437
0.03812663
0.046359
0.1328854
0.05641597
0.1025925
0.05269274
0.03828963
0.06305634
-0.01541337
-0.001361801
0.03474972
0.09631597
0.01511315
0.06448073
0.1061326
0.06789624
0.05636569
0.1209202
0.04596517
-0.00174814
0.00672329
0.07922386
-0.007515545
-0.004000656
0.01284917
0.1557377
0.1041732
-0.03334072
0.02679075
0.03188505
-0.04266025
-0.02965244
0.04120217
0.02475687
0.04194491
0.08993802
0.08364146
0.07208915
0.1257386
0.1098798
0.03127353
0.02150617
-0.04342934
-0.00401394
0.06591701
0.1001615
0.05648343
-0.008182081
0.0312613
0.06174299
0.072072
0.08527197
0.02066702
0.08011308
0.05929634
0.05319455
0.06323665
0.04580206
0.1535124
0.07454326
0.03027833
0.004856181
0.1437558
0.100462
0.0499505
-0.0135272
0.06209124
0.05790399
0.0487625
0.1284539
0.1038677
0.07601306
0.07179837
0.1690639
0.03314944
0.02915207
0.08685649
0.06513619
0.02305795
0.1066665
0.00654886
0.05434315
0.07891911
0.04058012
0.1096304
0.09193609
0.07249481
0.02808854
-0.02356774
0.06258923
0.0206356
0.06728934
0.1410664
0.04896704
0.02267076
0.1053982
0.02395704
0.09720736
-0.001205351
0.05525062
0.01117078
0.06914803
0.08006306
0.006735029
0.05987967
0.1109848
0.09393619
0.1043954
0.1198944
0.06844494
0.08369449
0.09997518
0.02414121
0.06455769
0.09196923
0.0883346
0.0661939
-0.05883486
0.1266598
-0.03443981
-0.04674037
0.00904071
0.05463147
-0.01184325
0.0206262
0.07800577
0.0604041
0.04751303
0.02815773
0.02259087
0.09821358
0.0358063
0.06833112
0.02289869
0.04498944
-0.03193203
0.02120908
-0.008391836
0.02626359
-0.004846627
0.1259412
0.08525068
0.1166198
0.04458587
0.06514896
0.01205259
0.05086908
0.03593898
0.05362349
0.06893025
0.05285843
0.05258506
0.03800181
0.06459743
0.08272921
-0.06816634
-0.07913591
0.03538275
0.0382338
0.0571261
0.0768248
0.01230433
0.05304649
0.0680421
0.08582032
0.03328559
0.02673998
0.04906252
0.08015074
0.05239236
0.07700218
0.03835402
0.05189267
0.08236294
-0.01246109
0.04770213
0.009193936
0.08127133
0.0479387
0.04353328
0.05941423
0.04993938
-0.009664967
0.01812251
0.04267704
0.01069457
0.05242826
0.0508379
-0.01060553
-0.003995357
0.01859699
0.0600043
0.02314951
-0.008051167
0.04535558
0.05827205
0.03679
0.0602091
0.0501704
0.1012631
0.03199723
0.05048588
0.05520028
0.1107233
0.07470067
0.02527311
0.1116627
-0.04707106
0.03772055
0.01073837
0.07597826
-0.00578997
0.07210965
0.04404786
0.09276492
0.08246084
0.03253582
0.04727356
0.1065818
0.05547261
0.05896282
0.06313771
0.05096205
0.07463713
0.07304606
0.06941003
0.08570176
0.0472081
0.01852924
0.1378872
0.0835686
0.08884671
0.04834439
-0.04796402
0.09413363
0.102569
0.0137494
-0.002009111
0.008844272
0.006318295
0.006002017
0.02782269
0.1235521
-0.007567321
0.01002005
0.05095345
-0.01241004
-0.01909349
0.07619729
0.008631652
0.05743898
0.07476805
0.07438944
0.08411514
0.1045735
0.03539884
0.07873678
0.05331103
0.1071741
0.06704325
0.07007279
0.06931162
0.09302452
0.04562541
0.04212738
0.03776742
-0.05974226
0.008778442
-0.0132047
0.1115899
0.0727474
0.1095474
0.05649988
-0.001076596
0.001990049
0.08625049
0.123428
0.08889545
0.01006106
0.09372958
-0.02350772
0.06865673
0.1059714
0.06822414
0.01069636
-0.01552795
0.05687231
0.007928412
-0.004066051
0.007344032
0.04054675
0.1753338
0.1068714
-0.01293048
0.05099819
0.1588598
0.03871519
0.04364345
0.1126868
0.08285728
0.1116277
0.04455354
0.1541646
0.02796268
0.07811513
-0.002781294
0.02233258
0.06585741
0.1680199
0.06419965
0.09659535
0.08138636
0.1021109
0.03789221
0.0942793
0.02328414
0.1033368
0.10047
0.05606233
0.07883757
0.03098466
0.1119259
0.1048091
-0.04356928
0.07036296
-0.0009463897
0.02223494
0.05195042
0.08600633
0.07130922
0.02222143
0.07848803
-0.02838731
-0.01803362
-0.04035798
0.06067546
0.04709756
0.02711169
-0.01713736
-0.01953171
0.1082657
0.1226833
0.03629447
-0.02407201
0.1131109
0.08736992
0.008978271
0.03035129
-0.01442699
0.06844532
-0.006244299
-0.01641588
0.02698276
0.07023019
0.1106552
0.006294313
0.07312548
0.06826369
0.01940466
0.04575558
0.05111465
0.05085346
0.07895655
-0.01017466
0.01844348
0.04387717
0.05662815
0.04218186
0.1194369
0.1382123
0.0349317
0.07512838
0.04665115
0.1176702
0.009781573
0.06054614
0.02422579
0.09216129
0.05312144
0.1041658
-0.004598272
0.105383
0.09477703
0.1150492
0.07933694
0.0920616
0.0430988
0.07014788
0.08281117
0.00652903
0.003935272
0.05270374
0.1138385
0.1098742
0.04904621
0.0885521
0.04424351
0.03076348
0.02478561
0.06838157
0.0657323
-0.009024172
0.06758848
0.05742168
0.02335604
0.0577375
0.05847475
0.1018146
0.07604861
0.009617431
0.05626287
0.1246329
0.0194863
0.08807688
0.0520739
0.03490794
0.02819431
0.04084534
0.09021098
0.01086819
0.0788048
0.06203583
0.04128002
0.1020236
0.03968279
0.0590688
0.05955163
0.08074507
0.06062788
0.03201441
0.01399753
-0.153848
0.1542909
0.06124539
0.0254761
0.013177
0.06615377
-0.02203652
-0.02566599
0.0890236
0.01550261
0.05722999
0.01531149
0.1004384
0.0211464
0.0648864
0.02204198
0.0571593
0.07205369
0.07639723
0.05737917
0.004508879
-0.008066103
0.1132886
0.1533679
0.03260557
-0.002489506
0.03174535
0.04075095
0.02615283
0.003592381
0.07926405
0.07209431
0.08929781
0.05402633
0.03840594
0.07232866
0.0532486
0.01547009
0.1148636
0.07552633
0.008074595
-0.006862731
-0.0288888
-0.012851
0.05590572
0.08544275
-0.002920161
0.01836882
0.06584509
0.05069137
-0.02885478
0.02554781
0.02208303
0.05248455
0.03582957
0.09720594
0.08726863
0.03741831
0.05122341
0.01048457
0.04245202
0.08930905
0.0531834
0.01538858
0.03231195
0.1622341
0.0526883
0.02164357
0.09499767
0.03750136
-0.003139747
0.07979924
0.09241889
0.05513422
0.03675149
0.0423282
0.000126534
0.1506244
0.1203986
0.1236019
0.09474512
0.1001163
0.08045341
0.0155169
0.01217469
0.02824334
-0.01207733
0.08205129
0.08809728
0.08877625
0.061785
0.06222535
-0.00472902
-0.01452829
0.004400763
0.0719422
0.04567131
-0.006665617
0.1001595
0.01260359
0.09696829
0.08396969
0.09020087
0.09312134
0.03990589
-0.0380729
0.1486333
0.1215367
0.09308813
0.03337792
0.04913283
0.164848
0.1405674
0.04898648
0.01839582
0.02909305
0.1126136
0.04476106
-0.01261933
0.06818194
0.08733483
0.06153267
0.09500803
0.07356554
-0.01739467
0.05896449
0.04596491
0.1096393
0.07676762
0.1098689
0.07548787
0.01964257
0.06273625
0.07778085
0.04463325
0.0001540815
0.08871988
0.09568919
0.09149279
0.1245975
0.0875221
-0.007432182
0.01976357
0.1075624
7.105064e-05
-0.01773878
0.1505381
0.04734002
0.07694767
0.03497135
0.0159928
0.005609989
-0.007238459
0.07026939
0.0442515
-0.037457
0.05448849
0.096313
0.07060079
0.01914784
-0.0036117
0.05984829
0.02904417
0.0469939
0.0299359
0.0982481
0.03916566
0.08277426
0.1039364
0.0341109
0.1251655
0.005920376
-0.04514875
-0.0373992
-0.03576948
0.02504009
0.07181503
-0.0007632719
-0.009938824
0.1159153
0.0003496609
0.006336784
0.03436242
0.03794894
0.04265069
0.1076374
0.03787998
0.06206077
0.02345998
0.02187475
0.04817453
0.08846842
0.04483837
0.1290721
0.0898573
0.1351671
0.08622709
0.03238297
0.01571319
0.07721443
0.06942989
0.07962928
0.1013052
-0.02510886
0.06809216
0.05423464
0.1336182
0.0943319
0.04229915
0.07172135
0.03086275
0.01664414
0.03374135
0.08058277
0.02848291
0.07254099
0.08513833
0.02306174
0.1098783
0.09878395
-0.05377872
0.0007408123
0.03311965
0.08405855
0.1283102
0.01046491
0.03628063
0.0205505
0.07398099
0.06425884
-0.01228911
-0.04582965
0.01377087
0.02880175
0.1010822
0.1265883
0.04521405
0.06233289
-0.00155177
0.0801595
0.08073706
0.08140521
0.02483039
0.1726829
0.01344295
0.06638028
0.007687159
-0.0118488
0.06820412
0.04918624
-0.008399388
0.05127319
0.07302125
0.06263201
0.06533485
0.1503787
0.0343469
0.04097974
0.03613599
0.1340047
0.02999478
0.1453532
0.07680958
0.1083182
0.1973408
0.06492449
0.06584799
-0.002421342
0.03353584
-0.007869831
0.002168936
-0.01889215
-0.001671884
0.04597725
0.1106372
0.1070842
0.04597384
0.06184136
0.09276191
0.04032929
0.05975704
0.04719852
0.06584589
0.04049777
0.02811212
0.08364911
0.1194372
0.05324622
0.0956279
0.04884062
-0.02924946
0.07705001
0.04330716
0.08357807
0.07901095
0.01138865
0.01334328
0.01534112
0.01956679
0.02665137
0.105587
0.1490396
0.07249563
0.04529551
0.05033765
0.08230685
0.03375343
0.05656033
0.09036053
-0.005885567
0.02659425
0.05658682
0.08279694
0.06870363
0.04288343
0.02455998
0.04649241
0.04356015
0.03226581
0.01959933
0.04243349
0.07314934
-0.0486538
0.08566813
0.0002165014
-0.03739303
0.04596122
0.05334234
0.08302175
0.04940769
-0.00888415
0.130015
0.09277283
0.02506839
-0.01943225
0.02265072
0.0741025
0.08447457
0.007354553
0.06951208
0.0216426
0.05435421
0.03899804
0.1042793
0.02926653
0.1794736
0.09169507
0.009938614
0.08438726
-0.005695965
0.08167805
0.07353379
0.04085819
0.001328271
0.01883381
0.1627571
0.178818
0.06995796
0.04907198
0.178776
0.02185843
0.01422981
0.02772559
0.04309462
0.005068878
0.07024358
0.1458394
0.09722681
0.008389167
0.06042655
0.01308833
-0.03578953
-0.0296092
0.03239318
-0.001890016
0.1010008
0.1182112
0.1374173
0.03947363
0.07768946
0.07076914
0.03180558
0.1119919
0.09261922
0.04986311
0.08070363
0.02155451
0.0715591
0.1150141
-0.01384487
0.0163649
0.04544745
-0.01392571
0.06605873
0.006036271
0.04737713
0.06102837
0.08338444
-0.01142954
0.02945342
-0.004891177
0.07069941
0.08131339
0.01349505
0.03598055
-0.00521136
0.1132065
0.123128
0.1213572
0.1027889
0.06015682
0.04804954
-0.0586445
0.04187517
0.04596705
-0.02821764
0.07904049
0.03386346
0.0264792
0.08498681
0.08782772
0.03841035
0.0767701
0.08411609
0.02431664
0.09513262
0.01767926
0.01076942
-0.001709237
-0.02395427
0.05709475
0.150627
0.03233384
0.08968168
0.09219141
-0.01857802
0.06128607
0.09615703
0.03434964
0.01504099
0.1285964
0.1102566
0.02260722
0.06722728
0.07309033
0.03130852
-0.03332014
0.05612756
0.05117817
0.05336351
0.01438293
0.05065034
-0.02774671
-0.04227792
0.06194463
-0.0005482534
0.06596978
0.06206047
0.04677487
-0.06782669
-0.07594674
-0.005040505
0.1038915
0.09049862
-0.001364941
0.03872419
0.1119601
0.1110378
0.1182499
0.00162024
0.00828882
0.0898117
0.07298976
-0.00388309
0.02374553
-0.0007888129
-0.00206603
0.0600745
0.00946447
0.1053485
0.06664648
0.06099982
0.07341345
0.08613577
-0.01657769
0.01749462
0.0215143
0.02018432
0.08564404
0.111964
0.1146782
0.05862804
0.03215595
-0.05583302
-0.03006825
0.03323473
0.07832199
0.004691497
0.1097889
0.003267023
0.01973774
0.06163932
0.1189481
0.08265752
0.08649533
-0.0536359
0.1324844
0.05443534
-0.01765667
-0.007767618
0.05908319
0.02471386
-0.001699781
0.1819422
0.07867287
0.07065037
0.06506499
0.1588395
0.0870067
0.04824094
0.08908002
0.0688552
0.03320151
-0.02372165
0.1184157
0.02348536
0.05639082
0.1521636
0.02937141
0.03820938
0.05382026
0.07861069
0.05936547
0.09686554
0.1120207
0.07862457
0.03526276
0.03138024
0.0367852
0.06551367
0.01596421
0.04025092
0.02038447
0.157085
0.05524547
0.02476481
0.04653915
0.08350412
0.03037753
0.04419618
0.07669334
0.03275477
0.07244139
0.08501798
0.05516809
-0.0269696
0.1200023
0.08467093
0.02287064
0.0005647428
0.06974531
0.05799321
0.01538902
0.06241611
0.004585338
0.01560728
0.01607497
0.1178291
0.0441903
0.02136227
0.05349869
0.05605265
0.04124457
0.1092858
0.02430232
0.0150711
0.04535347
0.09337354
0.08163699
0.03346239
0.05440024
0.1005912
0.05043457
0.06412531
0.08971663
0.001113704
0.05570101
0.09376664
0.07515788
0.03742944
0.08616479
-0.003712603
0.05629486
-0.02115283
0.09906742
0.03736793
-0.0005635796
-0.007061426
-0.001213553
0.009982936
0.007382033
0.07600377
0.03616726
0.03238231
0.08225279
0.05052289
0.07071823
0.05864379
0.06177897
0.08389119
0.04823961
0.02924908
-0.02474126
0.05936296
0.07483875
0.01585647
0.06453822
0.1086039
0.1398113
0.1396172
0.02052474
0.02551928
-0.006578876
0.02297677
0.03021263
0.01752809
0.03147497
0.07491341
0.08499559
0.1515211
0.06600509
-0.01211736
0.07247025
0.09199803
0.04162863
0.03517287
0.07467803
0.05016648
0.01870353
0.08418202
0.04450576
-0.03285134
0.03544261
0.01338134
0.127494
0.07537874
0.1246953
0.02822961
0.07736377
0.01084253
0.02988393
0.1132111
0.08472396
0.03167781
0.01435299
-0.05586418
0.04882358
0.06252707
0.07126102
0.07685486
0.03980776
0.08050504
0.05428554
0.05911257
0.05291837
0.03584981
0.1043127
0.07275399
0.00581547
0.03907322
0.04047333
-0.03248991
0.048759
0.06213339
0.04159771
0.01644966
0.04390844
0.03940627
0.06877583
0.07470682
0.058775
0.04216432
-0.005823058
0.03093785
-0.007219442
0.0677438
0.08160184
0.0763605
0.01987754
0.05184444
0.1168596
0.08311446
-0.001891689
0.03194787
0.0373588
0.04312703
0.06573699
0.08750144
0.1232812
0.02840772
0.02340608
0.09390072
-0.0395666
0.01759102
0.08596906
0.09474808
0.03678041
-0.02251197
0.09314398
0.08763145
0.08893594
0.08022153
0.03924901
0.04108399
0.08763015
-0.03384438
0.008561877
0.1106351
0.1061507
0.0385684
0.07654062
0.04263238
0.01582598
0.03868793
0.07997461
0.007504427
0.07150635
0.05054583
0.05470252
0.01122735
0.1498908
0.1060122
0.04213768
0.07017087
0.0136254
0.0539006
0.1004702
0.07664541
0.02973415
0.124746
0.150948
0.1141772
0.121877
0.04994572
0.160139
0.07993878
0.04884803
0.0590042
0.08431784
0.06338048
0.1101727
0.08738111
0.1081258
0.09198716
-0.004354309
0.03122615
0.006666252
0.08527158
0.08568009
0.01773324
0.1205192
0.05842794
0.02109783
0.007779355
0.05779556
0.06960497
0.1347051
0.01964589
0.05954157
0.01201872
0.06969226
0.05208309
0.1114117
0.1207516
0.01341993
0.02539685
-0.001915942
0.06557899
0.03498093
0.126008
0.1033124
0.1229208
0.0528606
0.08598681
-0.005131949
0.03422195
0.0008133497
0.03238631
0.02843869
0.05345413
0.1669077
0.02757347
0.03161801
0.09846083
0.04783206
0.02799504
0.09357883
0.02231767
0.02694701
0.1183492
0.09408712
-0.02260247
0.00538429
0.04467305
-0.01196231
0.08548841
0.1114417
0.02350387
0.01716136
0.001497015
0.0834474
0.03178646
0.1166464
0.1794404
0.1161415
0.009353291
0.07465324
0.1690024
0.07051686
0.1297566
0.04607297
0.01848989
0.01167435
0.04150389
0.0446276
0.0592029
0.1465397
0.01345516
0.110365
0.09595318
0.106658
-0.003269099
0.06375926
0.04627554
0.02579679
0.04025767
0.1206541
0.0101292
0.0304185
0.03462498
0.1342393
0.0421198
0.06094241
0.05524325
0.02123528
0.06467902
0.09700239
0.04358949
0.01090549
0.0007084804
0.07160882
0.06591468
-0.01624465
0.01263734
-0.03755948
0.06512835
0.08531546
0.01941867
0.0472278
-0.008785297
0.002929833
0.09241218
0.05461891
-0.02562591
0.07334462
0.03866588
0.1137513
0.04584798
-0.01058159
0.09308187
0.1173773
0.09151374
0.05550733
-0.04000991
0.02902034
0.04145803
0.07905002
0.04288456
0.02345895
0.100787
-0.02817255
0.1577627
0.06540992
0.04078741
0.1155819
0.07177332
0.05853989
0.04698935
0.06754716
-0.04997917
0.02456593
0.04929836
0.04975496
0.07432166
0.05697627
0.09794444
0.08514938
0.09113259
0.006779796
0.05853824
0.08671713
0.03171277
-0.005044917
0.0532974
0.009429173
0.02167495
-0.02778823
-0.02831341
0.04259974
0.03672321
0.01999283
0.06518947
-0.00521753
0.1375042
0.02952396
0.1405149
0.1051931
0.1027099
0.07104179
0.02968833
0.02453026
0.08397408
0.07750024
0.06054273
0.03695342
0.1126963
0.1518701
0.02502847
0.0275201
0.05365803
0.1007403
0.07115799
0.06105126
-0.03710322
0.08659761
0.008004388
0.008031258
0.1004265
-0.03434562
0.02166349
0.03778928
0.01451007
0.04570136
0.0847477
0.05417458
0.07974072
0.02648081
0.01972052
0.07077868
0.1320053
0.04649294
-0.007348392
-0.01256974
-0.005551168
0.09244518
0.1268682
0.0994178
0.06051574
0.08290933
-0.008252139
0.03637848
0.0480292
-0.02791798
0.03618774
0.06574389
-0.007985504
0.06100774
0.04800137
0.08344252
0.0713919
0.02609862
0.08427023
0.03471932
0.02876683
0.04296174
0.02845906
0.054492
-0.05629589
0.07439916
0.09012834
0.03038796
0.06557282
0.07131936
0.05720403
0.01750418
0.05253178
0.0001121479
-0.001621686
-0.01274532
0.1400302
0.04921193
0.04511504
0.1631353
0.1344867
0.02317082
0.0005854505
-0.005845955
0.06103466
-0.02407686
-0.007547445
0.07718948
0.002974267
0.01262428
0.01329749
0.05176629
0.0108043
0.02258272
0.08418855
0.08180915
-0.00751997
0.06847724
0.04328816
0.04780602
0.09648126
0.03463428
0.09247933
0.0404887
0.09146498
0.08733415
0.09244102
0.02014442
0.02586455
0.09743402
0.0103112
-0.01700662
0.001386404
0.03908843
0.08004261
0.09633853
0.06887421
0.06611218
0.09047221
0.02229351
0.005320583
0.05731023
0.04886258
-0.02768918
0.09464114
0.04837627
0.006818728
0.03179656
0.05426192
0.0883687
0.033155
0.1331863
0.08819821
0.04851415
-0.008662422
0.04729091
0.09726092
-0.005612124
-0.06676524
0.0435523
-0.03358256
0.03934316
0.006803612
0.05677609
0.06088003
0.02780971
0.1223736
0.1701733
0.07125792
0.0448448
-0.0006230218
0.04935174
0.02910357
0.02663675
0.09712386
0.0665048
0.01599406
0.003888559
0.02551236
0.090695
-0.01701069
0.03751846
0.1238161
0.04477344
0.06118876
-0.002903707
0.06631557
-0.01683851
0.03796427
0.0673326
-0.01156571
-0.0006711895
0.0322411
0.008108541
0.08166254
0.09508608
0.01466838
0.07504288
0.08949097
0.101637
-0.03947312
0.1164374
0.03869918
0.05527674
0.1541841
0.0135667
0.07944456
0.02792351
0.03624805
0.007214556
0.05652912
0.07322315
0.1372978
-0.006147574
0.04623685
-0.01989339
0.1104353
0.1265928
0.06833618
0.09068453
0.08509103
