id sire dam generation sex phen env tbvp gebvp
 63 0 0 0 M  1.26945866  1.108316941 -0.32871945 0
 82 0 0 0 M  0.65474926  0.137251480 -0.20770520 0
192 0 0 0 M  2.41613079  1.025857562  0.67084067 0
126 0 0 0 M  0.96518679  0.204349951  0.17321011 0
 16 0 0 0 M  0.09853013 -0.585798543  0.18934996 0
151 0 0 0 M  1.36518114 -0.299932117  0.82426644 0
171 0 0 0 M  2.12610891  0.936301368  0.37504102 0
 28 0 0 0 M  0.16669456  0.009530083 -0.22086776 0
196 0 0 0 M  0.20714817 -0.719516603  0.44878479 0
 24 0 0 0 M  0.84245441 -0.458199042  1.16503142 0
 58 0 0 0 M  1.55986788  1.325217947 -0.20037807 0
 83 0 0 0 M -0.68075972  0.186530939 -1.37075873 0
 37 0 0 0 M  1.03274729 -0.453501694  0.45326195 0
183 0 0 0 M -1.48206886 -0.614778198 -1.37075873 0
 54 0 0 0 M -1.17598885 -1.417687443 -0.15164914 0
 48 0 0 0 M  1.29541015  0.438380007  0.23934933 0
 26 0 0 0 M  0.74226913 -0.018567707  0.17321011 0
  8 0 0 0 M  2.37555194  1.826068585 -0.02924251 0
 45 0 0 0 M  1.06130947  0.265512256 -0.31720494 0
 47 0 0 0 M  0.45944574 -0.015337742 -0.37136437 0
  6 0 0 0 M -0.54070777 -0.889307764 -0.34909586 0
 64 0 0 0 M  0.95462705 -0.110730821  0.54019823 0
175 0 0 0 M  1.83508952  0.903923334  0.27163524 0
 11 0 0 0 M  0.10346467 -0.357494329 -0.59463569 0
 88 0 0 0 M  1.22980823 -0.181886305  0.84933662 0
199 0 0 0 M  1.97550547  0.019609571  1.04710702 0
150 0 0 0 M  1.49258201 -0.246622996  0.87277891 0
123 0 0 0 M  1.62900112  1.294906998  0.29077980 0
 72 0 0 0 M  1.72948642  0.895915444 -0.19416711 0
182 0 0 0 M  1.14092863  0.623430847 -0.20770520 0
 90 0 0 0 M  2.29000560  0.716487071  0.50065775 0
160 0 0 0 M  1.60970076 -0.354642581  0.89818436 0
111 0 0 0 M -0.01979379 -0.480752788 -0.59463569 0
 29 0 0 0 M  1.10567562 -0.589913664  0.73639190 0
 56 0 0 0 M  0.88671040  0.323762500 -0.17088361 0
 20 0 0 0 M  0.37066062 -0.854561240  0.02044977 0
 86 0 0 0 M  1.55703083 -0.112235192  1.27268779 0
 30 0 0 0 M -0.80687195 -0.134332530 -1.04147943 0
177 0 0 0 M  1.67502912  0.503160968  0.57741396 0
 25 0 0 0 M  1.06082817  0.693794348 -0.27785698 0
122 0 0 0 M  1.13192443  0.271847308 -0.09168635 0
136 0 0 0 M  0.87838915  0.222864233 -0.24680344 0
169 0 0 0 M  0.20803990  0.384144909 -1.10845777 0
131 0 0 0 M  1.26707820  0.553629372 -0.30337662 0
 62 0 0 0 M  0.14678524 -0.166085691 -0.16954193 0
  1 0 0 0 M  0.87594776  0.338227093  0.02108261 0
 50 0 0 0 M  0.39752783 -1.341677173  0.87277891 0
 76 0 0 0 M  0.24678925  0.183490155 -0.24834818 0
 31 0 0 0 M  0.47310106 -0.240347766 -0.30337662 0
 79 0 0 0 M  0.17603976 -0.316331200 -0.40608775 0
 51 0 0 0 F  1.34224781 -0.322865443  0.82426644 0
134 0 0 0 F  1.78545996  0.496581316  0.40959296 0
 65 0 0 0 F  1.85503679  0.651607562  0.73448930 0
 66 0 0 0 F  0.44694663 -0.083482993 -0.12432867 0
 39 0 0 0 F -0.98787128 -1.100845342 -0.78917839 0
 21 0 0 0 F  1.28609643 -0.272222616  0.45216784 0
191 0 0 0 F -0.46515601 -0.680211826 -0.49004852 0
198 0 0 0 F  1.44294674  1.104911721 -0.13744742 0
 95 0 0 0 F -0.45235187 -0.915969521 -0.62970650 0
 68 0 0 0 F -0.36107394 -0.538165838 -0.43636827 0
 60 0 0 0 F  0.43921450 -0.276129844 -0.06912786 0
138 0 0 0 F  0.86090925  0.590843373 -0.93223547 0
143 0 0 0 F  2.37338365  1.423199316 -0.15667670 0
 32 0 0 0 F  0.98980325 -0.320172871  0.65346117 0
157 0 0 0 F  0.24582172 -0.950140637  0.70959743 0
140 0 0 0 F  0.92159826  0.112209377  0.24808837 0
116 0 0 0 F  0.15791581 -0.760570455 -0.06081621 0
 19 0 0 0 F  1.11928373  1.354148331 -0.37958761 0
132 0 0 0 F  2.08436304  0.774386923  0.65346117 0
  7 0 0 0 F  0.39004190 -0.480429501  0.38386603 0
 87 0 0 0 F  0.41584243 -0.237552301  0.07998536 0
194 0 0 0 F  2.41081887  1.148284289  0.14977208 0
  4 0 0 0 F  0.04924813 -0.634589899 -0.38768766 0
 40 0 0 0 F  0.28186127  0.461047257 -0.49239890 0
181 0 0 0 F  0.74798272  0.440220717 -0.71058665 0
 78 0 0 0 F  1.45086073  0.659659877  0.26888870 0
 93 0 0 0 F  0.10169427 -0.431046819  0.38569619 0
167 0 0 0 F  2.88702988  0.838322341  1.58289495 0
180 0 0 0 F  1.35667400  0.486386736  0.15419406 0
187 0 0 0 F  1.50140995  0.848015216  0.07998536 0
 46 0 0 0 F  1.90518806  0.556303983  0.36633965 0
142 0 0 0 F -1.18536333 -0.605667368 -0.60269844 0
 61 0 0 0 F  1.57311006  0.503025776 -0.01364757 0
128 0 0 0 F  1.82848253  0.979308516  0.31986597 0
 10 0 0 0 F -0.30583761 -0.505704897 -0.16963987 0
115 0 0 0 F  1.08808837  0.060296597  0.46632421 0
127 0 0 0 F -0.05231772 -0.520701718 -0.40616815 0
176 0 0 0 F  1.27595029  1.212651195 -0.24834818 0
153 0 0 0 F  1.25747473  0.517907844  0.53627687 0
121 0 0 0 F  1.42374080 -0.134578249  0.45216784 0
 53 0 0 0 F  1.13354639  0.393979500  0.53627687 0
149 0 0 0 F  1.48265019  0.724421807  0.12713088 0
 49 0 0 0 F  1.20654632  0.435377446 -0.05266163 0
101 0 0 0 F  1.86372910  1.234968673  0.16772472 0
 98 0 0 0 F -0.34128784 -0.454053923 -0.78170876 0
107 0 0 0 F -1.04137094 -1.911842337  0.38386603 0
 99 0 0 0 F  1.25264165 -0.703254256  1.04710702 0
  3 0 0 0 F -0.67362263 -0.643756222 -0.51321157 0
188 0 0 0 F  1.68816975  0.276475223  0.84933662 0
104 0 0 0 F  0.51002051 -0.173817522 -0.38768766 0
 33 0 0 0 F  0.36933380  0.099320072 -0.06441220 0
197 0 0 0 F  0.18957802 -0.398379424 -0.18004224 0
 42 0 0 0 F  0.43927598  1.018971946 -0.60269844 0
 84 0 0 0 F  0.92949444  0.321854295 -0.17102648 0
139 0 0 0 F -1.83366764 -2.476399032 -0.38098175 0
154 0 0 0 F  1.26037635  0.177449821  0.18154144 0
103 0 0 0 F  1.33320072  0.986151617 -0.76043202 0
133 0 0 0 F -0.02236276 -0.292376490 -0.06441220 0
 74 0 0 0 F  2.68101740  1.591189565  0.59537228 0
137 0 0 0 F  0.64021018 -0.846038804  0.45326195 0
 73 0 0 0 F  1.93040501  0.562082170 -0.14410507 0
 94 0 0 0 F  1.40312272  0.140588135  0.14977208 0
130 0 0 0 F -1.08610428 -0.413564858 -1.04147943 0
165 0 0 0 F  0.48177383 -0.721655401  0.73448930 0
 81 0 0 0 F  0.88484859  0.577086581 -0.71058665 0
 85 0 0 0 F  1.41780721  0.448675441  0.23332180 0
166 0 0 0 F  0.61471288  0.084283262 -0.12432867 0
189 0 0 0 F -1.03001080 -1.259455881 -0.52081554 0
 12 0 0 0 F  0.09820570 -0.033955511 -1.10856518 0
 14 0 0 0 F  0.18861224 -0.362002950 -0.44651337 0
156 0 0 0 F  1.71382771  1.150879807 -0.17088361 0
109 0 0 0 F  0.19107143 -0.137923129 -0.11241462 0
 27 0 0 0 F  0.79109874  0.322714752 -0.40616815 0
173 0 0 0 F  0.31129381  0.477268062 -0.44408594 0
141 0 0 0 F -0.22857459 -0.992217246  0.31810162 0
120 0 0 0 F  0.40392433  0.057523187 -0.39168080 0
  5 0 0 0 F -1.55628765 -0.949128484 -0.62388438 0
195 0 0 0 F  1.22777455  0.764156897 -0.62970650 0
158 0 0 0 F  0.11760096 -0.944011074  0.16660244 0
200 0 0 0 F  0.25270296 -0.434456656  0.25916340 0
135 0 0 0 F  0.25415752  0.050044228 -0.20737139 0
159 0 0 0 F -0.36180397 -1.275850812 -0.25735242 0
 97 0 0 0 F  0.70702964  0.119072189 -0.18004224 0
163 0 0 0 F  0.64666193  0.485520208 -0.32871945 0
110 0 0 0 F  0.83542878 -0.193633155 -0.16304194 0
 52 0 0 0 F  2.16945169  1.620890725  0.25128864 0
162 0 0 0 F  0.33397173  0.021100804 -0.16954193 0
 70 0 0 0 F  1.09425268 -0.249281472  0.74587476 0
129 0 0 0 F  1.45378835 -0.241800936  0.73639190 0
 17 0 0 0 F  2.21852076  1.220152142  0.10585734 0
 23 0 0 0 F  0.69696798  0.362873866  0.29077980 0
119 0 0 0 F -2.20931126 -1.974446669 -0.37958761 0
 80 0 0 0 F  2.57663778  1.706350513  0.15419406 0
 44 0 0 0 F  1.75924828 -0.157127293  1.21063173 0
170 0 0 0 F  1.17174269 -0.171791467  0.74587476 0
161 0 0 0 F  0.80704346 -0.263040829 -0.01364757 0
117 0 0 0 F  0.79050005 -0.207868572  0.10585734 0
184 0 0 0 F  0.76722073  0.159580584 -0.17102648 0
 43 0 0 0 F  0.63328943 -0.316894910 -0.15667670 0
146 0 0 0 F  2.04206207  0.744076198  0.70340312 0
