id sire dam generation sex phen env tbvp gebvp
151  63  51 1 F  0.44469036 -1.8249981866 1.7953907 0
152  63  51 1 F  2.25260168  0.3648214843 1.6601859 0
153  63  51 1 F -0.75954994 -1.4884038117 1.1872033 0
154  63  51 1 M  3.18865757  2.2896310221 1.1348696 0
155  63  51 1 F  0.03652504 -0.5961078769 1.0511184 0
156  63 134 1 M  1.56045495  0.4347404247 0.8996460 0
157  63 134 1 M  2.41257321  0.5131022810 1.6975284 0
158  63 134 1 F  0.17715709 -0.9857064379 1.3347509 0
159  63 134 1 M  1.35429943  0.7362694273 0.8549565 0
160  63 134 1 M  2.64136296  1.1950052890 1.6311145 0
161  82  65 1 F -0.43841397 -1.0309392921 1.2078673 0
162  82  65 1 F  0.97883904 -1.0080528325 1.4222996 0
163  82  65 1 M  2.42771026  0.4317759861 1.6105022 0
164  82  65 1 M  1.26592749 -0.8265805282 1.5380304 0
165  82  65 1 M  1.14836256 -0.4638474260 1.5949086 0
166  82  66 1 F  1.34083512  0.1322293240 1.4126532 0
167  82  66 1 F  0.69211049 -1.6050391206 1.6800539 0
168  82  66 1 M  1.80237712  0.0004328885 1.4367911 0
169  82  66 1 F  1.23929344  0.5307706200 1.2960264 0
170  82  66 1 M  2.29828697  0.7603716565 1.5786538 0
171 192  39 1 F  0.59910578  0.0014541758 1.5057046 0
172 192  39 1 F  4.63440895  2.1965962509 1.7735413 0
173 192  39 1 M  2.96950143  1.6051968626 1.5596602 0
174 192  39 1 F  0.65385696 -1.4707331560 1.9498312 0
175 192  39 1 M  1.57777638 -0.0735899471 1.6236497 0
176 192  21 1 F  2.11220555  0.3365885650 1.7092628 0
177 192  21 1 M  3.60774549  1.4203652507 1.7635183 0
178 192  21 1 M  1.69390343  0.0906436701 1.9152765 0
179 192  21 1 M  1.94165292 -0.1302832490 1.8578810 0
180 192  21 1 M  2.46797547  0.2409910358 1.7254706 0
181 126 191 1 M  2.06963166 -0.4917718300 1.7852466 0
182 126 191 1 F  0.75496296 -1.6684913324 2.0782300 0
183 126 191 1 F  1.04813307 -1.0529285023 1.6924454 0
184 126 191 1 F  2.75251351 -0.1568588857 1.9655873 0
185 126 191 1 M  0.82671310 -1.3536484347 1.9595857 0
186 126 198 1 F  2.02235372 -0.5452918058 1.8642792 0
187 126 198 1 F  1.57232863 -1.0989515845 2.0103129 0
188 126 198 1 F  1.18968448 -0.3010379127 1.7464182 0
189 126 198 1 M  2.73529805  0.0661109870 1.8779050 0
190 126 198 1 M  3.59920932  1.1357160670 1.7701356 0
191  16  95 1 F  1.56158091 -0.0230747003 1.6214937 0
192  16  95 1 M  0.66831909 -1.5129623485 1.7561272 0
193  16  95 1 F  2.32845618  0.0689877805 1.7464012 0
194  16  95 1 F  1.07220633 -0.8402375020 1.8071339 0
195  16  95 1 F  1.51496548 -0.5655972219 1.6804065 0
196  16  68 1 F  3.77553561  1.0453166112 2.0621109 0
197  16  68 1 F  2.58628601  0.0973849258 2.0537191 0
198  16  68 1 F  2.91101594  0.6615662864 1.8955534 0
199  16  68 1 M  2.15375143 -0.5848663917 2.0566149 0
200  16  68 1 M  2.42200907 -0.3282652401 2.0094990 0
201 151  60 1 M  1.85213033 -0.3042788147 1.9137617 0
202 151  60 1 M  1.31472647 -0.5075372368 1.5608324 0
203 151  60 1 F  2.20803396 -0.4094143605 1.9374507 0
204 151  60 1 M  1.68639608 -0.3566319302 1.8415234 0
205 151  60 1 M  1.67639548 -0.6990479789 1.9660860 0
206 151 138 1 M  0.82704994 -0.0753996779 1.1124751 0
207 151 138 1 M  1.29858287 -0.2966698175 1.5140722 0
208 151 138 1 M  1.38283901 -0.0440644271 1.4105576 0
209 151 138 1 M  2.56373064  1.5517033607 1.2242675 0
210 151 138 1 F  2.45346611  0.4123661475 1.5767822 0
211 171 143 1 M  0.02620955 -0.5189410352 1.2503043 0
212 171 143 1 M  2.03229105  0.7390045057 1.5751043 0
213 171 143 1 M  0.50202244  0.1077529653 1.1271727 0
214 171 143 1 M  0.83985361 -0.0725988558 1.1965859 0
215 171 143 1 F  0.42432928 -0.8000247320 1.2963681 0
216 171  32 1 F  1.16087742  0.0129143644 1.4704598 0
217 171  32 1 M  2.02988787  0.2768170698 1.5237312 0
218 171  32 1 M  1.02346417  0.4890483425 1.0563245 0
219 171  32 1 M  0.26289038 -1.3877130115 1.5113851 0
220 171  32 1 M  0.97107212 -0.6081597867 1.5253767 0
221  28 157 1 F  0.66502276 -0.5577003873 1.4705190 0
222  28 157 1 M  1.78092998  0.1041438917 1.4390572 0
223  28 157 1 F  2.46876022  1.1418520759 1.5379721 0
224  28 157 1 M  2.07947185  0.2308170935 1.5881058 0
225  28 157 1 M  0.40507845 -0.8067610621 1.2062554 0
226  28 140 1 F  0.72644885 -0.8792712990 1.6487049 0
227  28 140 1 F  1.08621005 -0.5026924403 1.4433457 0
228  28 140 1 M  2.01305709  0.4118147349 1.5113951 0
229  28 140 1 M  2.18664661  0.3238998126 1.5197485 0
230  28 140 1 F  2.16386684  0.3127035675 1.5373149 0
231 196 116 1 F  0.69216562 -0.8826311659 1.4679469 0
232 196 116 1 M -0.51245552 -0.9580401935 0.9537200 0
233 196 116 1 F  1.57030286  0.0031120894 1.5901069 0
234 196 116 1 M  2.69233947  0.7914832584 1.6360776 0
235 196 116 1 F  0.91465176 -0.8885591163 1.6408006 0
236 196  19 1 M  3.51450422  1.0911913111 1.7237930 0
237 196  19 1 M  1.63088404  0.4863730517 1.3258021 0
238 196  19 1 M  2.92986869  1.2261704611 1.4488829 0
239 196  19 1 F  2.45884167  0.2614112413 1.6582301 0
240 196  19 1 F  2.82395491  0.9276725963 1.3103023 0
241  24 132 1 F  2.12301397  1.0745723161 1.3399087 0
242  24 132 1 M  0.01021850 -1.0052827802 0.9742644 0
243  24 132 1 M  0.32627434 -1.2592485931 1.5863966 0
244  24 132 1 F  2.83905735  0.4868468032 1.8506296 0
245  24 132 1 F  0.54305175 -0.4577750785 1.4232911 0
246  24   7 1 F  1.08679636 -0.5858446090 1.5808820 0
247  24   7 1 F  2.32641155  0.0141918053 1.7765681 0
248  24   7 1 F  1.93119535  0.0386511674 1.4806840 0
249  24   7 1 F  0.89799169 -0.6961437091 1.3900499 0
250  24   7 1 F -1.02970305 -2.0192130849 1.3013390 0
251  58  87 1 M -0.87826138 -2.0410442078 1.5996745 0
252  58  87 1 M -0.05907804 -0.9701920991 1.5273076 0
253  58  87 1 M  2.72270519  1.4052346568 1.7499769 0
254  58  87 1 M  2.42988557  0.3508273467 1.5860944 0
255  58  87 1 F  1.99578150 -0.0552361645 1.6061348 0
256  58 194 1 M  1.83150502  0.2415688047 1.5852322 0
257  58 194 1 F  2.62339947  0.6746509859 1.8069087 0
258  58 194 1 M  1.96998345  0.6272127327 1.3987917 0
259  58 194 1 F  2.63256179  0.2789922435 1.8708851 0
260  58 194 1 F  2.17689332  0.7879342881 1.3897117 0
261  83   4 1 M  0.69986671  0.5249016375 1.1772529 0
262  83   4 1 F  1.33200115  0.6284285240 1.1846362 0
263  83   4 1 M -0.83736541 -0.8631057342 1.0544416 0
264  83   4 1 F  0.01018214 -0.1995573597 1.1070576 0
265  83   4 1 F  1.25619173  1.0031256393 1.1495432 0
266  83  40 1 M  0.83643258 -0.9293730148 1.5626352 0
267  83  40 1 M  1.43682705  0.0006401668 1.3437513 0
268  83  40 1 M  0.35179279 -0.8598181898 1.5145515 0
269  83  40 1 F  2.18270372  0.3733212936 1.5195421 0
270  83  40 1 F  2.34828677  1.1065084406 1.2913558 0
271  37 181 1 M -0.41485794 -1.1815523878 1.0840483 0
272  37 181 1 F  2.61230993  1.2238266909 1.5118658 0
273  37 181 1 M  0.27206050 -0.5735262296 1.0433786 0
274  37 181 1 M  2.58545230  0.8623759401 1.6507037 0
275  37 181 1 F  2.31513040  0.6774786746 1.3032694 0
276  37  78 1 F  1.08809606 -1.0795248580 1.4465890 0
277  37  78 1 M  2.65489397  0.9097114877 1.4294814 0
278  37  78 1 M  1.13244429 -0.1690874453 1.5009460 0
279  37  78 1 M  2.41865802  0.7813971643 1.6774223 0
280  37  78 1 M -0.14759827 -1.5425666176 1.1917017 0
281 183  93 1 M  1.65694959  0.8683075282 1.1191446 0
282 183  93 1 F  1.68367182  0.3916132236 1.3846466 0
283 183  93 1 M  1.88706389  0.1335401810 1.6041046 0
284 183  93 1 F  0.42661775 -0.7952290023 1.2885449 0
285 183  93 1 M  1.90610967  0.6108944188 1.2577238 0
286 183 167 1 F  1.47891302  0.3866530077 1.1542424 0
287 183 167 1 M -0.35236698 -1.3520589002 1.1255095 0
288 183 167 1 M -0.44600247 -1.3052478638 1.3849340 0
289 183 167 1 F  0.93941394 -0.3547830126 1.3575713 0
290 183 167 1 F  0.60952439 -0.6236442444 1.3232558 0
291  54 180 1 F  2.55133181  0.6322094229 1.5580339 0
292  54 180 1 M  0.29077617  0.1086052880 0.7237674 0
293  54 180 1 F  1.21147041  0.7954724168 0.7725018 0
294  54 180 1 F -0.75429032 -1.3015408660 1.2560794 0
295  54 180 1 M  0.39502873 -0.1945491638 1.0654033 0
296  54 187 1 F  1.58772187  0.9133196583 0.9722061 0
297  54 187 1 F -0.37471703 -1.7811224394 1.4069995 0
298  54 187 1 F  0.30907168 -1.2102117872 1.5650341 0
299  54 187 1 M  0.66034735 -0.5325654395 1.5075649 0
300  54 187 1 F  0.29880051 -0.7794323397 1.3119210 0
301  48  46 1 M  2.69110655  0.9099924436 1.3121678 0
302  48  46 1 F  0.55070419 -0.8868966321 1.4855789 0
303  48  46 1 M  1.05677051 -0.4474251437 1.3343521 0
304  48  46 1 M  0.01456570 -0.4694670062 1.1352845 0
305  48  46 1 F  0.72697641 -0.2787067967 1.4972787 0
306  48 142 1 F -0.84265440 -1.0001124030 0.8710734 0
307  48 142 1 F  1.78816036  0.5269207309 1.2310415 0
308  48 142 1 M  2.64997325  0.2460038398 1.7290529 0
309  48 142 1 M  0.89460319 -0.6921248818 1.4358321 0
310  48 142 1 F  2.07456695  1.1404639724 1.1094869 0
311  26  61 1 M  2.37922250 -0.5544153732 2.2281188 0
312  26  61 1 F  1.29255388 -0.5849128387 1.7784060 0
313  26  61 1 M  1.69835670 -0.4689434973 1.9564593 0
314  26  61 1 M  3.58954312  0.2148440000 2.3700209 0
315  26  61 1 M  2.34439526 -0.1330472742 1.9801404 0
316  26 128 1 M  0.86676953 -1.4472095929 1.7376995 0
317  26 128 1 F  4.53492475  1.0740125016 2.3529384 0
318  26 128 1 F  2.19581206  0.0230900508 1.6221993 0
319  26 128 1 M  2.12093526 -0.2289359075 1.8862499 0
320  26 128 1 F  1.52064608 -0.2655652152 1.7416826 0
321   8  10 1 F  1.55865426  0.2483637850 1.5146799 0
322   8  10 1 M  2.78012855  1.1763481372 1.5709428 0
323   8  10 1 F  1.21283333 -0.0714582436 1.5665013 0
324   8  10 1 M  1.04595458  0.7516092120 1.0744594 0
325   8  10 1 M  0.57832341 -0.9118771487 1.5850656 0
326   8 115 1 M  1.59822334  0.5244795447 1.3295665 0
327   8 115 1 M  1.89238875  0.3306810639 1.5079371 0
328   8 115 1 F  2.41375096  0.4980802649 1.6465424 0
329   8 115 1 F  1.36789764 -0.8595138334 1.8098910 0
330   8 115 1 F  1.74821884  0.4065183337 1.3786865 0
331  45 127 1 M  1.75234581 -0.4402300025 1.7495881 0
332  45 127 1 F -0.32375819 -1.5028246899 1.5647880 0
333  45 127 1 F  0.15047256 -0.9785193334 1.5771385 0
334  45 127 1 F  1.59640052  0.4627614238 1.3939577 0
335  45 127 1 M  0.59219559 -0.9808931145 1.7349883 0
336  45 176 1 M  1.45330858 -0.0670896424 1.3515037 0
337  45 176 1 M  1.07430844  0.1355031341 1.0683839 0
338  45 176 1 F  1.83443890  0.5752231030 1.2420739 0
339  45 176 1 F  1.29481945 -0.4397529101 1.2580985 0
340  45 176 1 F  2.71780315  0.3656867238 1.5463663 0
341  47 153 1 M  0.48499062 -0.1770748134 1.0648396 0
342  47 153 1 F -0.12851815 -1.1634252047 1.0734190 0
343  47 153 1 F  0.39176248 -0.4812951496 1.0948428 0
344  47 153 1 M  0.67443866 -0.1856773568 1.0918980 0
345  47 153 1 M  0.63957801 -0.4651496979 1.2381162 0
346  47 121 1 F  0.90925391 -0.7162948048 1.4132506 0
347  47 121 1 F  2.17350155  0.1674846211 1.6268494 0
348  47 121 1 F  3.12861385  1.1273487313 1.6798529 0
349  47 121 1 M  2.15371840  0.2384581411 1.4952258 0
350  47 121 1 F  2.79254117  1.0108635351 1.5407015 0
351   6  53 1 M  0.83971455 -0.6995477400 1.4630697 0
352   6  53 1 M  1.28377579  0.2498789457 1.2671010 0
353   6  53 1 F  1.87281248  0.8223703592 1.2405544 0
354   6  53 1 F  0.79928753  0.3134157007 1.1633354 0
355   6  53 1 M  0.11147874 -0.5990774910 1.1282464 0
356   6 149 1 F  0.15665408 -0.7651807891 1.3839187 0
357   6 149 1 F  0.03766019 -0.3295757336 0.8271088 0
358   6 149 1 F  0.03175564 -0.2641728845 0.7149723 0
359   6 149 1 M  1.76056956  0.9488012996 1.1871076 0
360   6 149 1 M  1.07311930  0.6609726869 0.9639913 0
361  64  49 1 F  1.94952149  0.2446880914 1.4352501 0
362  64  49 1 M  2.90341006  0.4892891070 1.9270207 0
363  64  49 1 M  0.99639412 -0.3663679679 1.3201244 0
364  64  49 1 M  3.22409513  1.2723810632 1.6437535 0
365  64  49 1 M  2.32261354  0.8021433228 1.5897962 0
366  64 101 1 M  0.47071963  0.3605669632 0.9428777 0
367  64 101 1 M  1.75948603  0.5469418390 1.2587468 0
368  64 101 1 M  1.93713327  0.3844616991 1.4022437 0
369  64 101 1 M  0.26720256 -1.5682660378 1.5158553 0
370  64 101 1 M  0.82643541 -0.9382651369 1.5712211 0
371 175  98 1 M  2.32813873  0.3851843229 1.5026967 0
372 175  98 1 M  2.16153063  0.5936021278 1.3975633 0
373 175  98 1 M  1.94872137  0.8564447856 1.0877595 0
374 175  98 1 M  0.68411164 -0.1037123927 1.0395804 0
375 175  98 1 M  2.20424553  0.2501836501 1.6433228 0
376 175 107 1 M  1.36582832 -0.3390360513 1.7964698 0
377 175 107 1 M  0.14446864 -0.8727340368 1.4106962 0
378 175 107 1 M -0.01800901 -0.6856484251 1.2141446 0
379 175 107 1 F  2.68211912  0.8567591995 1.6709250 0
380 175 107 1 M  1.92241040 -0.0224164170 1.6403440 0
381  11  99 1 M  0.92137088 -0.3729730019 1.5192036 0
382  11  99 1 F  0.59770242 -0.6976113190 1.5010514 0
383  11  99 1 M  1.06582018 -0.7352501767 1.7215499 0
384  11  99 1 M  2.66184898 -0.4660438873 2.1423115 0
385  11  99 1 M  3.73057861  2.1246268352 1.7453487 0
386  11   3 1 F  3.45895113  0.5107819926 1.9641901 0
387  11   3 1 F  1.90285895  0.0317299608 1.7788369 0
388  11   3 1 F  2.64476635  0.5926870947 1.9527126 0
389  11   3 1 F  2.15608419  0.5191410983 1.7571518 0
390  11   3 1 M  0.72939142 -1.0980980092 1.7216064 0
391  88 188 1 F  2.01065859  1.7259429733 1.2788973 0
392  88 188 1 M  0.70056996  0.7312736389 1.1653013 0
393  88 188 1 F -0.03481866  0.2719029202 1.1744527 0
394  88 188 1 M  0.38449708 -0.5024966551 1.3832707 0
395  88 188 1 M  0.12180706 -0.1290942089 1.3722692 0
396  88 104 1 M -0.35107137 -0.6048156700 1.0177020 0
397  88 104 1 M  0.44575916 -0.4555879982 1.0639639 0
398  88 104 1 M  1.16747166  0.6423859364 1.0324268 0
399  88 104 1 M  0.95503401  0.1250722488 1.2303403 0
400  88 104 1 F  0.59667659  0.0985985995 1.0129145 0
401 199  33 1 F  2.45564563  0.1605609894 1.7433443 0
402 199  33 1 F  3.11277080  0.2672418118 2.0305922 0
403 199  33 1 F  2.17832734 -0.3202455748 1.8174877 0
404 199  33 1 F  1.98210941  0.1304112319 1.6363066 0
405 199  33 1 M  1.39065252 -1.0948939263 1.8613775 0
406 199 197 1 F  2.07797734  1.3347028204 1.3279553 0
407 199 197 1 M  1.27936625  0.5514906057 1.2709833 0
408 199 197 1 F  0.30554023 -0.5289517074 1.2692304 0
409 199 197 1 F  1.52239875  0.5709823516 1.2569913 0
410 199 197 1 F  0.77417717 -0.1360725125 1.3819585 0
411 150  42 1 M  2.81717339  0.8441973489 1.5346300 0
412 150  42 1 F  0.65914916 -0.9448142160 1.6334753 0
413 150  42 1 F -0.77388516 -0.7574810640 0.8454017 0
414 150  42 1 M  2.17445579  0.6945361621 1.2483634 0
415 150  42 1 M -0.03272655 -0.6222426916 1.1151435 0
416 150  84 1 F  0.26696025 -0.9340208205 1.1464372 0
417 150  84 1 M  1.17089211 -0.0879303396 1.2575774 0
418 150  84 1 F  2.40118399  1.4158075991 1.2983513 0
419 150  84 1 M  2.32384480  1.0555042523 1.3429419 0
420 150  84 1 F  2.60568345  1.0101937896 1.3608712 0
421 123 139 1 M  3.64481038  1.4867848144 1.5852548 0
422 123 139 1 M  2.80605269  1.5695435994 1.5561919 0
423 123 139 1 F  1.98779257  0.7502989179 1.4748262 0
424 123 139 1 F  1.64109089 -0.8184443473 1.8926868 0
425 123 139 1 M  2.16366228  0.0065616762 1.6286783 0
426 123 154 1 F  1.51373498  0.1177645465 1.3691931 0
427 123 154 1 F  1.33916109 -0.6368864404 1.7788113 0
428 123 154 1 M  0.15259866 -1.4455276168 1.4671922 0
429 123 154 1 F  1.63380514  0.1181933713 1.6002028 0
430 123 154 1 M  1.10207025  0.0165817078 1.5186254 0
431  72 103 1 F  4.04482497  1.6066840583 1.8023755 0
432  72 103 1 F  2.46476994  0.0752067436 2.0607348 0
433  72 103 1 F  2.17538813 -0.1971943488 1.8310707 0
434  72 103 1 M  2.33182205 -0.2425556764 1.9902817 0
435  72 103 1 F  1.36036201 -0.2188515556 1.6868896 0
436  72 133 1 F  0.53617178 -1.2431181917 1.9552836 0
437  72 133 1 F  1.18001989 -1.2104865456 1.7492932 0
438  72 133 1 M  1.90303163 -0.2875062914 1.8145116 0
439  72 133 1 F  2.51634348  0.7690109578 1.7316231 0
440  72 133 1 M  1.55148865 -0.4140801796 1.7137467 0
441 182  74 1 M  2.47127344  0.7091104332 1.3798102 0
442 182  74 1 F  1.40517672 -0.6170277211 1.6133931 0
443 182  74 1 F  2.28800693  0.7326838553 1.7014796 0
444 182  74 1 F -0.55399233 -1.5426547686 1.1427673 0
445 182  74 1 M  2.04464076 -0.2008189604 1.5791169 0
446 182 137 1 F  2.21892667  0.9915002229 1.3316492 0
447 182 137 1 F  0.97555017 -0.2169189764 1.4250347 0
448 182 137 1 M  0.65673878 -0.4261102153 1.5060734 0
449 182 137 1 M  1.31045696  0.7575789627 1.0286481 0
450 182 137 1 F  0.78616504 -0.0387079276 1.2138442 0
451  90  73 1 M  2.03009879  0.8881793180 1.1153461 0
452  90  73 1 F  1.58002798 -0.5250156656 1.6955797 0
453  90  73 1 F  0.25681086 -0.3722700454 0.8224429 0
454  90  73 1 M  1.46515830  0.6391580692 1.2764878 0
455  90  73 1 M  0.29451806 -1.0723196920 1.1232642 0
456  90  94 1 M  2.25668623  0.1171652791 1.5892815 0
457  90  94 1 M  1.89330487 -0.3043817794 1.7853598 0
458  90  94 1 F  2.46949305  0.5122330637 1.5769730 0
459  90  94 1 F  1.25132970 -1.3194427938 1.8342698 0
460  90  94 1 F  2.96337350  1.3300325406 1.4987028 0
461 160 130 1 M  0.42611222 -0.6975361579 1.5643809 0
462 160 130 1 F -0.37723904 -1.8717852657 1.5738176 0
463 160 130 1 F  0.92382771 -0.7792290338 1.5369151 0
464 160 130 1 F  2.48191212  1.1795980049 1.5469338 0
465 160 130 1 F  2.06477483  0.5043946468 1.6075412 0
466 160 165 1 M  0.93389563 -0.2875818711 1.2915121 0
467 160 165 1 M  0.58919722 -1.1357895185 1.5107423 0
468 160 165 1 F  0.82475314 -0.5314051053 1.4389084 0
469 160 165 1 F  3.73217890  2.2084105124 1.5264504 0
470 160 165 1 M  1.63168284  0.0663165730 1.5083701 0
471 111  81 1 M  1.85047828  0.3591324987 1.4759616 0
472 111  81 1 F -0.49505649 -2.1814334269 1.5003067 0
473 111  81 1 M  2.46535235  0.8606218548 1.3939804 0
474 111  81 1 M  1.75831751  0.0851485422 1.6099258 0
475 111  81 1 M  2.39771996  0.7323751708 1.5710658 0
476 111  85 1 F  2.64007827  0.7299413800 1.6371213 0
477 111  85 1 F  2.43386496  0.9413074525 1.6414812 0
478 111  85 1 M  1.95001960  1.0687707337 1.5505976 0
479 111  85 1 F  1.59950988 -0.0998020351 1.4636856 0
480 111  85 1 F  2.29210702 -0.3716921156 1.8773118 0
481  29 166 1 M  0.38048614 -0.6180846427 1.4743927 0
482  29 166 1 F  0.27800852 -0.6001678572 1.3708896 0
483  29 166 1 M  0.82664214 -1.1949814829 1.7592999 0
484  29 166 1 F  2.85853595  1.0240848822 1.6990214 0
485  29 166 1 M  2.02470923  0.1445679439 1.6520997 0
486  29 189 1 M  1.86985134  0.2019150487 1.5934131 0
487  29 189 1 F  0.44181348 -0.8204574774 1.3185059 0
488  29 189 1 F  2.24941303  0.5916234313 1.4169826 0
489  29 189 1 F  1.59945570 -0.5373748775 1.6895434 0
490  29 189 1 M  0.44866432 -0.1995973021 0.9790378 0
491  56  12 1 F  1.47672949 -0.1823156180 1.3301480 0
492  56  12 1 M  1.33446245  1.1458493648 0.8669445 0
493  56  12 1 F -0.38716698 -0.1292947347 0.6303723 0
494  56  12 1 M  0.70510366 -0.0728990705 1.2640841 0
495  56  12 1 M -0.07019366 -0.5165590957 0.9423442 0
496  56  14 1 M  0.86685189 -0.6627023443 1.4334145 0
497  56  14 1 F  2.38996897  0.7097514103 1.3252255 0
498  56  14 1 M -0.19300066 -0.2889168815 0.8116961 0
499  56  14 1 F  0.28665805 -0.6732213105 1.1918899 0
500  56  14 1 F  0.87581388 -0.6335845868 1.3714803 0
501  20 156 1 M  1.10158102 -0.0709797239 1.3817504 0
502  20 156 1 F  1.11442984 -0.6992580812 1.6742246 0
503  20 156 1 M  1.65752068 -0.3974256981 1.8462141 0
504  20 156 1 F  2.07536899  0.9647535432 1.4074141 0
505  20 156 1 F  1.13427447 -0.2604091418 1.3899221 0
506  20 109 1 F  0.86241275 -0.6602937278 1.5201210 0
507  20 109 1 M  3.53217722  1.0328626930 1.9365184 0
508  20 109 1 M  2.15558969  0.0373741757 1.7368879 0
509  20 109 1 F  1.38015813  0.2287043990 1.3941004 0
510  20 109 1 F  2.44066692  0.9107038372 1.6268973 0
511  86  27 1 F  2.26227339  0.5356140783 1.9135132 0
512  86  27 1 F  2.57438244  0.4612966312 1.6479968 0
513  86  27 1 M  2.45946014  0.7334089383 1.6784326 0
514  86  27 1 F  2.18482756 -0.1119120139 1.5866669 0
515  86  27 1 M  1.75495575 -0.0744753299 1.6669269 0
516  86 173 1 M  1.17527520  0.3372123073 1.4207086 0
517  86 173 1 M  1.63464538  0.4677036587 1.5044065 0
518  86 173 1 F  0.88961534  0.6476312655 1.1579552 0
519  86 173 1 F -0.14640834 -0.3202193531 1.1519917 0
520  86 173 1 F  1.40978456  0.2711761819 1.6523414 0
521  30 141 1 F  3.84823529  0.9644590061 1.9576773 0
522  30 141 1 F  1.40079908 -0.2529939381 1.3629549 0
523  30 141 1 F  1.37795970 -0.7626928151 1.7244334 0
524  30 141 1 F  3.42088706  0.9136508237 1.9024748 0
525  30 141 1 M  4.07626855  1.1466306440 2.1025002 0
526  30 120 1 M  1.86003618  0.5373324619 1.4344200 0
527  30 120 1 M  1.06825211 -0.4073461721 1.3461057 0
528  30 120 1 F  2.94291523  0.5390359540 1.7123730 0
529  30 120 1 F  2.13654711  0.2258775394 1.6443537 0
530  30 120 1 M  0.68809897 -0.5399136655 1.2708509 0
531 177   5 1 M  1.61931600 -0.5183682087 1.8178354 0
532 177   5 1 F  3.03738376  0.5690235514 1.6818191 0
533 177   5 1 M  2.86263636  0.6640655169 2.0321990 0
534 177   5 1 M  3.87206234  1.5317621250 2.0275613 0
535 177   5 1 F  2.68611809  0.5839116715 1.8761805 0
536 177 195 1 F  2.97864648  0.4286978294 1.9691020 0
537 177 195 1 M  2.24855162  0.6738890425 1.6083872 0
538 177 195 1 F  1.17878230 -0.5616363899 1.6164543 0
539 177 195 1 F  0.09952423 -0.6895634331 0.9576979 0
540 177 195 1 M  0.56006288 -0.3187868270 1.1011208 0
541  25 158 1 M  1.55824692 -0.1350278147 1.5936949 0
542  25 158 1 M  1.40451641 -0.4799401718 1.7690297 0
543  25 158 1 M  2.21360960  0.5761876343 1.4747255 0
544  25 158 1 F  0.48498779 -0.8451608830 1.3292676 0
545  25 158 1 M  1.32888449 -0.0669976652 1.2860614 0
546  25 200 1 F  1.60237098 -0.5924871176 1.8397722 0
547  25 200 1 M  2.85013546  0.4417056102 1.8964034 0
548  25 200 1 M  2.76699806  0.4725512737 1.8425455 0
549  25 200 1 M  0.82402674 -1.4593237948 1.8160218 0
550  25 200 1 F  0.87699716 -0.8876216240 1.6533432 0
551 122 135 1 F  1.34097408  0.0306233089 1.3588208 0
552 122 135 1 F  1.16697577 -0.0759082696 1.4653120 0
553 122 135 1 F  1.75114067  1.7052718363 1.1272653 0
554 122 135 1 M  2.03190773  1.0283502778 1.3324663 0
555 122 135 1 F  0.17361585 -1.7227353465 1.5470575 0
556 122 159 1 M  0.95634813 -0.8869388308 1.8644196 0
557 122 159 1 F  3.28247130  0.5109314369 1.9695145 0
558 122 159 1 F  2.65126818  0.2467876457 1.8077675 0
559 122 159 1 F  2.33661078  0.2881641627 1.8010750 0
560 122 159 1 F  0.68949330 -0.9940625148 1.6864392 0
561 136  97 1 F -0.91099482 -1.2574641386 1.1393517 0
562 136  97 1 F -0.74594172 -0.4157131187 0.7909928 0
563 136  97 1 F -0.52776897 -0.8492092751 1.1982223 0
564 136  97 1 M  0.89854238 -0.1441681182 1.2537898 0
565 136  97 1 F -0.37292668 -0.3024101407 0.9439038 0
566 136 163 1 F  0.01879257 -0.7057247431 1.1525952 0
567 136 163 1 M  1.04305126  0.5994134494 1.4548498 0
568 136 163 1 M  0.18426836 -0.5170849194 0.7763326 0
569 136 163 1 F  0.81104738  0.2047864089 0.8107623 0
570 136 163 1 M  0.68972457 -0.3025357152 1.1234492 0
571 169 110 1 F  2.53608957  1.4424632318 1.3776092 0
572 169 110 1 M  2.06486375  1.2357802255 1.1344044 0
573 169 110 1 M  0.31346444 -0.2990394421 1.1462719 0
574 169 110 1 M  0.79925134  0.1535381853 1.1342315 0
575 169 110 1 F  1.44176014 -0.3199469271 1.6787161 0
576 169  52 1 F  0.19422915 -0.1070952622 0.7283521 0
577 169  52 1 F  1.80266934  1.1098364464 1.1568616 0
578 169  52 1 F  0.02671583 -0.7112608886 1.0272561 0
579 169  52 1 M  1.61874327  0.2055260993 1.4023904 0
580 169  52 1 M  1.42146636 -0.2534765223 1.4801901 0
581 131 162 1 M  1.56919648  0.5017290062 1.5038320 0
582 131 162 1 F  0.94208727 -0.4719382907 1.2264476 0
583 131 162 1 F  0.65963532 -0.6403409563 1.2638261 0
584 131 162 1 M  1.47031105  0.8309807608 1.0509697 0
585 131 162 1 F  1.48828430  0.1990056662 1.3673439 0
586 131  70 1 M -0.04506924 -0.7799960724 0.9424488 0
587 131  70 1 M  1.46305294  0.6281273291 1.2546594 0
588 131  70 1 M  1.39368097  0.9555003042 1.0745651 0
589 131  70 1 F  2.30128290  0.5988527097 1.3910182 0
590 131  70 1 M  1.61790143  0.5197477845 1.4252706 0
591  62 129 1 F  1.15712164 -0.3794126890 1.2270998 0
592  62 129 1 M  0.79898738 -0.8082163917 1.5711374 0
593  62 129 1 F  0.80758003 -0.3785303489 1.4971865 0
594  62 129 1 M  0.89430777 -0.4730283633 1.4434125 0
595  62 129 1 M  2.66367086  0.8967365784 1.5053825 0
596  62  17 1 M  1.81098145  0.6736916179 1.4762670 0
597  62  17 1 F  0.64577638 -0.8703921627 1.5485113 0
598  62  17 1 M  0.57432235 -0.7257220543 1.4409247 0
599  62  17 1 M  1.31875745  0.3018455837 1.2791473 0
600  62  17 1 F  1.13602271  0.4238352437 1.0598755 0
601   1  23 1 F  0.93156343  0.0101453867 1.1720858 0
602   1  23 1 M  0.76746176 -1.3794906054 1.8168712 0
603   1  23 1 F  2.44481860  0.5560852893 1.8218024 0
604   1  23 1 F  1.72032934  0.0301324382 1.7201061 0
605   1  23 1 F  0.89656836 -1.0654805338 1.5054452 0
606   1 119 1 F  1.91798839  0.7350767139 1.3107221 0
607   1 119 1 M  1.16359375 -0.1629845592 1.5481705 0
608   1 119 1 F -0.56353783 -1.1591118096 1.1515754 0
609   1 119 1 F  1.73514751  1.3272086473 1.1152897 0
610   1 119 1 M  1.59485156  1.6787489631 0.9509283 0
611  50  80 1 F  1.13003244 -0.6966089878 1.6038838 0
612  50  80 1 F  1.63296935  0.9689919734 0.8148330 0
613  50  80 1 M  1.29735665  0.3428619372 1.3295608 0
614  50  80 1 M  2.24806985  0.4743420596 1.6057867 0
615  50  80 1 F  2.48633572  1.3563779140 1.4375727 0
616  50  44 1 M  1.78104376  0.2758027809 1.5581134 0
617  50  44 1 M  2.09893906  0.5095165408 1.4218058 0
618  50  44 1 F -0.70514213 -0.8992420533 1.0504488 0
619  50  44 1 M  0.53272266  0.3164615517 0.9366879 0
620  50  44 1 F  3.15044412  1.5858551960 1.5881248 0
621  76 170 1 M  1.58029327  0.5672251814 0.6869691 0
622  76 170 1 M  1.19144016  0.3144877231 1.1556329 0
623  76 170 1 M  0.66112807 -0.4796478682 1.0057955 0
624  76 170 1 M -0.34460984 -1.4320471794 1.2386646 0
625  76 170 1 M  0.71513456 -0.5298555398 1.5183018 0
626  76 161 1 F  2.19355202  0.7206118992 1.4719199 0
627  76 161 1 M -1.22787141 -1.9158605335 1.2145171 0
628  76 161 1 F  2.76584327  1.6259797099 1.5302858 0
629  76 161 1 M  2.02643318 -0.1345248582 1.6164772 0
630  76 161 1 F  1.90709219  0.8011277434 1.5110160 0
631  31 117 1 M  0.68958629 -0.0825875509 1.2095219 0
632  31 117 1 F  0.97177487  0.5229694045 1.1249446 0
633  31 117 1 M  0.01033390 -0.9401050144 1.2288592 0
634  31 117 1 F  1.24551686 -0.0418738568 1.3118403 0
635  31 117 1 F  0.43783158 -1.0813317154 1.6403157 0
636  31 184 1 M  0.50688436 -0.8667480372 1.5835974 0
637  31 184 1 F  0.05385554 -0.5932704868 1.4579768 0
638  31 184 1 F  0.51798075 -1.2117340252 1.7031820 0
639  31 184 1 F  1.92030005  0.4749029825 1.3193131 0
640  31 184 1 M  2.68522936  0.4815478107 1.6366999 0
641  79  43 1 M  0.63601502 -0.0515836941 1.2793874 0
642  79  43 1 F  1.37691685  0.0643065789 1.4286410 0
643  79  43 1 M  0.04586236 -1.2842560614 1.2491291 0
644  79  43 1 M  2.19239870  0.3660358339 1.4110993 0
645  79  43 1 F  0.20663375 -0.3538226865 1.0719418 0
646  79 146 1 M  0.85106036 -1.0527539723 1.5230733 0
647  79 146 1 M  3.15965084  1.5359734174 1.5499476 0
648  79 146 1 M  0.93705258 -0.9923273465 1.6287848 0
649  79 146 1 M  1.71745851 -0.3295656758 1.6302671 0
650  79 146 1 M  2.48382222  0.7617497958 1.6163097 0
