ID Generation Chr Freq.Allele1 Freq.Allele2
   M1 0 1 0.32666665 0.67333335
   M2 0 1 0.81999999 0.18000001
   M3 0 1 0.70666665 0.29333335
   M4 0 1 0.10000000 0.90000000
   M5 0 1 0.10000000 0.90000000
   M6 0 1 0.25666666 0.74333334
   M7 0 1 0.89666665 0.10333335
   M8 0 1 0.88999999 0.11000001
   M9 0 1 0.24333334 0.75666666
  M10 0 1 0.17666666 0.82333334
  M11 0 1 0.90666670 0.09333330
  M12 0 1 0.68333334 0.31666666
  M13 0 1 0.07333333 0.92666667
  M14 0 1 0.13000000 0.87000000
  M15 0 1 0.58333331 0.41666669
  M16 0 1 0.58666664 0.41333336
  M17 0 1 0.88333333 0.11666667
  M18 0 1 0.70333332 0.29666668
  M19 0 1 0.75333333 0.24666667
  M20 0 1 0.23666666 0.76333334
  M21 0 1 0.17000000 0.83000000
  M22 0 1 0.29666665 0.70333335
  M23 0 1 0.29333332 0.70666668
  M24 0 1 0.54666668 0.45333332
  M25 0 1 0.12666667 0.87333333
  M26 0 1 0.17666666 0.82333334
  M27 0 1 0.22333333 0.77666667
  M28 0 1 0.69000000 0.31000000
  M29 0 1 0.50333333 0.49666667
  M30 0 1 0.84666669 0.15333331
  M31 0 1 0.36333334 0.63666666
  M32 0 1 0.46333334 0.53666666
  M33 0 1 0.33000001 0.66999999
  M34 0 1 0.55666667 0.44333333
  M35 0 1 0.78666669 0.21333331
  M36 0 1 0.50666666 0.49333334
  M37 0 1 0.19333333 0.80666667
  M38 0 1 0.28999999 0.71000001
  M39 0 1 0.56666666 0.43333334
  M40 0 1 0.62666667 0.37333333
  M41 0 1 0.81666666 0.18333334
  M42 0 1 0.68333334 0.31666666
  M43 0 1 0.33333334 0.66666666
  M44 0 1 0.34333333 0.65666667
  M45 0 1 0.78666669 0.21333331
  M46 0 1 0.21333334 0.78666666
  M47 0 1 0.90333331 0.09666669
  M48 0 1 0.36333334 0.63666666
  M49 0 1 0.41666666 0.58333334
  M50 0 1 0.44000000 0.56000000
  M51 0 1 0.44333333 0.55666667
  M52 0 1 0.10000000 0.90000000
  M53 0 1 0.45666668 0.54333332
  M54 0 1 0.36666667 0.63333333
  M55 0 1 0.94333333 0.05666667
  M56 0 1 0.90333331 0.09666669
  M57 0 1 0.76333332 0.23666668
  M58 0 1 0.26666668 0.73333332
  M59 0 1 0.41333333 0.58666667
  M60 0 1 0.07000000 0.93000000
  M61 0 1 0.61666667 0.38333333
  M62 0 1 0.30000001 0.69999999
  M63 0 1 0.32333332 0.67666668
  M64 0 1 0.39666668 0.60333332
  M65 0 1 0.69999999 0.30000001
  M66 0 1 0.62000000 0.38000000
  M67 0 1 0.13333334 0.86666666
  M68 0 1 0.56333333 0.43666667
  M69 0 1 0.39333335 0.60666665
  M70 0 1 0.56000000 0.44000000
  M71 0 1 0.74000001 0.25999999
  M72 0 1 0.29333332 0.70666668
  M73 0 1 0.87333333 0.12666667
  M74 0 1 0.12333333 0.87666667
  M75 0 1 0.81333333 0.18666667
  M76 0 1 0.90333331 0.09666669
  M77 0 1 0.36333334 0.63666666
  M78 0 1 0.23666666 0.76333334
  M79 0 1 0.18333334 0.81666666
  M80 0 1 0.49333334 0.50666666
  M81 0 1 0.67000002 0.32999998
  M82 0 1 0.50000000 0.50000000
  M83 0 1 0.38666666 0.61333334
  M84 0 1 0.43666667 0.56333333
  M85 0 1 0.55666667 0.44333333
  M86 0 1 0.24666667 0.75333333
  M87 0 1 0.90333331 0.09666669
  M88 0 1 0.09333333 0.90666667
  M89 0 1 0.17333333 0.82666667
  M90 0 1 0.31666666 0.68333334
  M91 0 1 0.42333335 0.57666665
  M92 0 1 0.66666669 0.33333331
  M93 0 1 0.90666670 0.09333330
  M94 0 1 0.23000000 0.77000000
  M95 0 1 0.61666667 0.38333333
  M96 0 1 0.28000000 0.72000000
  M97 0 1 0.56666666 0.43333334
  M98 0 1 0.09666666 0.90333334
  M99 0 1 0.43666667 0.56333333
 M100 0 1 0.30000001 0.69999999
 M101 0 1 0.62000000 0.38000000
 M102 0 1 0.54000002 0.45999998
 M103 0 1 0.23999999 0.76000001
 M104 0 1 0.48666668 0.51333332
 M105 0 1 0.78333336 0.21666664
 M106 0 1 0.36000001 0.63999999
 M107 0 1 0.24666667 0.75333333
 M108 0 1 0.18666667 0.81333333
 M109 0 1 0.50000000 0.50000000
 M110 0 1 0.20999999 0.79000001
 M111 0 1 0.32333332 0.67666668
 M112 0 1 0.58333331 0.41666669
 M113 0 1 0.43333334 0.56666666
 M114 0 1 0.33666667 0.66333333
 M115 0 1 0.45333335 0.54666665
 M116 0 1 0.28999999 0.71000001
 M117 0 1 0.55666667 0.44333333
 M118 0 1 0.81999999 0.18000001
 M119 0 1 0.29333332 0.70666668
 M120 0 1 0.70999998 0.29000002
 M121 0 1 0.58999997 0.41000003
 M122 0 1 0.50666666 0.49333334
 M123 0 1 0.90666670 0.09333330
 M124 0 1 0.65666670 0.34333330
 M125 0 1 0.47999999 0.52000001
 M126 0 1 0.94333333 0.05666667
 M127 0 1 0.09333333 0.90666667
 M128 0 1 0.22666667 0.77333333
 M129 0 1 0.65333331 0.34666669
 M130 0 1 0.07333333 0.92666667
 M131 0 1 0.51666665 0.48333335
 M132 0 1 0.88999999 0.11000001
 M133 0 1 0.67333335 0.32666665
 M134 0 1 0.41000000 0.59000000
 M135 0 1 0.48666668 0.51333332
 M136 0 1 0.31000000 0.69000000
 M137 0 1 0.61000001 0.38999999
 M138 0 1 0.57666665 0.42333335
 M139 0 1 0.88000000 0.12000000
 M140 0 1 0.38000000 0.62000000
 M141 0 1 0.49333334 0.50666666
 M142 0 1 0.62333333 0.37666667
 M143 0 1 0.90333331 0.09666669
 M144 0 1 0.58333331 0.41666669
 M145 0 1 0.49000001 0.50999999
 M146 0 1 0.71333331 0.28666669
 M147 0 1 0.76333332 0.23666668
 M148 0 1 0.60666668 0.39333332
 M149 0 1 0.68000001 0.31999999
 M150 0 1 0.09333333 0.90666667
 M151 0 1 0.14666666 0.85333334
 M152 0 1 0.13666667 0.86333333
 M153 0 1 0.16333333 0.83666667
 M154 0 1 0.89999998 0.10000002
 M155 0 1 0.76333332 0.23666668
 M156 0 1 0.49000001 0.50999999
 M157 0 1 0.19333333 0.80666667
 M158 0 1 0.20000000 0.80000000
 M159 0 1 0.70666665 0.29333335
 M160 0 1 0.90666670 0.09333330
 M161 0 1 0.12333333 0.87666667
 M162 0 1 0.82333332 0.17666668
 M163 0 1 0.12000000 0.88000000
 M164 0 1 0.47666666 0.52333334
 M165 0 1 0.70999998 0.29000002
 M166 0 1 0.43000001 0.56999999
 M167 0 1 0.40666667 0.59333333
 M168 0 1 0.29666665 0.70333335
 M169 0 1 0.09666666 0.90333334
 M170 0 1 0.93666667 0.06333333
 M171 0 1 0.36666667 0.63333333
 M172 0 1 0.69999999 0.30000001
 M173 0 1 0.05666667 0.94333333
 M174 0 1 0.83999997 0.16000003
 M175 0 1 0.72333336 0.27666664
 M176 0 1 0.57333332 0.42666668
 M177 0 1 0.25666666 0.74333334
 M178 0 1 0.32333332 0.67666668
 M179 0 1 0.62333333 0.37666667
 M180 0 1 0.21333334 0.78666666
 M181 0 1 0.37333333 0.62666667
 M182 0 1 0.12666667 0.87333333
 M183 0 1 0.53666669 0.46333331
 M184 0 1 0.30000001 0.69999999
 M185 0 1 0.55333334 0.44666666
 M186 0 1 0.79666668 0.20333332
 M187 0 1 0.89999998 0.10000002
 M188 0 1 0.63333333 0.36666667
 M189 0 1 0.23000000 0.77000000
 M190 0 1 0.26666668 0.73333332
 M191 0 1 0.44666666 0.55333334
 M192 0 1 0.07333333 0.92666667
 M193 0 1 0.46333334 0.53666666
 M194 0 1 0.31000000 0.69000000
 M195 0 1 0.20000000 0.80000000
 M196 0 1 0.58999997 0.41000003
 M197 0 1 0.23000000 0.77000000
 M198 0 1 0.69000000 0.31000000
 M199 0 1 0.63999999 0.36000001
 M200 0 1 0.23999999 0.76000001
 M201 0 1 0.42666668 0.57333332
 M202 0 1 0.70999998 0.29000002
 M203 0 1 0.63999999 0.36000001
 M204 0 1 0.28000000 0.72000000
 M205 0 1 0.44666666 0.55333334
 M206 0 1 0.46333334 0.53666666
 M207 0 1 0.56333333 0.43666667
 M208 0 1 0.61000001 0.38999999
 M209 0 1 0.09666666 0.90333334
 M210 0 1 0.58666664 0.41333336
 M211 0 1 0.36666667 0.63333333
 M212 0 1 0.34333333 0.65666667
 M213 0 1 0.34666666 0.65333334
 M214 0 1 0.75000000 0.25000000
 M215 0 1 0.10333333 0.89666667
 M216 0 1 0.71666664 0.28333336
 M217 0 1 0.06666667 0.93333333
 M218 0 1 0.79333335 0.20666665
 M219 0 1 0.44000000 0.56000000
 M220 0 1 0.21333334 0.78666666
 M221 0 1 0.41333333 0.58666667
 M222 0 1 0.31666666 0.68333334
 M223 0 1 0.40666667 0.59333333
 M224 0 1 0.49000001 0.50999999
 M225 0 1 0.38999999 0.61000001
 M226 0 1 0.11000000 0.89000000
 M227 0 1 0.32666665 0.67333335
 M228 0 1 0.22333333 0.77666667
 M229 0 1 0.38333333 0.61666667
 M230 0 1 0.38333333 0.61666667
 M231 0 1 0.12333333 0.87666667
 M232 0 1 0.80666667 0.19333333
 M233 0 1 0.38000000 0.62000000
 M234 0 1 0.49666667 0.50333333
 M235 0 1 0.76333332 0.23666668
 M236 0 1 0.84333330 0.15666670
 M237 0 1 0.73666668 0.26333332
 M238 0 1 0.61333334 0.38666666
 M239 0 1 0.37000000 0.63000000
 M240 0 1 0.87666667 0.12333333
 M241 0 1 0.06333333 0.93666667
 M242 0 1 0.28000000 0.72000000
 M243 0 1 0.88333333 0.11666667
 M244 0 1 0.79666668 0.20333332
 M245 0 1 0.51333332 0.48666668
 M246 0 1 0.52666664 0.47333336
 M247 0 1 0.90666670 0.09333330
 M248 0 1 0.86000001 0.13999999
 M249 0 1 0.20999999 0.79000001
 M250 0 1 0.83333331 0.16666669
 M251 0 1 0.86000001 0.13999999
 M252 0 1 0.25333333 0.74666667
 M253 0 1 0.38333333 0.61666667
 M254 0 1 0.83333331 0.16666669
 M255 0 1 0.24333334 0.75666666
 M256 0 1 0.71666664 0.28333336
 M257 0 1 0.45333335 0.54666665
 M258 0 1 0.19333333 0.80666667
 M259 0 1 0.23000000 0.77000000
 M260 0 1 0.72333336 0.27666664
 M261 0 1 0.69666666 0.30333334
 M262 0 1 0.28000000 0.72000000
 M263 0 1 0.43333334 0.56666666
 M264 0 1 0.08333334 0.91666666
 M265 0 1 0.73333335 0.26666665
 M266 0 1 0.31999999 0.68000001
 M267 0 1 0.63999999 0.36000001
 M268 0 1 0.43666667 0.56333333
 M269 0 1 0.58666664 0.41333336
 M270 0 1 0.35333332 0.64666668
 M271 0 1 0.20666666 0.79333334
 M272 0 1 0.86666667 0.13333333
 M273 0 1 0.32666665 0.67333335
 M274 0 1 0.33666667 0.66333333
 M275 0 1 0.43666667 0.56333333
 M276 0 1 0.69999999 0.30000001
 M277 0 1 0.24333334 0.75666666
 M278 0 1 0.82666665 0.17333335
 M279 0 1 0.38666666 0.61333334
 M280 0 1 0.47333333 0.52666667
 M281 0 1 0.48666668 0.51333332
 M282 0 1 0.77666664 0.22333336
 M283 0 1 0.69666666 0.30333334
 M284 0 1 0.58333331 0.41666669
 M285 0 1 0.32666665 0.67333335
 M286 0 1 0.79000002 0.20999998
 M287 0 1 0.14666666 0.85333334
 M288 0 1 0.27000001 0.72999999
 M289 0 1 0.31000000 0.69000000
 M290 0 1 0.44666666 0.55333334
 M291 0 1 0.23999999 0.76000001
 M292 0 1 0.36666667 0.63333333
 M293 0 1 0.35333332 0.64666668
 M294 0 1 0.36666667 0.63333333
 M295 0 1 0.12666667 0.87333333
 M296 0 1 0.85000002 0.14999998
 M297 0 1 0.41000000 0.59000000
 M298 0 1 0.63333333 0.36666667
 M299 0 1 0.68000001 0.31999999
 M300 0 1 0.33000001 0.66999999
 M301 0 1 0.69999999 0.30000001
 M302 0 1 0.72666669 0.27333331
 M303 0 1 0.53333336 0.46666664
 M304 0 1 0.61333334 0.38666666
 M305 0 1 0.67000002 0.32999998
 M306 0 1 0.30000001 0.69999999
 M307 0 1 0.50666666 0.49333334
 M308 0 1 0.45666668 0.54333332
 M309 0 1 0.59333330 0.40666670
 M310 0 1 0.61333334 0.38666666
 M311 0 1 0.70333332 0.29666668
 M312 0 1 0.38999999 0.61000001
 M313 0 1 0.15333334 0.84666666
 M314 0 1 0.63000000 0.37000000
 M315 0 1 0.78333336 0.21666664
 M316 0 1 0.50333333 0.49666667
 M317 0 1 0.43666667 0.56333333
 M318 0 1 0.38000000 0.62000000
 M319 0 1 0.58666664 0.41333336
 M320 0 1 0.23000000 0.77000000
 M321 0 1 0.19666667 0.80333333
 M322 0 1 0.68333334 0.31666666
 M323 0 1 0.12333333 0.87666667
 M324 0 1 0.77333331 0.22666669
 M325 0 1 0.17666666 0.82333334
 M326 0 1 0.71666664 0.28333336
 M327 0 1 0.81333333 0.18666667
 M328 0 1 0.25666666 0.74333334
 M329 0 1 0.65333331 0.34666669
 M330 0 1 0.66333336 0.33666664
 M331 0 1 0.28999999 0.71000001
 M332 0 1 0.47333333 0.52666667
 M333 0 1 0.42333335 0.57666665
 M334 0 1 0.75333333 0.24666667
 M335 0 1 0.85000002 0.14999998
 M336 0 1 0.51666665 0.48333335
 M337 0 1 0.58666664 0.41333336
 M338 0 1 0.87333333 0.12666667
 M339 0 1 0.42333335 0.57666665
 M340 0 1 0.42666668 0.57333332
 M341 0 1 0.39666668 0.60333332
 M342 0 1 0.21666667 0.78333333
 M343 0 1 0.51333332 0.48666668
 M344 0 1 0.47999999 0.52000001
 M345 0 1 0.54666668 0.45333332
 M346 0 1 0.92666668 0.07333332
 M347 0 1 0.53333336 0.46666664
 M348 0 1 0.44000000 0.56000000
 M349 0 1 0.79000002 0.20999998
 M350 0 1 0.93333334 0.06666666
 M351 0 1 0.27666667 0.72333333
 M352 0 1 0.44333333 0.55666667
 M353 0 1 0.84333330 0.15666670
 M354 0 1 0.52999997 0.47000003
 M355 0 1 0.36000001 0.63999999
 M356 0 1 0.25333333 0.74666667
 M357 0 1 0.88666666 0.11333334
 M358 0 1 0.25333333 0.74666667
 M359 0 1 0.78666669 0.21333331
 M360 0 1 0.75666666 0.24333334
 M361 0 1 0.37000000 0.63000000
 M362 0 1 0.43666667 0.56333333
 M363 0 1 0.65666670 0.34333330
 M364 0 1 0.23333333 0.76666667
 M365 0 1 0.24333334 0.75666666
 M366 0 1 0.17000000 0.83000000
 M367 0 1 0.73666668 0.26333332
 M368 0 1 0.52666664 0.47333336
 M369 0 1 0.30666667 0.69333333
 M370 0 1 0.29333332 0.70666668
 M371 0 1 0.83333331 0.16666669
 M372 0 1 0.19666667 0.80333333
 M373 0 1 0.42333335 0.57666665
 M374 0 1 0.22666667 0.77333333
 M375 0 1 0.14666666 0.85333334
 M376 0 1 0.34333333 0.65666667
 M377 0 1 0.48666668 0.51333332
 M378 0 1 0.86333334 0.13666666
 M379 0 1 0.38333333 0.61666667
 M380 0 1 0.55333334 0.44666666
 M381 0 1 0.59333330 0.40666670
 M382 0 1 0.71666664 0.28333336
 M383 0 1 0.77333331 0.22666669
 M384 0 1 0.40000001 0.59999999
 M385 0 1 0.44999999 0.55000001
 M386 0 1 0.71333331 0.28666669
 M387 0 1 0.31333333 0.68666667
 M388 0 1 0.94333333 0.05666667
 M389 0 1 0.25000000 0.75000000
 M390 0 1 0.15666667 0.84333333
 M391 0 1 0.59666669 0.40333331
 M392 0 1 0.58666664 0.41333336
 M393 0 1 0.25000000 0.75000000
 M394 0 1 0.38333333 0.61666667
 M395 0 1 0.23999999 0.76000001
 M396 0 1 0.05333333 0.94666667
 M397 0 1 0.35666665 0.64333335
 M398 0 1 0.88333333 0.11666667
 M399 0 1 0.19333333 0.80666667
 M400 0 1 0.37333333 0.62666667
 M401 0 1 0.46666667 0.53333333
 M402 0 1 0.34000000 0.66000000
 M403 0 1 0.09333333 0.90666667
 M404 0 1 0.08666667 0.91333333
 M405 0 1 0.94333333 0.05666667
 M406 0 1 0.79333335 0.20666665
 M407 0 1 0.55333334 0.44666666
 M408 0 1 0.69000000 0.31000000
 M409 0 1 0.74000001 0.25999999
 M410 0 1 0.40333334 0.59666666
 M411 0 1 0.35333332 0.64666668
 M412 0 1 0.29666665 0.70333335
 M413 0 1 0.25666666 0.74333334
 M414 0 1 0.79333335 0.20666665
 M415 0 1 0.89666665 0.10333335
 M416 0 1 0.55000001 0.44999999
 M417 0 1 0.88999999 0.11000001
 M418 0 1 0.49666667 0.50333333
 M419 0 1 0.37000000 0.63000000
 M420 0 1 0.44999999 0.55000001
 M421 0 1 0.90666670 0.09333330
 M422 0 1 0.41666666 0.58333334
 M423 0 1 0.78333336 0.21666664
 M424 0 1 0.14666666 0.85333334
 M425 0 1 0.75333333 0.24666667
 M426 0 1 0.20999999 0.79000001
 M427 0 1 0.33666667 0.66333333
 M428 0 1 0.13000000 0.87000000
 M429 0 1 0.62666667 0.37333333
 M430 0 1 0.32666665 0.67333335
 M431 0 1 0.12333333 0.87666667
 M432 0 1 0.81666666 0.18333334
 M433 0 1 0.50666666 0.49333334
 M434 0 1 0.66000003 0.33999997
 M435 0 1 0.76333332 0.23666668
 M436 0 1 0.30000001 0.69999999
 M437 0 1 0.18333334 0.81666666
 M438 0 1 0.56333333 0.43666667
 M439 0 1 0.15666667 0.84333333
 M440 0 1 0.17333333 0.82666667
 M441 0 1 0.90666670 0.09333330
 M442 0 1 0.41000000 0.59000000
 M443 0 1 0.62666667 0.37333333
 M444 0 1 0.38333333 0.61666667
 M445 0 1 0.42666668 0.57333332
 M446 0 1 0.10666667 0.89333333
 M447 0 1 0.16333333 0.83666667
 M448 0 1 0.72666669 0.27333331
 M449 0 2 0.18000001 0.81999999
 M450 0 2 0.81999999 0.18000001
 M451 0 2 0.38333333 0.61666667
 M452 0 2 0.14333333 0.85666667
 M453 0 2 0.46000001 0.53999999
 M454 0 2 0.43666667 0.56333333
 M455 0 2 0.36666667 0.63333333
 M456 0 2 0.20666666 0.79333334
 M457 0 2 0.48333332 0.51666668
 M458 0 2 0.67000002 0.32999998
 M459 0 2 0.22666667 0.77333333
 M460 0 2 0.76666665 0.23333335
 M461 0 2 0.17666666 0.82333334
 M462 0 2 0.27000001 0.72999999
 M463 0 2 0.72000003 0.27999997
 M464 0 2 0.31999999 0.68000001
 M465 0 2 0.52999997 0.47000003
 M466 0 2 0.24666667 0.75333333
 M467 0 2 0.92000002 0.07999998
 M468 0 2 0.27000001 0.72999999
 M469 0 2 0.38666666 0.61333334
 M470 0 2 0.38000000 0.62000000
 M471 0 2 0.61666667 0.38333333
 M472 0 2 0.38999999 0.61000001
 M473 0 2 0.89333332 0.10666668
 M474 0 2 0.25000000 0.75000000
 M475 0 2 0.86000001 0.13999999
 M476 0 2 0.27666667 0.72333333
 M477 0 2 0.19000000 0.81000000
 M478 0 2 0.47999999 0.52000001
 M479 0 2 0.92333335 0.07666665
 M480 0 2 0.12333333 0.87666667
 M481 0 2 0.71333331 0.28666669
 M482 0 2 0.87666667 0.12333333
 M483 0 2 0.70666665 0.29333335
 M484 0 2 0.87000000 0.13000000
 M485 0 2 0.88666666 0.11333334
 M486 0 2 0.85666668 0.14333332
 M487 0 2 0.88000000 0.12000000
 M488 0 2 0.61333334 0.38666666
 M489 0 2 0.08000000 0.92000000
 M490 0 2 0.26666668 0.73333332
 M491 0 2 0.26666668 0.73333332
 M492 0 2 0.43333334 0.56666666
 M493 0 2 0.68666667 0.31333333
 M494 0 2 0.33000001 0.66999999
 M495 0 2 0.39666668 0.60333332
 M496 0 2 0.15666667 0.84333333
 M497 0 2 0.25000000 0.75000000
 M498 0 2 0.26333332 0.73666668
 M499 0 2 0.06000000 0.94000000
 M500 0 2 0.49000001 0.50999999
 M501 0 2 0.51999998 0.48000002
 M502 0 2 0.32333332 0.67666668
 M503 0 2 0.59333330 0.40666670
 M504 0 2 0.83999997 0.16000003
 M505 0 2 0.38666666 0.61333334
 M506 0 2 0.89333332 0.10666668
 M507 0 2 0.13666667 0.86333333
 M508 0 2 0.20000000 0.80000000
 M509 0 2 0.11666667 0.88333333
 M510 0 2 0.67000002 0.32999998
 M511 0 2 0.27000001 0.72999999
 M512 0 2 0.51333332 0.48666668
 M513 0 2 0.63000000 0.37000000
 M514 0 2 0.36000001 0.63999999
 M515 0 2 0.37000000 0.63000000
 M516 0 2 0.51333332 0.48666668
 M517 0 2 0.06333333 0.93666667
 M518 0 2 0.87000000 0.13000000
 M519 0 2 0.94666666 0.05333334
 M520 0 2 0.54333335 0.45666665
 M521 0 2 0.47666666 0.52333334
 M522 0 2 0.27333334 0.72666666
 M523 0 2 0.38999999 0.61000001
 M524 0 2 0.75666666 0.24333334
 M525 0 2 0.22333333 0.77666667
 M526 0 2 0.34666666 0.65333334
 M527 0 2 0.53666669 0.46333331
 M528 0 2 0.48333332 0.51666668
 M529 0 2 0.22333333 0.77666667
 M530 0 2 0.80666667 0.19333333
 M531 0 2 0.58999997 0.41000003
 M532 0 2 0.36000001 0.63999999
 M533 0 2 0.34000000 0.66000000
 M534 0 2 0.15666667 0.84333333
 M535 0 2 0.20666666 0.79333334
 M536 0 2 0.52999997 0.47000003
 M537 0 2 0.66333336 0.33666664
 M538 0 2 0.69333333 0.30666667
 M539 0 2 0.89999998 0.10000002
 M540 0 2 0.21333334 0.78666666
 M541 0 2 0.72666669 0.27333331
 M542 0 2 0.29333332 0.70666668
 M543 0 2 0.30333334 0.69666666
 M544 0 2 0.50333333 0.49666667
 M545 0 2 0.55000001 0.44999999
 M546 0 2 0.26333332 0.73666668
 M547 0 2 0.61666667 0.38333333
 M548 0 2 0.31999999 0.68000001
 M549 0 2 0.41999999 0.58000001
 M550 0 2 0.55000001 0.44999999
 M551 0 2 0.82333332 0.17666668
 M552 0 2 0.71666664 0.28333336
 M553 0 2 0.87666667 0.12333333
 M554 0 2 0.25333333 0.74666667
 M555 0 2 0.39666668 0.60333332
 M556 0 2 0.89666665 0.10333335
 M557 0 2 0.68000001 0.31999999
 M558 0 2 0.88000000 0.12000000
 M559 0 2 0.50999999 0.49000001
 M560 0 2 0.49333334 0.50666666
 M561 0 2 0.67333335 0.32666665
 M562 0 2 0.52999997 0.47000003
 M563 0 2 0.06333333 0.93666667
 M564 0 2 0.29666665 0.70333335
 M565 0 2 0.65666670 0.34333330
 M566 0 2 0.16000000 0.84000000
 M567 0 2 0.89999998 0.10000002
 M568 0 2 0.64333332 0.35666668
 M569 0 2 0.57666665 0.42333335
 M570 0 2 0.44333333 0.55666667
 M571 0 2 0.30333334 0.69666666
 M572 0 2 0.06666667 0.93333333
 M573 0 2 0.13666667 0.86333333
 M574 0 2 0.09333333 0.90666667
 M575 0 2 0.93333334 0.06666666
 M576 0 2 0.91666669 0.08333331
 M577 0 2 0.47333333 0.52666667
 M578 0 2 0.33000001 0.66999999
 M579 0 2 0.51333332 0.48666668
 M580 0 2 0.46666667 0.53333333
 M581 0 2 0.83999997 0.16000003
 M582 0 2 0.30333334 0.69666666
 M583 0 2 0.49333334 0.50666666
 M584 0 2 0.10333333 0.89666667
 M585 0 2 0.24333334 0.75666666
 M586 0 2 0.05666667 0.94333333
 M587 0 2 0.88000000 0.12000000
 M588 0 2 0.27000001 0.72999999
 M589 0 2 0.40333334 0.59666666
 M590 0 2 0.12000000 0.88000000
 M591 0 2 0.74000001 0.25999999
 M592 0 2 0.66000003 0.33999997
 M593 0 2 0.46000001 0.53999999
 M594 0 2 0.60000002 0.39999998
 M595 0 2 0.85000002 0.14999998
 M596 0 2 0.14000000 0.86000000
 M597 0 2 0.60000002 0.39999998
 M598 0 2 0.08000000 0.92000000
 M599 0 2 0.67333335 0.32666665
 M600 0 2 0.60333335 0.39666665
 M601 0 2 0.70333332 0.29666668
 M602 0 2 0.72000003 0.27999997
 M603 0 2 0.87666667 0.12333333
 M604 0 2 0.40000001 0.59999999
 M605 0 2 0.43666667 0.56333333
 M606 0 2 0.62333333 0.37666667
 M607 0 2 0.20333333 0.79666667
 M608 0 2 0.63999999 0.36000001
 M609 0 2 0.80000001 0.19999999
 M610 0 2 0.40000001 0.59999999
 M611 0 2 0.84666669 0.15333331
 M612 0 2 0.86333334 0.13666666
 M613 0 2 0.60333335 0.39666665
 M614 0 2 0.44333333 0.55666667
 M615 0 2 0.63999999 0.36000001
 M616 0 2 0.72666669 0.27333331
 M617 0 2 0.16666667 0.83333333
 M618 0 2 0.40666667 0.59333333
 M619 0 2 0.66666669 0.33333331
 M620 0 2 0.66333336 0.33666664
 M621 0 2 0.28333333 0.71666667
 M622 0 2 0.22333333 0.77666667
 M623 0 2 0.35666665 0.64333335
 M624 0 2 0.43333334 0.56666666
 M625 0 2 0.66666669 0.33333331
 M626 0 2 0.59333330 0.40666670
 M627 0 2 0.73333335 0.26666665
 M628 0 2 0.34999999 0.65000001
 M629 0 2 0.29333332 0.70666668
 M630 0 2 0.53666669 0.46333331
 M631 0 2 0.34000000 0.66000000
 M632 0 2 0.83999997 0.16000003
 M633 0 2 0.92333335 0.07666665
 M634 0 2 0.34333333 0.65666667
 M635 0 2 0.66666669 0.33333331
 M636 0 2 0.15333334 0.84666666
 M637 0 2 0.28666666 0.71333334
 M638 0 2 0.77666664 0.22333336
 M639 0 2 0.43000001 0.56999999
 M640 0 2 0.91000003 0.08999997
 M641 0 2 0.25000000 0.75000000
 M642 0 2 0.79666668 0.20333332
 M643 0 2 0.25000000 0.75000000
 M644 0 2 0.62333333 0.37666667
 M645 0 2 0.20666666 0.79333334
 M646 0 2 0.54666668 0.45333332
 M647 0 2 0.28333333 0.71666667
 M648 0 2 0.05000000 0.95000000
 M649 0 2 0.19000000 0.81000000
 M650 0 2 0.46666667 0.53333333
 M651 0 2 0.68666667 0.31333333
 M652 0 2 0.61333334 0.38666666
 M653 0 2 0.08000000 0.92000000
 M654 0 2 0.75999999 0.24000001
 M655 0 2 0.30333334 0.69666666
 M656 0 2 0.34666666 0.65333334
 M657 0 2 0.28333333 0.71666667
 M658 0 2 0.95666665 0.04333335
 M659 0 2 0.55333334 0.44666666
 M660 0 2 0.64666665 0.35333335
 M661 0 2 0.53666669 0.46333331
 M662 0 2 0.86333334 0.13666666
 M663 0 2 0.56333333 0.43666667
 M664 0 2 0.62666667 0.37333333
 M665 0 2 0.50333333 0.49666667
 M666 0 2 0.85666668 0.14333332
 M667 0 2 0.59666669 0.40333331
 M668 0 2 0.61333334 0.38666666
 M669 0 2 0.20333333 0.79666667
 M670 0 2 0.78666669 0.21333331
 M671 0 2 0.13666667 0.86333333
 M672 0 2 0.59666669 0.40333331
 M673 0 2 0.10666667 0.89333333
 M674 0 2 0.23000000 0.77000000
 M675 0 2 0.27000001 0.72999999
 M676 0 2 0.23666666 0.76333334
 M677 0 2 0.28333333 0.71666667
 M678 0 2 0.49000001 0.50999999
 M679 0 2 0.75333333 0.24666667
 M680 0 2 0.25000000 0.75000000
 M681 0 2 0.74666667 0.25333333
 M682 0 2 0.30333334 0.69666666
 M683 0 2 0.81666666 0.18333334
 M684 0 2 0.78666669 0.21333331
 M685 0 2 0.27666667 0.72333333
 M686 0 2 0.42666668 0.57333332
 M687 0 2 0.65666670 0.34333330
 M688 0 2 0.11000000 0.89000000
 M689 0 2 0.44666666 0.55333334
 M690 0 2 0.19333333 0.80666667
 M691 0 2 0.76999998 0.23000002
 M692 0 2 0.38000000 0.62000000
 M693 0 2 0.53333336 0.46666664
 M694 0 2 0.50333333 0.49666667
 M695 0 2 0.43333334 0.56666666
 M696 0 2 0.93666667 0.06333333
 M697 0 2 0.51333332 0.48666668
 M698 0 2 0.44000000 0.56000000
 M699 0 2 0.36333334 0.63666666
 M700 0 2 0.63999999 0.36000001
 M701 0 2 0.36666667 0.63333333
 M702 0 2 0.29666665 0.70333335
 M703 0 2 0.37333333 0.62666667
 M704 0 2 0.42666668 0.57333332
 M705 0 2 0.61666667 0.38333333
 M706 0 2 0.88999999 0.11000001
 M707 0 2 0.63666666 0.36333334
 M708 0 2 0.84666669 0.15333331
 M709 0 2 0.20333333 0.79666667
 M710 0 2 0.60333335 0.39666665
 M711 0 2 0.52333331 0.47666669
 M712 0 2 0.45333335 0.54666665
 M713 0 2 0.82666665 0.17333335
 M714 0 2 0.88333333 0.11666667
 M715 0 2 0.66000003 0.33999997
 M716 0 2 0.43333334 0.56666666
 M717 0 2 0.55666667 0.44333333
 M718 0 2 0.20333333 0.79666667
 M719 0 2 0.23666666 0.76333334
 M720 0 2 0.30000001 0.69999999
 M721 0 2 0.34333333 0.65666667
 M722 0 2 0.40666667 0.59333333
 M723 0 2 0.76666665 0.23333335
 M724 0 2 0.41333333 0.58666667
 M725 0 2 0.43333334 0.56666666
 M726 0 2 0.51999998 0.48000002
 M727 0 2 0.43666667 0.56333333
 M728 0 2 0.37000000 0.63000000
 M729 0 2 0.66666669 0.33333331
 M730 0 2 0.70666665 0.29333335
 M731 0 2 0.09000000 0.91000000
 M732 0 2 0.70999998 0.29000002
 M733 0 2 0.24666667 0.75333333
 M734 0 2 0.39333335 0.60666665
 M735 0 2 0.74666667 0.25333333
 M736 0 2 0.17333333 0.82666667
 M737 0 2 0.75999999 0.24000001
 M738 0 2 0.13666667 0.86333333
 M739 0 2 0.31333333 0.68666667
 M740 0 2 0.93333334 0.06666666
 M741 0 2 0.30666667 0.69333333
 M742 0 2 0.39333335 0.60666665
 M743 0 2 0.81000000 0.19000000
 M744 0 2 0.44666666 0.55333334
 M745 0 2 0.49666667 0.50333333
 M746 0 2 0.59666669 0.40333331
 M747 0 2 0.52666664 0.47333336
 M748 0 2 0.19000000 0.81000000
 M749 0 2 0.30333334 0.69666666
 M750 0 2 0.57333332 0.42666668
 M751 0 2 0.47000000 0.53000000
 M752 0 2 0.38333333 0.61666667
 M753 0 2 0.83666664 0.16333336
 M754 0 2 0.66000003 0.33999997
 M755 0 2 0.63000000 0.37000000
 M756 0 2 0.34333333 0.65666667
 M757 0 2 0.80666667 0.19333333
 M758 0 2 0.08000000 0.92000000
 M759 0 2 0.25000000 0.75000000
 M760 0 2 0.11333334 0.88666666
 M761 0 2 0.43666667 0.56333333
 M762 0 2 0.47666666 0.52333334
 M763 0 2 0.50000000 0.50000000
 M764 0 2 0.55333334 0.44666666
 M765 0 2 0.16333333 0.83666667
 M766 0 2 0.37000000 0.63000000
 M767 0 2 0.52666664 0.47333336
 M768 0 2 0.71333331 0.28666669
 M769 0 2 0.13333334 0.86666666
 M770 0 2 0.62666667 0.37333333
 M771 0 2 0.53666669 0.46333331
 M772 0 2 0.50333333 0.49666667
 M773 0 2 0.50000000 0.50000000
 M774 0 2 0.36000001 0.63999999
 M775 0 2 0.50999999 0.49000001
 M776 0 2 0.36333334 0.63666666
 M777 0 2 0.39333335 0.60666665
 M778 0 2 0.85000002 0.14999998
 M779 0 2 0.73000002 0.26999998
 M780 0 2 0.29333332 0.70666668
 M781 0 2 0.20666666 0.79333334
 M782 0 2 0.89999998 0.10000002
 M783 0 2 0.07666667 0.92333333
 M784 0 2 0.31666666 0.68333334
 M785 0 2 0.85666668 0.14333332
 M786 0 2 0.34999999 0.65000001
 M787 0 2 0.17666666 0.82333334
 M788 0 2 0.76666665 0.23333335
 M789 0 2 0.18333334 0.81666666
 M790 0 2 0.52333331 0.47666669
 M791 0 2 0.60333335 0.39666665
 M792 0 2 0.88000000 0.12000000
 M793 0 2 0.28000000 0.72000000
 M794 0 2 0.10000000 0.90000000
 M795 0 2 0.55333334 0.44666666
 M796 0 2 0.16333333 0.83666667
 M797 0 2 0.34000000 0.66000000
 M798 0 2 0.31333333 0.68666667
 M799 0 2 0.87000000 0.13000000
 M800 0 2 0.04333333 0.95666667
 M801 0 2 0.40333334 0.59666666
 M802 0 2 0.40333334 0.59666666
 M803 0 2 0.35333332 0.64666668
 M804 0 2 0.50333333 0.49666667
 M805 0 2 0.18666667 0.81333333
 M806 0 2 0.86333334 0.13666666
 M807 0 2 0.38333333 0.61666667
 M808 0 2 0.56666666 0.43333334
 M809 0 2 0.47000000 0.53000000
 M810 0 2 0.44666666 0.55333334
 M811 0 2 0.69000000 0.31000000
 M812 0 2 0.40333334 0.59666666
 M813 0 2 0.83666664 0.16333336
 M814 0 2 0.43666667 0.56333333
 M815 0 2 0.10333333 0.89666667
 M816 0 2 0.19000000 0.81000000
 M817 0 2 0.63999999 0.36000001
 M818 0 2 0.53666669 0.46333331
 M819 0 2 0.56000000 0.44000000
 M820 0 2 0.73333335 0.26666665
 M821 0 2 0.69666666 0.30333334
 M822 0 2 0.64333332 0.35666668
 M823 0 2 0.29666665 0.70333335
 M824 0 2 0.75666666 0.24333334
 M825 0 2 0.82333332 0.17666668
 M826 0 2 0.76666665 0.23333335
 M827 0 2 0.21666667 0.78333333
 M828 0 2 0.15666667 0.84333333
 M829 0 2 0.68666667 0.31333333
 M830 0 2 0.80333334 0.19666666
 M831 0 2 0.18666667 0.81333333
 M832 0 2 0.46333334 0.53666666
 M833 0 2 0.73333335 0.26666665
 M834 0 2 0.64999998 0.35000002
 M835 0 2 0.87666667 0.12333333
 M836 0 2 0.71666664 0.28333336
 M837 0 2 0.31999999 0.68000001
 M838 0 2 0.76333332 0.23666668
 M839 0 2 0.60333335 0.39666665
 M840 0 2 0.50000000 0.50000000
 M841 0 2 0.77333331 0.22666669
 M842 0 2 0.59666669 0.40333331
 M843 0 2 0.37333333 0.62666667
 M844 0 2 0.41666666 0.58333334
 M845 0 2 0.53666669 0.46333331
 M846 0 2 0.80666667 0.19333333
 M847 0 2 0.12333333 0.87666667
 M848 0 2 0.28999999 0.71000001
 M849 0 2 0.74666667 0.25333333
 M850 0 2 0.76666665 0.23333335
 M851 0 2 0.50666666 0.49333334
 M852 0 2 0.66666669 0.33333331
 M853 0 2 0.23666666 0.76333334
 M854 0 2 0.40333334 0.59666666
 M855 0 2 0.41666666 0.58333334
 M856 0 2 0.75333333 0.24666667
 M857 0 2 0.77333331 0.22666669
 M858 0 2 0.57999998 0.42000002
 M859 0 2 0.44000000 0.56000000
 M860 0 2 0.31333333 0.68666667
 M861 0 2 0.12000000 0.88000000
 M862 0 2 0.80000001 0.19999999
 M863 0 2 0.37666667 0.62333333
 M864 0 2 0.07000000 0.93000000
 M865 0 2 0.57666665 0.42333335
 M866 0 2 0.44333333 0.55666667
 M867 0 2 0.94000000 0.06000000
 M868 0 2 0.46000001 0.53999999
 M869 0 2 0.86000001 0.13999999
 M870 0 2 0.63000000 0.37000000
 M871 0 2 0.38000000 0.62000000
 M872 0 2 0.48666668 0.51333332
 M873 0 2 0.72333336 0.27666664
 M874 0 2 0.23000000 0.77000000
 M875 0 2 0.37000000 0.63000000
 M876 0 2 0.29666665 0.70333335
 M877 0 2 0.57999998 0.42000002
 M878 0 2 0.33000001 0.66999999
 M879 0 2 0.54000002 0.45999998
 M880 0 2 0.48666668 0.51333332
 M881 0 2 0.06000000 0.94000000
 M882 0 2 0.79333335 0.20666665
 M883 0 2 0.16000000 0.84000000
 M884 0 2 0.62000000 0.38000000
 M885 0 2 0.56999999 0.43000001
 M886 0 2 0.80666667 0.19333333
 M887 0 2 0.10333333 0.89666667
 M888 0 2 0.57333332 0.42666668
 M889 0 2 0.16666667 0.83333333
 M890 0 2 0.49000001 0.50999999
 M891 0 2 0.72333336 0.27666664
 M892 0 2 0.46333334 0.53666666
 M893 0 2 0.06666667 0.93333333
 M894 0 2 0.42333335 0.57666665
 M895 0 2 0.87666667 0.12333333
 M896 0 2 0.63000000 0.37000000
 M897 0 2 0.47333333 0.52666667
 M898 0 2 0.47999999 0.52000001
 M899 0 2 0.50999999 0.49000001
 M900 0 2 0.23000000 0.77000000
 M901 0 2 0.75999999 0.24000001
 M902 0 2 0.73666668 0.26333332
 M903 0 2 0.74333334 0.25666666
 M904 0 2 0.47000000 0.53000000
 M905 0 2 0.20333333 0.79666667
 M906 0 2 0.61000001 0.38999999
 M907 0 2 0.23000000 0.77000000
 M908 0 2 0.12666667 0.87333333
 M909 0 2 0.57333332 0.42666668
 M910 0 2 0.77333331 0.22666669
 M911 0 2 0.49333334 0.50666666
 M912 0 2 0.33666667 0.66333333
 M913 0 2 0.70999998 0.29000002
 M914 0 2 0.50999999 0.49000001
 M915 0 2 0.63333333 0.36666667
 M916 0 2 0.92000002 0.07999998
 M917 0 2 0.51666665 0.48333335
 M918 0 2 0.50000000 0.50000000
 M919 0 2 0.77666664 0.22333336
 M920 0 2 0.38666666 0.61333334
 M921 0 2 0.40000001 0.59999999
 M922 0 2 0.34999999 0.65000001
 M923 0 2 0.35333332 0.64666668
 M924 0 2 0.16666667 0.83333333
 M925 0 2 0.42333335 0.57666665
 M926 0 2 0.75999999 0.24000001
 M927 0 2 0.87000000 0.13000000
 M928 0 2 0.12666667 0.87333333
 M929 0 2 0.55000001 0.44999999
 M930 0 2 0.63999999 0.36000001
 M931 0 2 0.46333334 0.53666666
 M932 0 2 0.42333335 0.57666665
 M933 0 2 0.27000001 0.72999999
 M934 0 2 0.46666667 0.53333333
 M935 0 2 0.41999999 0.58000001
 M936 0 2 0.51999998 0.48000002
 M937 0 2 0.20666666 0.79333334
 M938 0 2 0.13000000 0.87000000
 M939 0 2 0.76666665 0.23333335
 M940 0 2 0.13333334 0.86666666
 M941 0 2 0.61666667 0.38333333
 M942 0 2 0.43000001 0.56999999
 M943 0 2 0.38999999 0.61000001
 M944 0 2 0.21666667 0.78333333
 M945 0 2 0.80333334 0.19666666
 M946 0 2 0.11666667 0.88333333
 M947 0 2 0.62666667 0.37333333
 M948 0 2 0.75999999 0.24000001
 M949 0 2 0.13000000 0.87000000
 M950 0 2 0.21666667 0.78333333
 M951 0 2 0.50000000 0.50000000
 M952 0 2 0.31999999 0.68000001
 M953 0 2 0.94666666 0.05333334
 M954 0 2 0.43000001 0.56999999
 M955 0 2 0.61333334 0.38666666
 M956 0 2 0.76333332 0.23666668
 M957 0 2 0.75666666 0.24333334
 M958 0 2 0.31000000 0.69000000
 M959 0 2 0.23333333 0.76666667
 M960 0 2 0.08000000 0.92000000
 M961 0 2 0.89999998 0.10000002
 M962 0 2 0.06000000 0.94000000
 M963 0 2 0.75000000 0.25000000
 M964 0 2 0.89999998 0.10000002
 M965 0 2 0.77666664 0.22333336
 M966 0 2 0.33666667 0.66333333
 M967 0 2 0.75333333 0.24666667
 M968 0 2 0.24666667 0.75333333
 M969 0 2 0.49333334 0.50666666
 M970 0 2 0.87666667 0.12333333
 M971 0 2 0.33666667 0.66333333
 M972 0 2 0.30333334 0.69666666
 M973 0 2 0.44000000 0.56000000
 M974 0 2 0.37000000 0.63000000
 M975 0 2 0.46000001 0.53999999
 M976 0 2 0.25333333 0.74666667
 M977 0 2 0.78666669 0.21333331
 M978 0 2 0.42666668 0.57333332
 M979 0 2 0.20333333 0.79666667
 M980 0 2 0.60000002 0.39999998
 M981 0 2 0.56000000 0.44000000
 M982 0 2 0.86666667 0.13333333
 M983 0 2 0.70666665 0.29333335
 M984 0 2 0.04666667 0.95333333
 M985 0 2 0.41000000 0.59000000
 M986 0 2 0.25000000 0.75000000
 M987 0 2 0.77999997 0.22000003
 M988 0 2 0.25666666 0.74333334
 M989 0 2 0.79333335 0.20666665
 M990 0 2 0.56333333 0.43666667
 M991 0 2 0.12333333 0.87666667
 M992 0 2 0.23333333 0.76666667
 M993 0 2 0.69333333 0.30666667
 M994 0 2 0.13333334 0.86666666
 M995 0 2 0.28999999 0.71000001
 M996 0 2 0.40000001 0.59999999
 M997 0 2 0.41000000 0.59000000
 M998 0 2 0.84333330 0.15666670
 M999 0 2 0.39333335 0.60666665
M1000 0 2 0.19333333 0.80666667
M1001 0 2 0.21333334 0.78666666
M1002 0 2 0.78666669 0.21333331
M1003 0 2 0.28333333 0.71666667
M1004 0 2 0.51666665 0.48333335
M1005 0 2 0.70333332 0.29666668
M1006 0 2 0.72666669 0.27333331
M1007 0 2 0.20999999 0.79000001
M1008 0 2 0.47666666 0.52333334
M1009 0 2 0.36666667 0.63333333
M1010 0 2 0.62333333 0.37666667
M1011 0 2 0.37333333 0.62666667
M1012 0 2 0.84666669 0.15333331
M1013 0 2 0.51666665 0.48333335
M1014 0 2 0.53666669 0.46333331
M1015 0 2 0.42666668 0.57333332
M1016 0 2 0.47000000 0.53000000
M1017 0 2 0.89333332 0.10666668
M1018 0 2 0.63333333 0.36666667
M1019 0 2 0.20999999 0.79000001
M1020 0 2 0.69666666 0.30333334
M1021 0 2 0.04666667 0.95333333
M1022 0 2 0.29333332 0.70666668
M1023 0 2 0.82666665 0.17333335
M1024 0 2 0.39333335 0.60666665
M1025 0 2 0.38999999 0.61000001
M1026 0 2 0.93666667 0.06333333
M1027 0 2 0.44000000 0.56000000
M1028 0 2 0.19000000 0.81000000
M1029 0 2 0.36333334 0.63666666
M1030 0 2 0.87000000 0.13000000
M1031 0 2 0.77333331 0.22666669
M1032 0 2 0.36666667 0.63333333
M1033 0 2 0.74000001 0.25999999
M1034 0 2 0.66000003 0.33999997
M1035 0 2 0.86333334 0.13666666
M1036 0 2 0.10000000 0.90000000
M1037 0 2 0.76999998 0.23000002
M1038 0 2 0.70666665 0.29333335
M1039 0 2 0.72333336 0.27666664
M1040 0 2 0.19333333 0.80666667
M1041 0 2 0.47999999 0.52000001
M1042 0 2 0.85333335 0.14666665
M1043 0 2 0.56666666 0.43333334
M1044 0 2 0.49000001 0.50999999
M1045 0 2 0.30666667 0.69333333
M1046 0 2 0.28000000 0.72000000
M1047 0 2 0.52333331 0.47666669
M1048 0 2 0.66000003 0.33999997
M1049 0 2 0.20000000 0.80000000
M1050 0 2 0.23999999 0.76000001
M1051 0 2 0.52333331 0.47666669
M1052 0 2 0.76333332 0.23666668
M1053 0 2 0.51999998 0.48000002
M1054 0 2 0.41999999 0.58000001
M1055 0 2 0.57333332 0.42666668
M1056 0 2 0.58666664 0.41333336
M1057 0 2 0.49333334 0.50666666
M1058 0 2 0.70333332 0.29666668
M1059 0 2 0.12000000 0.88000000
M1060 0 2 0.09000000 0.91000000
M1061 0 2 0.52999997 0.47000003
M1062 0 2 0.36666667 0.63333333
M1063 0 2 0.14333333 0.85666667
M1064 0 2 0.51666665 0.48333335
M1065 0 2 0.44666666 0.55333334
M1066 0 2 0.11000000 0.89000000
M1067 0 2 0.68333334 0.31666666
M1068 0 2 0.84666669 0.15333331
M1069 0 2 0.66666669 0.33333331
M1070 0 2 0.44999999 0.55000001
M1071 0 2 0.37000000 0.63000000
M1072 0 2 0.04666667 0.95333333
M1073 0 2 0.50666666 0.49333334
M1074 0 2 0.50999999 0.49000001
M1075 0 2 0.84333330 0.15666670
M1076 0 2 0.79000002 0.20999998
M1077 0 2 0.07000000 0.93000000
M1078 0 2 0.90666670 0.09333330
M1079 0 2 0.70333332 0.29666668
M1080 0 2 0.34666666 0.65333334
M1081 0 2 0.63666666 0.36333334
M1082 0 2 0.87000000 0.13000000
M1083 0 2 0.31999999 0.68000001
M1084 0 2 0.28666666 0.71333334
M1085 0 2 0.76666665 0.23333335
M1086 0 2 0.13666667 0.86333333
M1087 0 2 0.47000000 0.53000000
M1088 0 2 0.38666666 0.61333334
M1089 0 2 0.16333333 0.83666667
M1090 0 2 0.22666667 0.77333333
M1091 0 2 0.83999997 0.16000003
M1092 0 2 0.33000001 0.66999999
M1093 0 2 0.86333334 0.13666666
M1094 0 2 0.59666669 0.40333331
M1095 0 2 0.16000000 0.84000000
M1096 0 2 0.10000000 0.90000000
M1097 0 2 0.69666666 0.30333334
M1098 0 2 0.50666666 0.49333334
M1099 0 2 0.47000000 0.53000000
M1100 0 2 0.30000001 0.69999999
M1101 0 2 0.44999999 0.55000001
M1102 0 2 0.69000000 0.31000000
M1103 0 2 0.41333333 0.58666667
M1104 0 2 0.92000002 0.07999998
M1105 0 2 0.51999998 0.48000002
M1106 0 2 0.51333332 0.48666668
M1107 0 2 0.49333334 0.50666666
M1108 0 2 0.48666668 0.51333332
M1109 0 2 0.40000001 0.59999999
M1110 0 2 0.43666667 0.56333333
M1111 0 2 0.24333334 0.75666666
M1112 0 2 0.82999998 0.17000002
M1113 0 2 0.58999997 0.41000003
M1114 0 2 0.09666666 0.90333334
M1115 0 2 0.39333335 0.60666665
M1116 0 2 0.41000000 0.59000000
M1117 0 2 0.60666668 0.39333332
M1118 0 2 0.16333333 0.83666667
M1119 0 2 0.46333334 0.53666666
M1120 0 2 0.12666667 0.87333333
M1121 0 2 0.20999999 0.79000001
M1122 0 2 0.88666666 0.11333334
M1123 0 2 0.37333333 0.62666667
M1124 0 2 0.31666666 0.68333334
M1125 0 2 0.34999999 0.65000001
M1126 0 2 0.55666667 0.44333333
M1127 0 2 0.61666667 0.38333333
M1128 0 2 0.36666667 0.63333333
M1129 0 2 0.29666665 0.70333335
M1130 0 2 0.61333334 0.38666666
M1131 0 2 0.56000000 0.44000000
M1132 0 2 0.69000000 0.31000000
M1133 0 2 0.33333334 0.66666666
M1134 0 2 0.52999997 0.47000003
M1135 0 2 0.42333335 0.57666665
M1136 0 2 0.59333330 0.40666670
M1137 0 2 0.86333334 0.13666666
M1138 0 2 0.84333330 0.15666670
M1139 0 2 0.29333332 0.70666668
M1140 0 2 0.36000001 0.63999999
M1141 0 2 0.19000000 0.81000000
M1142 0 2 0.12000000 0.88000000
M1143 0 2 0.61000001 0.38999999
M1144 0 2 0.72666669 0.27333331
M1145 0 2 0.20666666 0.79333334
M1146 0 2 0.50999999 0.49000001
M1147 0 2 0.38000000 0.62000000
M1148 0 2 0.30333334 0.69666666
M1149 0 2 0.41333333 0.58666667
M1150 0 2 0.88666666 0.11333334
M1151 0 2 0.16333333 0.83666667
M1152 0 2 0.76333332 0.23666668
M1153 0 2 0.61333334 0.38666666
M1154 0 2 0.75666666 0.24333334
M1155 0 2 0.80000001 0.19999999
M1156 0 2 0.68333334 0.31666666
M1157 0 2 0.60333335 0.39666665
M1158 0 2 0.53666669 0.46333331
M1159 0 2 0.41333333 0.58666667
M1160 0 2 0.42333335 0.57666665
M1161 0 2 0.82666665 0.17333335
M1162 0 2 0.93333334 0.06666666
M1163 0 2 0.76999998 0.23000002
M1164 0 2 0.72333336 0.27666664
M1165 0 2 0.88666666 0.11333334
M1166 0 2 0.57999998 0.42000002
M1167 0 2 0.87666667 0.12333333
M1168 0 2 0.18000001 0.81999999
M1169 0 2 0.37333333 0.62666667
M1170 0 2 0.23666666 0.76333334
M1171 0 2 0.66000003 0.33999997
M1172 0 2 0.18333334 0.81666666
M1173 0 2 0.80000001 0.19999999
M1174 0 2 0.08000000 0.92000000
M1175 0 2 0.89999998 0.10000002
M1176 0 2 0.54333335 0.45666665
M1177 0 2 0.13000000 0.87000000
M1178 0 2 0.69333333 0.30666667
M1179 0 2 0.56999999 0.43000001
M1180 0 2 0.66666669 0.33333331
M1181 0 2 0.44000000 0.56000000
M1182 0 2 0.85000002 0.14999998
M1183 0 2 0.58666664 0.41333336
M1184 0 2 0.81666666 0.18333334
M1185 0 2 0.66666669 0.33333331
M1186 0 2 0.74333334 0.25666666
M1187 0 2 0.91666669 0.08333331
M1188 0 2 0.21333334 0.78666666
M1189 0 2 0.44666666 0.55333334
M1190 0 2 0.56666666 0.43333334
M1191 0 2 0.91000003 0.08999997
M1192 0 2 0.86000001 0.13999999
M1193 0 2 0.68333334 0.31666666
M1194 0 2 0.32666665 0.67333335
M1195 0 2 0.45666668 0.54333332
M1196 0 2 0.52666664 0.47333336
M1197 0 2 0.26666668 0.73333332
M1198 0 2 0.06666667 0.93333333
M1199 0 2 0.87666667 0.12333333
M1200 0 2 0.94333333 0.05666667
M1201 0 2 0.72333336 0.27666664
M1202 0 2 0.73000002 0.26999998
M1203 0 2 0.38666666 0.61333334
M1204 0 2 0.29333332 0.70666668
M1205 0 2 0.38666666 0.61333334
M1206 0 2 0.37666667 0.62333333
M1207 0 2 0.55333334 0.44666666
M1208 0 2 0.46333334 0.53666666
M1209 0 2 0.40666667 0.59333333
M1210 0 2 0.72666669 0.27333331
M1211 0 2 0.74666667 0.25333333
M1212 0 2 0.23999999 0.76000001
M1213 0 2 0.34333333 0.65666667
M1214 0 2 0.44666666 0.55333334
M1215 0 2 0.62666667 0.37333333
M1216 0 2 0.93666667 0.06333333
M1217 0 2 0.41000000 0.59000000
M1218 0 2 0.35666665 0.64333335
M1219 0 2 0.47666666 0.52333334
M1220 0 2 0.34666666 0.65333334
M1221 0 2 0.77333331 0.22666669
M1222 0 2 0.80666667 0.19333333
M1223 0 2 0.42333335 0.57666665
M1224 0 2 0.79000002 0.20999998
M1225 0 2 0.36666667 0.63333333
M1226 0 2 0.92333335 0.07666665
M1227 0 2 0.78333336 0.21666664
M1228 0 2 0.83666664 0.16333336
M1229 0 2 0.82999998 0.17000002
M1230 0 2 0.08666667 0.91333333
M1231 0 2 0.65333331 0.34666669
M1232 0 2 0.64999998 0.35000002
M1233 0 2 0.39333335 0.60666665
M1234 0 2 0.56333333 0.43666667
M1235 0 2 0.93333334 0.06666666
M1236 0 2 0.31999999 0.68000001
M1237 0 2 0.15666667 0.84333333
M1238 0 2 0.69333333 0.30666667
M1239 0 2 0.78333336 0.21666664
M1240 0 2 0.14666666 0.85333334
M1241 0 2 0.66333336 0.33666664
M1242 0 2 0.75999999 0.24000001
M1243 0 2 0.80666667 0.19333333
M1244 0 2 0.30666667 0.69333333
M1245 0 2 0.38000000 0.62000000
M1246 0 2 0.23666666 0.76333334
M1247 0 2 0.91000003 0.08999997
M1248 0 2 0.52666664 0.47333336
M1249 0 2 0.27333334 0.72666666
M1250 0 2 0.50999999 0.49000001
M1251 0 2 0.63333333 0.36666667
M1252 0 2 0.07666667 0.92333333
M1253 0 2 0.66333336 0.33666664
M1254 0 2 0.71333331 0.28666669
M1255 0 2 0.57666665 0.42333335
M1256 0 2 0.30333334 0.69666666
M1257 0 2 0.29333332 0.70666668
M1258 0 2 0.80000001 0.19999999
M1259 0 2 0.10333333 0.89666667
M1260 0 2 0.05666667 0.94333333
M1261 0 2 0.85000002 0.14999998
M1262 0 2 0.06666667 0.93333333
M1263 0 2 0.79666668 0.20333332
M1264 0 2 0.68000001 0.31999999
M1265 0 2 0.51999998 0.48000002
M1266 0 2 0.22666667 0.77333333
M1267 0 2 0.25000000 0.75000000
M1268 0 2 0.43000001 0.56999999
M1269 0 2 0.22666667 0.77333333
M1270 0 2 0.18666667 0.81333333
M1271 0 2 0.49666667 0.50333333
M1272 0 2 0.26666668 0.73333332
M1273 0 2 0.60000002 0.39999998
M1274 0 2 0.45666668 0.54333332
M1275 0 2 0.88333333 0.11666667
M1276 0 2 0.45333335 0.54666665
M1277 0 2 0.56000000 0.44000000
M1278 0 2 0.28000000 0.72000000
M1279 0 2 0.94000000 0.06000000
M1280 0 2 0.67666668 0.32333332
M1281 0 2 0.26666668 0.73333332
M1282 0 2 0.50666666 0.49333334
M1283 0 2 0.64333332 0.35666668
M1284 0 2 0.50000000 0.50000000
M1285 0 2 0.85000002 0.14999998
M1286 0 2 0.50333333 0.49666667
M1287 0 2 0.28666666 0.71333334
M1288 0 2 0.08333334 0.91666666
M1289 0 2 0.56000000 0.44000000
M1290 0 2 0.80000001 0.19999999
M1291 0 2 0.59333330 0.40666670
M1292 0 2 0.66333336 0.33666664
M1293 0 2 0.52333331 0.47666669
M1294 0 2 0.87333333 0.12666667
M1295 0 2 0.43000001 0.56999999
M1296 0 2 0.55666667 0.44333333
M1297 0 2 0.31999999 0.68000001
M1298 0 2 0.68000001 0.31999999
M1299 0 2 0.43000001 0.56999999
M1300 0 2 0.74000001 0.25999999
M1301 0 2 0.50666666 0.49333334
M1302 0 2 0.23000000 0.77000000
M1303 0 2 0.72333336 0.27666664
M1304 0 2 0.92666668 0.07333332
M1305 0 2 0.27666667 0.72333333
M1306 0 2 0.51666665 0.48333335
M1307 0 2 0.26666668 0.73333332
M1308 0 2 0.34999999 0.65000001
M1309 0 2 0.65666670 0.34333330
M1310 0 2 0.32666665 0.67333335
M1311 0 2 0.25666666 0.74333334
M1312 0 2 0.87333333 0.12666667
M1313 0 2 0.65666670 0.34333330
M1314 0 2 0.28000000 0.72000000
M1315 0 2 0.50333333 0.49666667
M1316 0 2 0.54000002 0.45999998
M1317 0 2 0.59333330 0.40666670
M1318 0 2 0.44999999 0.55000001
M1319 0 2 0.94666666 0.05333334
M1320 0 2 0.81666666 0.18333334
M1321 0 2 0.28999999 0.71000001
M1322 0 2 0.10000000 0.90000000
M1323 0 2 0.27000001 0.72999999
M1324 0 2 0.49666667 0.50333333
M1325 0 2 0.50666666 0.49333334
M1326 0 2 0.62333333 0.37666667
M1327 0 2 0.59333330 0.40666670
M1328 0 2 0.25333333 0.74666667
M1329 0 2 0.77999997 0.22000003
M1330 0 2 0.73000002 0.26999998
M1331 0 2 0.69333333 0.30666667
M1332 0 2 0.81333333 0.18666667
M1333 0 2 0.83333331 0.16666669
M1334 0 2 0.05666667 0.94333333
M1335 0 2 0.76999998 0.23000002
M1336 0 2 0.11666667 0.88333333
M1337 0 2 0.12333333 0.87666667
M1338 0 2 0.49000001 0.50999999
M1339 0 2 0.70333332 0.29666668
M1340 0 2 0.26666668 0.73333332
M1341 0 2 0.56999999 0.43000001
M1342 0 2 0.91666669 0.08333331
M1343 0 2 0.84666669 0.15333331
M1344 0 2 0.49000001 0.50999999
M1345 0 2 0.50999999 0.49000001
M1346 0 2 0.39333335 0.60666665
M1347 0 2 0.61333334 0.38666666
M1348 0 2 0.56999999 0.43000001
M1349 0 2 0.52333331 0.47666669
M1350 0 2 0.66666669 0.33333331
M1351 0 2 0.44333333 0.55666667
M1352 0 2 0.08666667 0.91333333
M1353 0 2 0.69000000 0.31000000
M1354 0 2 0.40000001 0.59999999
M1355 0 2 0.06666667 0.93333333
M1356 0 2 0.85333335 0.14666665
M1357 0 2 0.81999999 0.18000001
M1358 0 2 0.38000000 0.62000000
M1359 0 2 0.44000000 0.56000000
M1360 0 2 0.23666666 0.76333334
M1361 0 3 0.69000000 0.31000000
M1362 0 3 0.66333336 0.33666664
M1363 0 3 0.84333330 0.15666670
M1364 0 3 0.09666666 0.90333334
M1365 0 3 0.19000000 0.81000000
M1366 0 3 0.81333333 0.18666667
M1367 0 3 0.94333333 0.05666667
M1368 0 3 0.76333332 0.23666668
M1369 0 3 0.23999999 0.76000001
M1370 0 3 0.09000000 0.91000000
M1371 0 3 0.18000001 0.81999999
M1372 0 3 0.31333333 0.68666667
M1373 0 3 0.80333334 0.19666666
M1374 0 3 0.47999999 0.52000001
M1375 0 3 0.18333334 0.81666666
M1376 0 3 0.70999998 0.29000002
M1377 0 3 0.60666668 0.39333332
M1378 0 3 0.50666666 0.49333334
M1379 0 3 0.82333332 0.17666668
M1380 0 3 0.29333332 0.70666668
M1381 0 3 0.46666667 0.53333333
M1382 0 3 0.77666664 0.22333336
M1383 0 3 0.67000002 0.32999998
M1384 0 3 0.81000000 0.19000000
M1385 0 3 0.14000000 0.86000000
M1386 0 3 0.19000000 0.81000000
M1387 0 3 0.87000000 0.13000000
M1388 0 3 0.57666665 0.42333335
M1389 0 3 0.57666665 0.42333335
M1390 0 3 0.68333334 0.31666666
M1391 0 3 0.67000002 0.32999998
M1392 0 3 0.05666667 0.94333333
M1393 0 3 0.65666670 0.34333330
M1394 0 3 0.90666670 0.09333330
M1395 0 3 0.70333332 0.29666668
M1396 0 3 0.72333336 0.27666664
M1397 0 3 0.58666664 0.41333336
M1398 0 3 0.31000000 0.69000000
M1399 0 3 0.84666669 0.15333331
M1400 0 3 0.13666667 0.86333333
M1401 0 3 0.40000001 0.59999999
M1402 0 3 0.11000000 0.89000000
M1403 0 3 0.76999998 0.23000002
M1404 0 3 0.73666668 0.26333332
M1405 0 3 0.88333333 0.11666667
M1406 0 3 0.36000001 0.63999999
M1407 0 3 0.89666665 0.10333335
M1408 0 3 0.74666667 0.25333333
M1409 0 3 0.20999999 0.79000001
M1410 0 3 0.15333334 0.84666666
M1411 0 3 0.09000000 0.91000000
M1412 0 3 0.54000002 0.45999998
M1413 0 3 0.20333333 0.79666667
M1414 0 3 0.37666667 0.62333333
M1415 0 3 0.67666668 0.32333332
M1416 0 3 0.63999999 0.36000001
M1417 0 3 0.91666669 0.08333331
M1418 0 3 0.15666667 0.84333333
M1419 0 3 0.87666667 0.12333333
M1420 0 3 0.15000001 0.84999999
M1421 0 3 0.65333331 0.34666669
M1422 0 3 0.48333332 0.51666668
M1423 0 3 0.40333334 0.59666666
M1424 0 3 0.21333334 0.78666666
M1425 0 3 0.25000000 0.75000000
M1426 0 3 0.65333331 0.34666669
M1427 0 3 0.12333333 0.87666667
M1428 0 3 0.63666666 0.36333334
M1429 0 3 0.28000000 0.72000000
M1430 0 3 0.07666667 0.92333333
M1431 0 3 0.77666664 0.22333336
M1432 0 3 0.14333333 0.85666667
M1433 0 3 0.20333333 0.79666667
M1434 0 3 0.56666666 0.43333334
M1435 0 3 0.54666668 0.45333332
M1436 0 3 0.82999998 0.17000002
M1437 0 3 0.44000000 0.56000000
M1438 0 3 0.66333336 0.33666664
M1439 0 3 0.27666667 0.72333333
M1440 0 3 0.10000000 0.90000000
M1441 0 3 0.42333335 0.57666665
M1442 0 3 0.26666668 0.73333332
M1443 0 3 0.31000000 0.69000000
M1444 0 3 0.89333332 0.10666668
M1445 0 3 0.70333332 0.29666668
M1446 0 3 0.69333333 0.30666667
M1447 0 3 0.71666664 0.28333336
M1448 0 3 0.73333335 0.26666665
M1449 0 3 0.23333333 0.76666667
M1450 0 3 0.41000000 0.59000000
M1451 0 3 0.86333334 0.13666666
M1452 0 3 0.31666666 0.68333334
M1453 0 3 0.73666668 0.26333332
M1454 0 3 0.22000000 0.78000000
M1455 0 3 0.69999999 0.30000001
M1456 0 3 0.20000000 0.80000000
M1457 0 3 0.19666667 0.80333333
M1458 0 3 0.55333334 0.44666666
M1459 0 3 0.68666667 0.31333333
M1460 0 3 0.53666669 0.46333331
M1461 0 3 0.55000001 0.44999999
M1462 0 3 0.94000000 0.06000000
M1463 0 3 0.38666666 0.61333334
M1464 0 3 0.40666667 0.59333333
M1465 0 3 0.63666666 0.36333334
M1466 0 3 0.41333333 0.58666667
M1467 0 3 0.91333336 0.08666664
M1468 0 3 0.47666666 0.52333334
M1469 0 3 0.88999999 0.11000001
M1470 0 3 0.46000001 0.53999999
M1471 0 3 0.57333332 0.42666668
M1472 0 3 0.76999998 0.23000002
M1473 0 3 0.48333332 0.51666668
M1474 0 3 0.55000001 0.44999999
M1475 0 3 0.68333334 0.31666666
M1476 0 3 0.90666670 0.09333330
M1477 0 3 0.75999999 0.24000001
M1478 0 3 0.69999999 0.30000001
M1479 0 3 0.60333335 0.39666665
M1480 0 3 0.88000000 0.12000000
M1481 0 3 0.20000000 0.80000000
M1482 0 3 0.83999997 0.16000003
M1483 0 3 0.34999999 0.65000001
M1484 0 3 0.73666668 0.26333332
M1485 0 3 0.47666666 0.52333334
M1486 0 3 0.13666667 0.86333333
M1487 0 3 0.76333332 0.23666668
M1488 0 3 0.62333333 0.37666667
M1489 0 3 0.20333333 0.79666667
M1490 0 3 0.83666664 0.16333336
M1491 0 3 0.66000003 0.33999997
M1492 0 3 0.55666667 0.44333333
M1493 0 3 0.10333333 0.89666667
M1494 0 3 0.27666667 0.72333333
M1495 0 3 0.67333335 0.32666665
M1496 0 3 0.25333333 0.74666667
M1497 0 3 0.15000001 0.84999999
M1498 0 3 0.79666668 0.20333332
M1499 0 3 0.57666665 0.42333335
M1500 0 3 0.50999999 0.49000001
M1501 0 3 0.40333334 0.59666666
M1502 0 3 0.47666666 0.52333334
M1503 0 3 0.51666665 0.48333335
M1504 0 3 0.28333333 0.71666667
M1505 0 3 0.18666667 0.81333333
M1506 0 3 0.07333333 0.92666667
M1507 0 3 0.67333335 0.32666665
M1508 0 3 0.74333334 0.25666666
M1509 0 3 0.78333336 0.21666664
M1510 0 3 0.38999999 0.61000001
M1511 0 3 0.57666665 0.42333335
M1512 0 3 0.78333336 0.21666664
M1513 0 3 0.89666665 0.10333335
M1514 0 3 0.29333332 0.70666668
M1515 0 3 0.20000000 0.80000000
M1516 0 3 0.56000000 0.44000000
M1517 0 3 0.70999998 0.29000002
M1518 0 3 0.95333332 0.04666668
M1519 0 3 0.07000000 0.93000000
M1520 0 3 0.70999998 0.29000002
M1521 0 3 0.87333333 0.12666667
M1522 0 3 0.86666667 0.13333333
M1523 0 3 0.12333333 0.87666667
M1524 0 3 0.14666666 0.85333334
M1525 0 3 0.50333333 0.49666667
M1526 0 3 0.62333333 0.37666667
M1527 0 3 0.88666666 0.11333334
M1528 0 3 0.05333333 0.94666667
M1529 0 3 0.92000002 0.07999998
M1530 0 3 0.80333334 0.19666666
M1531 0 3 0.21666667 0.78333333
M1532 0 3 0.40666667 0.59333333
M1533 0 3 0.48333332 0.51666668
M1534 0 3 0.07333333 0.92666667
M1535 0 3 0.22000000 0.78000000
M1536 0 3 0.64333332 0.35666668
M1537 0 3 0.52999997 0.47000003
M1538 0 3 0.56000000 0.44000000
M1539 0 3 0.26666668 0.73333332
M1540 0 3 0.07666667 0.92333333
M1541 0 3 0.22000000 0.78000000
M1542 0 3 0.22333333 0.77666667
M1543 0 3 0.16666667 0.83333333
M1544 0 3 0.10000000 0.90000000
M1545 0 3 0.46666667 0.53333333
M1546 0 3 0.29666665 0.70333335
M1547 0 3 0.54000002 0.45999998
M1548 0 3 0.29666665 0.70333335
M1549 0 3 0.63999999 0.36000001
M1550 0 3 0.28666666 0.71333334
M1551 0 3 0.10000000 0.90000000
M1552 0 3 0.30666667 0.69333333
M1553 0 3 0.22333333 0.77666667
M1554 0 3 0.49333334 0.50666666
M1555 0 3 0.64333332 0.35666668
M1556 0 3 0.58333331 0.41666669
M1557 0 3 0.07000000 0.93000000
M1558 0 3 0.94333333 0.05666667
M1559 0 3 0.52666664 0.47333336
M1560 0 3 0.27333334 0.72666666
M1561 0 3 0.75999999 0.24000001
M1562 0 3 0.47666666 0.52333334
M1563 0 3 0.08000000 0.92000000
M1564 0 3 0.70333332 0.29666668
M1565 0 3 0.86666667 0.13333333
M1566 0 3 0.12666667 0.87333333
M1567 0 3 0.33000001 0.66999999
M1568 0 3 0.83333331 0.16666669
M1569 0 3 0.78666669 0.21333331
M1570 0 3 0.76666665 0.23333335
M1571 0 3 0.50000000 0.50000000
M1572 0 3 0.86000001 0.13999999
M1573 0 3 0.42333335 0.57666665
M1574 0 3 0.15333334 0.84666666
M1575 0 3 0.20000000 0.80000000
M1576 0 3 0.19666667 0.80333333
M1577 0 3 0.69666666 0.30333334
M1578 0 3 0.30666667 0.69333333
M1579 0 3 0.12333333 0.87666667
M1580 0 3 0.91333336 0.08666664
M1581 0 3 0.82666665 0.17333335
M1582 0 3 0.70333332 0.29666668
M1583 0 3 0.54000002 0.45999998
M1584 0 3 0.85333335 0.14666665
M1585 0 3 0.50999999 0.49000001
M1586 0 3 0.85333335 0.14666665
M1587 0 3 0.46666667 0.53333333
M1588 0 3 0.79666668 0.20333332
M1589 0 3 0.62666667 0.37333333
M1590 0 3 0.55666667 0.44333333
M1591 0 3 0.55000001 0.44999999
