ID Generation Chr Freq.Allele1 Freq.Allele2
   M1 1 1 0.308 0.69200000
   M2 1 1 0.809 0.19099998
   M3 1 1 0.722 0.27800000
   M4 1 1 0.107 0.89300000
   M5 1 1 0.091 0.90900000
   M6 1 1 0.242 0.75800000
   M7 1 1 0.906 0.09399998
   M8 1 1 0.878 0.12199998
   M9 1 1 0.222 0.77800000
  M10 1 1 0.172 0.82799999
  M11 1 1 0.906 0.09399998
  M12 1 1 0.684 0.31599998
  M13 1 1 0.464 0.53600001
  M14 1 1 0.118 0.88200000
  M15 1 1 0.600 0.39999998
  M16 1 1 0.562 0.43800002
  M17 1 1 0.875 0.12500000
  M18 1 1 0.707 0.29299998
  M19 1 1 0.750 0.25000000
  M20 1 1 0.243 0.75700000
  M21 1 1 0.153 0.84700000
  M22 1 1 0.300 0.69999999
  M23 1 1 0.301 0.69900000
  M24 1 1 0.537 0.46300000
  M25 1 1 0.123 0.87700000
  M26 1 1 0.169 0.83100000
  M27 1 1 0.218 0.78200001
  M28 1 1 0.667 0.33300000
  M29 1 1 0.513 0.48699999
  M30 1 1 0.363 0.63699999
  M31 1 1 0.453 0.54699999
  M32 1 1 0.334 0.66600001
  M33 1 1 0.552 0.44800001
  M34 1 1 0.785 0.21499997
  M35 1 1 0.484 0.51600000
  M36 1 1 0.194 0.80599999
  M37 1 1 0.298 0.70199999
  M38 1 1 0.605 0.39499998
  M39 1 1 0.643 0.35699999
  M40 1 1 0.843 0.15700001
  M41 1 1 0.681 0.31900001
  M42 1 1 0.334 0.66600001
  M43 1 1 0.349 0.65099999
  M44 1 1 0.800 0.19999999
  M45 1 1 0.224 0.77599999
  M46 1 1 0.893 0.10699999
  M47 1 1 0.710 0.29000002
  M48 1 1 0.338 0.66200000
  M49 1 1 0.400 0.59999999
  M50 1 1 0.418 0.58199999
  M51 1 1 0.415 0.58500001
  M52 1 1 0.431 0.56900001
  M53 1 1 0.109 0.89100000
  M54 1 1 0.371 0.62900001
  M55 1 1 0.926 0.07400000
  M56 1 1 0.907 0.09299999
  M57 1 1 0.393 0.60699999
  M58 1 1 0.765 0.23500001
  M59 1 1 0.247 0.75300001
  M60 1 1 0.055 0.94500000
  M61 1 1 0.623 0.37699997
  M62 1 1 0.307 0.69299999
  M63 1 1 0.338 0.66200000
  M64 1 1 0.407 0.59299999
  M65 1 1 0.686 0.31400001
  M66 1 1 0.514 0.48600000
  M67 1 1 0.627 0.37300003
  M68 1 1 0.133 0.86700000
  M69 1 1 0.564 0.43599999
  M70 1 1 0.401 0.59900001
  M71 1 1 0.395 0.60499999
  M72 1 1 0.562 0.43800002
  M73 1 1 0.729 0.27100003
  M74 1 1 0.276 0.72400001
  M75 1 1 0.853 0.14700001
  M76 1 1 0.139 0.86100000
  M77 1 1 0.827 0.17299998
  M78 1 1 0.913 0.08700001
  M79 1 1 0.371 0.62900001
  M80 1 1 0.253 0.74700001
  M81 1 1 0.173 0.82700001
  M82 1 1 0.357 0.64300001
  M83 1 1 0.494 0.50600001
  M84 1 1 0.672 0.32800001
  M85 1 1 0.487 0.51300001
  M86 1 1 0.372 0.62799999
  M87 1 1 0.432 0.56799999
  M88 1 1 0.548 0.45200002
  M89 1 1 0.258 0.74200001
  M90 1 1 0.896 0.10399997
  M91 1 1 0.090 0.91000000
  M92 1 1 0.186 0.81400000
  M93 1 1 0.327 0.67300001
  M94 1 1 0.421 0.57900000
  M95 1 1 0.658 0.34200001
  M96 1 1 0.923 0.07700002
  M97 1 1 0.260 0.74000001
  M98 1 1 0.588 0.41200000
  M99 1 1 0.287 0.71300000
 M100 1 1 0.565 0.43500000
 M101 1 1 0.086 0.91400000
 M102 1 1 0.438 0.56200001
 M103 1 1 0.315 0.68500000
 M104 1 1 0.635 0.36500001
 M105 1 1 0.540 0.45999998
 M106 1 1 0.248 0.75200000
 M107 1 1 0.786 0.21399999
 M108 1 1 0.241 0.75900000
 M109 1 1 0.180 0.81999999
 M110 1 1 0.483 0.51699999
 M111 1 1 0.197 0.80300000
 M112 1 1 0.344 0.65599999
 M113 1 1 0.590 0.41000003
 M114 1 1 0.420 0.58000001
 M115 1 1 0.345 0.65500000
 M116 1 1 0.464 0.53600001
 M117 1 1 0.290 0.71000001
 M118 1 1 0.538 0.46200001
 M119 1 1 0.823 0.17699999
 M120 1 1 0.311 0.68900001
 M121 1 1 0.691 0.30900002
 M122 1 1 0.599 0.40100002
 M123 1 1 0.515 0.48500001
 M124 1 1 0.916 0.08399999
 M125 1 1 0.677 0.32300001
 M126 1 1 0.493 0.50700000
 M127 1 1 0.945 0.05500001
 M128 1 1 0.080 0.92000000
 M129 1 1 0.203 0.79700001
 M130 1 1 0.676 0.32400000
 M131 1 1 0.060 0.94000000
 M132 1 1 0.526 0.47399998
 M133 1 1 0.905 0.09500003
 M134 1 1 0.656 0.34399998
 M135 1 1 0.411 0.58899999
 M136 1 1 0.490 0.50999999
 M137 1 1 0.319 0.68099999
 M138 1 1 0.605 0.39499998
 M139 1 1 0.567 0.43300003
 M140 1 1 0.315 0.68500000
 M141 1 1 0.852 0.14800000
 M142 1 1 0.385 0.61500001
 M143 1 1 0.508 0.49199998
 M144 1 1 0.632 0.36799997
 M145 1 1 0.895 0.10500002
 M146 1 1 0.573 0.42699999
 M147 1 1 0.504 0.49599999
 M148 1 1 0.680 0.31999999
 M149 1 1 0.779 0.22100002
 M150 1 1 0.571 0.42900002
 M151 1 1 0.702 0.29799998
 M152 1 1 0.082 0.91800000
 M153 1 1 0.155 0.84500000
 M154 1 1 0.129 0.87100001
 M155 1 1 0.174 0.82600001
 M156 1 1 0.767 0.23299998
 M157 1 1 0.899 0.10100001
 M158 1 1 0.762 0.23799998
 M159 1 1 0.488 0.51199999
 M160 1 1 0.188 0.81200001
 M161 1 1 0.216 0.78399999
 M162 1 1 0.709 0.29100001
 M163 1 1 0.916 0.08399999
 M164 1 1 0.118 0.88200000
 M165 1 1 0.833 0.16700000
 M166 1 1 0.120 0.88000000
 M167 1 1 0.463 0.53700000
 M168 1 1 0.691 0.30900002
 M169 1 1 0.195 0.80500001
 M170 1 1 0.460 0.53999999
 M171 1 1 0.363 0.63699999
 M172 1 1 0.309 0.69100001
 M173 1 1 0.099 0.90100000
 M174 1 1 0.941 0.05900002
 M175 1 1 0.193 0.80700000
 M176 1 1 0.359 0.64100000
 M177 1 1 0.713 0.28700000
 M178 1 1 0.055 0.94500000
 M179 1 1 0.833 0.16700000
 M180 1 1 0.711 0.28899997
 M181 1 1 0.575 0.42500001
 M182 1 1 0.249 0.75100000
 M183 1 1 0.626 0.37400001
 M184 1 1 0.207 0.79300000
 M185 1 1 0.374 0.62599999
 M186 1 1 0.368 0.63200000
 M187 1 1 0.120 0.88000000
 M188 1 1 0.525 0.47500002
 M189 1 1 0.567 0.43300003
 M190 1 1 0.815 0.18500000
 M191 1 1 0.721 0.27899998
 M192 1 1 0.879 0.12099999
 M193 1 1 0.640 0.36000001
 M194 1 1 0.241 0.75900000
 M195 1 1 0.291 0.70899999
 M196 1 1 0.459 0.54100001
 M197 1 1 0.062 0.93800000
 M198 1 1 0.480 0.52000001
 M199 1 1 0.303 0.69700000
 M200 1 1 0.215 0.78500000
 M201 1 1 0.625 0.37500000
 M202 1 1 0.757 0.24299997
 M203 1 1 0.260 0.74000001
 M204 1 1 0.656 0.34399998
 M205 1 1 0.636 0.36400002
 M206 1 1 0.251 0.74900001
 M207 1 1 0.461 0.53900000
 M208 1 1 0.694 0.30599999
 M209 1 1 0.545 0.45499998
 M210 1 1 0.251 0.74900001
 M211 1 1 0.455 0.54499999
 M212 1 1 0.490 0.50999999
 M213 1 1 0.536 0.46399999
 M214 1 1 0.581 0.41900003
 M215 1 1 0.083 0.91700000
 M216 1 1 0.582 0.41799998
 M217 1 1 0.342 0.65799999
 M218 1 1 0.362 0.63800001
 M219 1 1 0.771 0.22899997
 M220 1 1 0.098 0.90200000
 M221 1 1 0.721 0.27899998
 M222 1 1 0.074 0.92600000
 M223 1 1 0.785 0.21499997
 M224 1 1 0.445 0.55500001
 M225 1 1 0.223 0.77700000
 M226 1 1 0.417 0.58300000
 M227 1 1 0.334 0.66600001
 M228 1 1 0.420 0.58000001
 M229 1 1 0.511 0.48900002
 M230 1 1 0.364 0.63600001
 M231 1 1 0.110 0.89000000
 M232 1 1 0.313 0.68700001
 M233 1 1 0.209 0.79099999
 M234 1 1 0.367 0.63299999
 M235 1 1 0.380 0.62000000
 M236 1 1 0.105 0.89500000
 M237 1 1 0.814 0.18599999
 M238 1 1 0.353 0.64700001
 M239 1 1 0.502 0.49800003
 M240 1 1 0.842 0.15799999
 M241 1 1 0.739 0.26099998
 M242 1 1 0.618 0.38200003
 M243 1 1 0.362 0.63800001
 M244 1 1 0.297 0.70300001
 M245 1 1 0.881 0.11900002
 M246 1 1 0.062 0.93800000
 M247 1 1 0.892 0.10799998
 M248 1 1 0.795 0.20499998
 M249 1 1 0.830 0.17000002
 M250 1 1 0.515 0.48500001
 M251 1 1 0.500 0.50000000
 M252 1 1 0.903 0.09700000
 M253 1 1 0.862 0.13800001
 M254 1 1 0.190 0.81000000
 M255 1 1 0.825 0.17500001
 M256 1 1 0.853 0.14700001
 M257 1 1 0.212 0.78800000
 M258 1 1 0.370 0.63000000
 M259 1 1 0.837 0.16299999
 M260 1 1 0.808 0.19199997
 M261 1 1 0.220 0.78000000
 M262 1 1 0.724 0.27600002
 M263 1 1 0.469 0.53099999
 M264 1 1 0.196 0.80400001
 M265 1 1 0.220 0.78000000
 M266 1 1 0.721 0.27899998
 M267 1 1 0.861 0.13900000
 M268 1 1 0.785 0.21499997
 M269 1 1 0.711 0.28899997
 M270 1 1 0.272 0.72799999
 M271 1 1 0.469 0.53099999
 M272 1 1 0.089 0.91100000
 M273 1 1 0.733 0.26700002
 M274 1 1 0.305 0.69499999
 M275 1 1 0.660 0.33999997
 M276 1 1 0.420 0.58000001
 M277 1 1 0.596 0.40399998
 M278 1 1 0.356 0.64399999
 M279 1 1 0.193 0.80700000
 M280 1 1 0.871 0.12900001
 M281 1 1 0.320 0.68000001
 M282 1 1 0.316 0.68399999
 M283 1 1 0.445 0.55500001
 M284 1 1 0.699 0.30100000
 M285 1 1 0.256 0.74399999
 M286 1 1 0.826 0.17400002
 M287 1 1 0.399 0.60100001
 M288 1 1 0.483 0.51699999
 M289 1 1 0.503 0.49699998
 M290 1 1 0.505 0.49500000
 M291 1 1 0.760 0.24000001
 M292 1 1 0.686 0.31400001
 M293 1 1 0.588 0.41200000
 M294 1 1 0.786 0.21399999
 M295 1 1 0.151 0.84900001
 M296 1 1 0.270 0.72999999
 M297 1 1 0.308 0.69200000
 M298 1 1 0.444 0.55599999
 M299 1 1 0.251 0.74900001
 M300 1 1 0.365 0.63499999
 M301 1 1 0.348 0.65200001
 M302 1 1 0.371 0.62900001
 M303 1 1 0.116 0.88400000
 M304 1 1 0.857 0.14300001
 M305 1 1 0.408 0.59200001
 M306 1 1 0.648 0.35200000
 M307 1 1 0.690 0.31000000
 M308 1 1 0.333 0.66700000
 M309 1 1 0.719 0.28100002
 M310 1 1 0.743 0.25700003
 M311 1 1 0.527 0.47299999
 M312 1 1 0.612 0.38800001
 M313 1 1 0.660 0.33999997
 M314 1 1 0.295 0.70500001
 M315 1 1 0.503 0.49699998
 M316 1 1 0.466 0.53400001
 M317 1 1 0.595 0.40499997
 M318 1 1 0.604 0.39600003
 M319 1 1 0.702 0.29799998
 M320 1 1 0.641 0.35900003
 M321 1 1 0.776 0.22399998
 M322 1 1 0.500 0.50000000
 M323 1 1 0.443 0.55700001
 M324 1 1 0.360 0.63999999
 M325 1 1 0.585 0.41500002
 M326 1 1 0.218 0.78200001
 M327 1 1 0.190 0.81000000
 M328 1 1 0.679 0.32099998
 M329 1 1 0.128 0.87199999
 M330 1 1 0.776 0.22399998
 M331 1 1 0.282 0.71799999
 M332 1 1 0.168 0.83200000
 M333 1 1 0.712 0.28799999
 M334 1 1 0.818 0.18199998
 M335 1 1 0.646 0.35399997
 M336 1 1 0.679 0.32099998
 M337 1 1 0.305 0.69499999
 M338 1 1 0.235 0.76500000
 M339 1 1 0.477 0.52300000
 M340 1 1 0.413 0.58700001
 M341 1 1 0.743 0.25700003
 M342 1 1 0.832 0.16799998
 M343 1 1 0.499 0.50099999
 M344 1 1 0.593 0.40700001
 M345 1 1 0.870 0.13000000
 M346 1 1 0.442 0.55800000
 M347 1 1 0.409 0.59099999
 M348 1 1 0.396 0.60400000
 M349 1 1 0.212 0.78800000
 M350 1 1 0.530 0.47000003
 M351 1 1 0.463 0.53700000
 M352 1 1 0.527 0.47299999
 M353 1 1 0.919 0.08099997
 M354 1 1 0.530 0.47000003
 M355 1 1 0.452 0.54800001
 M356 1 1 0.788 0.21200001
 M357 1 1 0.266 0.73400000
 M358 1 1 0.438 0.56200001
 M359 1 1 0.851 0.14899999
 M360 1 1 0.355 0.64500001
 M361 1 1 0.260 0.74000001
 M362 1 1 0.886 0.11400002
 M363 1 1 0.265 0.73500001
 M364 1 1 0.788 0.21200001
 M365 1 1 0.754 0.24599999
 M366 1 1 0.359 0.64100000
 M367 1 1 0.464 0.53600001
 M368 1 1 0.663 0.33700001
 M369 1 1 0.300 0.69999999
 M370 1 1 0.223 0.77700000
 M371 1 1 0.225 0.77500001
 M372 1 1 0.175 0.82500000
 M373 1 1 0.528 0.47200000
 M374 1 1 0.305 0.69499999
 M375 1 1 0.531 0.46899998
 M376 1 1 0.289 0.71100000
 M377 1 1 0.835 0.16500002
 M378 1 1 0.197 0.80300000
 M379 1 1 0.411 0.58899999
 M380 1 1 0.416 0.58399999
 M381 1 1 0.229 0.77100000
 M382 1 1 0.157 0.84299999
 M383 1 1 0.333 0.66700000
 M384 1 1 0.496 0.50400001
 M385 1 1 0.625 0.37500000
 M386 1 1 0.855 0.14499998
 M387 1 1 0.380 0.62000000
 M388 1 1 0.609 0.39099997
 M389 1 1 0.711 0.28899997
 M390 1 1 0.767 0.23299998
 M391 1 1 0.414 0.58600000
 M392 1 1 0.454 0.54600000
 M393 1 1 0.680 0.31999999
 M394 1 1 0.706 0.29400003
 M395 1 1 0.309 0.69100001
 M396 1 1 0.249 0.75100000
 M397 1 1 0.150 0.84999999
 M398 1 1 0.152 0.84800000
 M399 1 1 0.587 0.41299999
 M400 1 1 0.566 0.43400002
 M401 1 1 0.250 0.75000000
 M402 1 1 0.390 0.61000001
 M403 1 1 0.232 0.76800001
 M404 1 1 0.054 0.94600000
 M405 1 1 0.356 0.64399999
 M406 1 1 0.894 0.10600001
 M407 1 1 0.189 0.81100000
 M408 1 1 0.370 0.63000000
 M409 1 1 0.454 0.54600000
 M410 1 1 0.332 0.66800001
 M411 1 1 0.094 0.90600000
 M412 1 1 0.089 0.91100000
 M413 1 1 0.937 0.06300002
 M414 1 1 0.783 0.21700001
 M415 1 1 0.590 0.41000003
 M416 1 1 0.696 0.30400002
 M417 1 1 0.713 0.28700000
 M418 1 1 0.398 0.60200000
 M419 1 1 0.323 0.67699999
 M420 1 1 0.282 0.71799999
 M421 1 1 0.238 0.76199999
 M422 1 1 0.778 0.22200000
 M423 1 1 0.892 0.10799998
 M424 1 1 0.576 0.42400002
 M425 1 1 0.879 0.12099999
 M426 1 1 0.505 0.49500000
 M427 1 1 0.373 0.62700000
 M428 1 1 0.440 0.56000000
 M429 1 1 0.900 0.10000002
 M430 1 1 0.439 0.56099999
 M431 1 1 0.780 0.22000003
 M432 1 1 0.140 0.86000000
 M433 1 1 0.204 0.79600000
 M434 1 1 0.320 0.68000001
 M435 1 1 0.123 0.87700000
 M436 1 1 0.630 0.37000000
 M437 1 1 0.339 0.66100001
 M438 1 1 0.144 0.85600001
 M439 1 1 0.830 0.17000002
 M440 1 1 0.480 0.52000001
 M441 1 1 0.688 0.31199998
 M442 1 1 0.781 0.21899998
 M443 1 1 0.327 0.67300001
 M444 1 1 0.178 0.82200000
 M445 1 1 0.531 0.46899998
 M446 1 1 0.151 0.84900001
 M447 1 1 0.174 0.82600001
 M448 1 1 0.907 0.09299999
 M449 1 2 0.406 0.59400001
 M450 1 2 0.622 0.37800002
 M451 1 2 0.384 0.61600000
 M452 1 2 0.424 0.57600001
 M453 1 2 0.092 0.90800000
 M454 1 2 0.157 0.84299999
 M455 1 2 0.741 0.25900000
 M456 1 2 0.170 0.83000000
 M457 1 2 0.811 0.18900001
 M458 1 2 0.393 0.60699999
 M459 1 2 0.161 0.83900000
 M460 1 2 0.479 0.52100000
 M461 1 2 0.438 0.56200001
 M462 1 2 0.366 0.63400000
 M463 1 2 0.219 0.78100000
 M464 1 2 0.673 0.32700002
 M465 1 2 0.236 0.76400000
 M466 1 2 0.775 0.22500002
 M467 1 2 0.177 0.82300000
 M468 1 2 0.265 0.73500001
 M469 1 2 0.704 0.29600000
 M470 1 2 0.301 0.69900000
 M471 1 2 0.493 0.50700000
 M472 1 2 0.231 0.76899999
 M473 1 2 0.930 0.06999999
 M474 1 2 0.271 0.72900000
 M475 1 2 0.392 0.60800001
 M476 1 2 0.375 0.62500000
 M477 1 2 0.616 0.38400000
 M478 1 2 0.412 0.58800000
 M479 1 2 0.877 0.12300003
 M480 1 2 0.229 0.77100000
 M481 1 2 0.859 0.14099997
 M482 1 2 0.268 0.73199999
 M483 1 2 0.213 0.78700000
 M484 1 2 0.503 0.49699998
 M485 1 2 0.921 0.07900000
 M486 1 2 0.139 0.86100000
 M487 1 2 0.739 0.26099998
 M488 1 2 0.866 0.13400000
 M489 1 2 0.713 0.28700000
 M490 1 2 0.867 0.13300002
 M491 1 2 0.751 0.24900001
 M492 1 2 0.893 0.10699999
 M493 1 2 0.897 0.10299999
 M494 1 2 0.614 0.38599998
 M495 1 2 0.082 0.91800000
 M496 1 2 0.254 0.74599999
 M497 1 2 0.256 0.74399999
 M498 1 2 0.443 0.55700001
 M499 1 2 0.685 0.31500000
 M500 1 2 0.327 0.67300001
 M501 1 2 0.394 0.60600001
 M502 1 2 0.143 0.85699999
 M503 1 2 0.229 0.77100000
 M504 1 2 0.252 0.74800000
 M505 1 2 0.050 0.95000000
 M506 1 2 0.479 0.52100000
 M507 1 2 0.494 0.50600001
 M508 1 2 0.844 0.15600002
 M509 1 2 0.878 0.12199998
 M510 1 2 0.192 0.80800000
 M511 1 2 0.115 0.88500000
 M512 1 2 0.652 0.34799999
 M513 1 2 0.262 0.73800001
 M514 1 2 0.512 0.48799998
 M515 1 2 0.612 0.38800001
 M516 1 2 0.356 0.64399999
 M517 1 2 0.384 0.61600000
 M518 1 2 0.506 0.49400002
 M519 1 2 0.071 0.92900000
 M520 1 2 0.872 0.12800002
 M521 1 2 0.954 0.04600000
 M522 1 2 0.557 0.44300002
 M523 1 2 0.479 0.52100000
 M524 1 2 0.280 0.72000000
 M525 1 2 0.396 0.60400000
 M526 1 2 0.766 0.23400003
 M527 1 2 0.233 0.76700000
 M528 1 2 0.311 0.68900001
 M529 1 2 0.527 0.47299999
 M530 1 2 0.492 0.50799999
 M531 1 2 0.235 0.76500000
 M532 1 2 0.570 0.43000001
 M533 1 2 0.365 0.63499999
 M534 1 2 0.350 0.65000001
 M535 1 2 0.158 0.84199999
 M536 1 2 0.208 0.79200000
 M537 1 2 0.654 0.34600002
 M538 1 2 0.669 0.33099997
 M539 1 2 0.906 0.09399998
 M540 1 2 0.729 0.27100003
 M541 1 2 0.287 0.71300000
 M542 1 2 0.507 0.49299997
 M543 1 2 0.542 0.45800000
 M544 1 2 0.277 0.72299999
 M545 1 2 0.635 0.36500001
 M546 1 2 0.340 0.66000000
 M547 1 2 0.426 0.57400000
 M548 1 2 0.552 0.44800001
 M549 1 2 0.817 0.18300003
 M550 1 2 0.725 0.27499998
 M551 1 2 0.242 0.75800000
 M552 1 2 0.384 0.61600000
 M553 1 2 0.360 0.63999999
 M554 1 2 0.904 0.09600002
 M555 1 2 0.675 0.32499999
 M556 1 2 0.890 0.11000001
 M557 1 2 0.508 0.49199998
 M558 1 2 0.507 0.49299997
 M559 1 2 0.470 0.53000000
 M560 1 2 0.522 0.47799999
 M561 1 2 0.050 0.95000000
 M562 1 2 0.300 0.69999999
 M563 1 2 0.656 0.34399998
 M564 1 2 0.157 0.84299999
 M565 1 2 0.891 0.10900003
 M566 1 2 0.641 0.35900003
 M567 1 2 0.451 0.54899999
 M568 1 2 0.309 0.69100001
 M569 1 2 0.078 0.92200000
 M570 1 2 0.131 0.86900000
 M571 1 2 0.084 0.91600000
 M572 1 2 0.941 0.05900002
 M573 1 2 0.916 0.08399999
 M574 1 2 0.510 0.49000001
 M575 1 2 0.324 0.67600000
 M576 1 2 0.538 0.46200001
 M577 1 2 0.454 0.54600000
 M578 1 2 0.848 0.15200001
 M579 1 2 0.322 0.67800000
 M580 1 2 0.468 0.53200001
 M581 1 2 0.111 0.88900000
 M582 1 2 0.245 0.75500000
 M583 1 2 0.064 0.93600000
 M584 1 2 0.882 0.11799997
 M585 1 2 0.276 0.72400001
 M586 1 2 0.380 0.62000000
 M587 1 2 0.114 0.88600000
 M588 1 2 0.724 0.27600002
 M589 1 2 0.646 0.35399997
 M590 1 2 0.462 0.53799999
 M591 1 2 0.596 0.40399998
 M592 1 2 0.158 0.84199999
 M593 1 2 0.601 0.39899999
 M594 1 2 0.079 0.92100000
 M595 1 2 0.668 0.33200002
 M596 1 2 0.603 0.39700001
 M597 1 2 0.715 0.28500003
 M598 1 2 0.864 0.13599998
 M599 1 2 0.407 0.59299999
 M600 1 2 0.444 0.55599999
 M601 1 2 0.606 0.39399999
 M602 1 2 0.180 0.81999999
 M603 1 2 0.640 0.36000001
 M604 1 2 0.800 0.19999999
 M605 1 2 0.397 0.60299999
 M606 1 2 0.853 0.14700001
 M607 1 2 0.867 0.13300002
 M608 1 2 0.628 0.37199998
 M609 1 2 0.417 0.58300000
 M610 1 2 0.629 0.37099999
 M611 1 2 0.741 0.25900000
 M612 1 2 0.169 0.83100000
 M613 1 2 0.401 0.59900001
 M614 1 2 0.663 0.33700001
 M615 1 2 0.292 0.70800000
 M616 1 2 0.221 0.77900000
 M617 1 2 0.343 0.65700001
 M618 1 2 0.455 0.54499999
 M619 1 2 0.658 0.34200001
 M620 1 2 0.565 0.43500000
 M621 1 2 0.716 0.28399998
 M622 1 2 0.361 0.63900000
 M623 1 2 0.269 0.73100001
 M624 1 2 0.513 0.48699999
 M625 1 2 0.322 0.67800000
 M626 1 2 0.807 0.19300002
 M627 1 2 0.911 0.08899999
 M628 1 2 0.364 0.63600001
 M629 1 2 0.669 0.33099997
 M630 1 2 0.149 0.85100000
 M631 1 2 0.290 0.71000001
 M632 1 2 0.755 0.24500000
 M633 1 2 0.918 0.08200002
 M634 1 2 0.254 0.74599999
 M635 1 2 0.783 0.21700001
 M636 1 2 0.244 0.75600000
 M637 1 2 0.634 0.36600000
 M638 1 2 0.184 0.81600000
 M639 1 2 0.555 0.44499999
 M640 1 2 0.298 0.70199999
 M641 1 2 0.040 0.96000000
 M642 1 2 0.206 0.79400000
 M643 1 2 0.681 0.31900001
 M644 1 2 0.603 0.39700001
 M645 1 2 0.080 0.92000000
 M646 1 2 0.742 0.25800002
 M647 1 2 0.312 0.68799999
 M648 1 2 0.376 0.62400001
 M649 1 2 0.283 0.71700001
 M650 1 2 0.950 0.05000001
 M651 1 2 0.574 0.42600000
 M652 1 2 0.633 0.36699998
 M653 1 2 0.616 0.38400000
 M654 1 2 0.552 0.44800001
 M655 1 2 0.876 0.12400001
 M656 1 2 0.540 0.45999998
 M657 1 2 0.637 0.36299998
 M658 1 2 0.515 0.48500001
 M659 1 2 0.873 0.12699997
 M660 1 2 0.619 0.38099998
 M661 1 2 0.603 0.39700001
 M662 1 2 0.215 0.78500000
 M663 1 2 0.769 0.23100001
 M664 1 2 0.148 0.85200000
 M665 1 2 0.606 0.39399999
 M666 1 2 0.105 0.89500000
 M667 1 2 0.225 0.77500001
 M668 1 2 0.283 0.71700001
 M669 1 2 0.254 0.74599999
 M670 1 2 0.292 0.70800000
 M671 1 2 0.487 0.51300001
 M672 1 2 0.750 0.25000000
 M673 1 2 0.256 0.74399999
 M674 1 2 0.736 0.26400000
 M675 1 2 0.639 0.36100000
 M676 1 2 0.325 0.67500001
 M677 1 2 0.799 0.20099998
 M678 1 2 0.775 0.22500002
 M679 1 2 0.284 0.71599999
 M680 1 2 0.405 0.59500000
 M681 1 2 0.653 0.34700000
 M682 1 2 0.111 0.88900000
 M683 1 2 0.423 0.57699999
 M684 1 2 0.219 0.78100000
 M685 1 2 0.763 0.23699999
 M686 1 2 0.407 0.59299999
 M687 1 2 0.518 0.48199999
 M688 1 2 0.521 0.47899997
 M689 1 2 0.421 0.57900000
 M690 1 2 0.952 0.04799998
 M691 1 2 0.529 0.47100002
 M692 1 2 0.429 0.57100001
 M693 1 2 0.376 0.62400001
 M694 1 2 0.629 0.37099999
 M695 1 2 0.350 0.65000001
 M696 1 2 0.300 0.69999999
 M697 1 2 0.357 0.64300001
 M698 1 2 0.429 0.57100001
 M699 1 2 0.623 0.37699997
 M700 1 2 0.881 0.11900002
 M701 1 2 0.633 0.36699998
 M702 1 2 0.204 0.79600000
 M703 1 2 0.605 0.39499998
 M704 1 2 0.508 0.49199998
 M705 1 2 0.448 0.55199999
 M706 1 2 0.828 0.17199999
 M707 1 2 0.896 0.10399997
 M708 1 2 0.676 0.32400000
 M709 1 2 0.448 0.55199999
 M710 1 2 0.198 0.80200000
 M711 1 2 0.220 0.78000000
 M712 1 2 0.321 0.67899999
 M713 1 2 0.423 0.57699999
 M714 1 2 0.744 0.25599998
 M715 1 2 0.415 0.58500001
 M716 1 2 0.438 0.56200001
 M717 1 2 0.532 0.46799999
 M718 1 2 0.472 0.52800000
 M719 1 2 0.389 0.61100000
 M720 1 2 0.272 0.72799999
 M721 1 2 0.657 0.34299999
 M722 1 2 0.684 0.31599998
 M723 1 2 0.089 0.91100000
 M724 1 2 0.688 0.31199998
 M725 1 2 0.265 0.73500001
 M726 1 2 0.393 0.60699999
 M727 1 2 0.739 0.26099998
 M728 1 2 0.184 0.81600000
 M729 1 2 0.745 0.25500000
 M730 1 2 0.326 0.67399999
 M731 1 2 0.314 0.68599999
 M732 1 2 0.416 0.58399999
 M733 1 2 0.804 0.19599998
 M734 1 2 0.459 0.54100001
 M735 1 2 0.468 0.53200001
 M736 1 2 0.600 0.39999998
 M737 1 2 0.899 0.10100001
 M738 1 2 0.523 0.47700000
 M739 1 2 0.180 0.81999999
 M740 1 2 0.287 0.71300000
 M741 1 2 0.530 0.47000003
 M742 1 2 0.473 0.52700001
 M743 1 2 0.367 0.63299999
 M744 1 2 0.852 0.14800000
 M745 1 2 0.670 0.32999998
 M746 1 2 0.619 0.38099998
 M747 1 2 0.339 0.66100001
 M748 1 2 0.798 0.20200002
 M749 1 2 0.083 0.91700000
 M750 1 2 0.260 0.74000001
 M751 1 2 0.370 0.63000000
 M752 1 2 0.099 0.90100000
 M753 1 2 0.430 0.56999999
 M754 1 2 0.477 0.52300000
 M755 1 2 0.493 0.50700000
 M756 1 2 0.541 0.45899999
 M757 1 2 0.161 0.83900000
 M758 1 2 0.379 0.62099999
 M759 1 2 0.520 0.48000002
 M760 1 2 0.725 0.27499998
 M761 1 2 0.125 0.87500000
 M762 1 2 0.617 0.38300002
 M763 1 2 0.543 0.45700002
 M764 1 2 0.503 0.49699998
 M765 1 2 0.513 0.48699999
 M766 1 2 0.464 0.53600001
 M767 1 2 0.348 0.65200001
 M768 1 2 0.516 0.48400003
 M769 1 2 0.352 0.64800000
 M770 1 2 0.838 0.16200000
 M771 1 2 0.739 0.26099998
 M772 1 2 0.288 0.71200001
 M773 1 2 0.202 0.79799999
 M774 1 2 0.911 0.08899999
 M775 1 2 0.071 0.92900000
 M776 1 2 0.297 0.70300001
 M777 1 2 0.871 0.12900001
 M778 1 2 0.369 0.63100001
 M779 1 2 0.182 0.81800000
 M780 1 2 0.430 0.56999999
 M781 1 2 0.758 0.24199998
 M782 1 2 0.189 0.81100000
 M783 1 2 0.498 0.50200000
 M784 1 2 0.607 0.39300001
 M785 1 2 0.375 0.62500000
 M786 1 2 0.889 0.11100000
 M787 1 2 0.564 0.43599999
 M788 1 2 0.172 0.82799999
 M789 1 2 0.329 0.67100000
 M790 1 2 0.864 0.13599998
 M791 1 2 0.042 0.95800000
 M792 1 2 0.436 0.56400001
 M793 1 2 0.438 0.56200001
 M794 1 2 0.396 0.60400000
 M795 1 2 0.360 0.63999999
 M796 1 2 0.470 0.53000000
 M797 1 2 0.179 0.82099999
 M798 1 2 0.864 0.13599998
 M799 1 2 0.373 0.62700000
 M800 1 2 0.590 0.41000003
 M801 1 2 0.472 0.52800000
 M802 1 2 0.460 0.53999999
 M803 1 2 0.687 0.31300002
 M804 1 2 0.822 0.17799997
 M805 1 2 0.661 0.33899999
 M806 1 2 0.445 0.55500001
 M807 1 2 0.098 0.90200000
 M808 1 2 0.174 0.82600001
 M809 1 2 0.639 0.36100000
 M810 1 2 0.519 0.48100001
 M811 1 2 0.564 0.43599999
 M812 1 2 0.757 0.24299997
 M813 1 2 0.661 0.33899999
 M814 1 2 0.750 0.25000000
 M815 1 2 0.805 0.19499999
 M816 1 2 0.784 0.21600002
 M817 1 2 0.216 0.78399999
 M818 1 2 0.141 0.85900000
 M819 1 2 0.796 0.20400000
 M820 1 2 0.204 0.79600000
 M821 1 2 0.444 0.55599999
 M822 1 2 0.732 0.26800001
 M823 1 2 0.656 0.34399998
 M824 1 2 0.522 0.47799999
 M825 1 2 0.703 0.29699999
 M826 1 2 0.323 0.67699999
 M827 1 2 0.584 0.41600001
 M828 1 2 0.472 0.52800000
 M829 1 2 0.769 0.23100001
 M830 1 2 0.585 0.41500002
 M831 1 2 0.416 0.58399999
 M832 1 2 0.509 0.49100000
 M833 1 2 0.769 0.23100001
 M834 1 2 0.106 0.89400000
 M835 1 2 0.779 0.22100002
 M836 1 2 0.739 0.26099998
 M837 1 2 0.498 0.50200000
 M838 1 2 0.689 0.31099999
 M839 1 2 0.245 0.75500000
 M840 1 2 0.403 0.59700000
 M841 1 2 0.397 0.60299999
 M842 1 2 0.763 0.23699999
 M843 1 2 0.769 0.23100001
 M844 1 2 0.559 0.44099998
 M845 1 2 0.323 0.67699999
 M846 1 2 0.102 0.89800000
 M847 1 2 0.792 0.20800000
 M848 1 2 0.378 0.62200001
 M849 1 2 0.068 0.93200000
 M850 1 2 0.578 0.42199999
 M851 1 2 0.469 0.53099999
 M852 1 2 0.948 0.05199999
 M853 1 2 0.460 0.53999999
 M854 1 2 0.872 0.12800002
 M855 1 2 0.647 0.35299999
 M856 1 2 0.373 0.62700000
 M857 1 2 0.488 0.51199999
 M858 1 2 0.341 0.65900001
 M859 1 2 0.820 0.18000001
 M860 1 2 0.313 0.68700001
 M861 1 2 0.573 0.42699999
 M862 1 2 0.315 0.68500000
 M863 1 2 0.553 0.44700003
 M864 1 2 0.509 0.49100000
 M865 1 2 0.064 0.93600000
 M866 1 2 0.807 0.19300002
 M867 1 2 0.170 0.83000000
 M868 1 2 0.618 0.38200003
 M869 1 2 0.570 0.43000001
 M870 1 2 0.823 0.17699999
 M871 1 2 0.109 0.89100000
 M872 1 2 0.597 0.40300000
 M873 1 2 0.162 0.83800000
 M874 1 2 0.215 0.78500000
 M875 1 2 0.728 0.27200001
 M876 1 2 0.449 0.55100000
 M877 1 2 0.073 0.92700000
 M878 1 2 0.451 0.54899999
 M879 1 2 0.888 0.11199999
 M880 1 2 0.633 0.36699998
 M881 1 2 0.488 0.51199999
 M882 1 2 0.472 0.52800000
 M883 1 2 0.500 0.50000000
 M884 1 2 0.777 0.22299999
 M885 1 2 0.743 0.25700003
 M886 1 2 0.457 0.54300001
 M887 1 2 0.226 0.77400000
 M888 1 2 0.608 0.39200002
 M889 1 2 0.239 0.76100001
 M890 1 2 0.123 0.87700000
 M891 1 2 0.610 0.38999999
 M892 1 2 0.752 0.24800003
 M893 1 2 0.491 0.50900000
 M894 1 2 0.345 0.65500000
 M895 1 2 0.717 0.28299999
 M896 1 2 0.494 0.50600001
 M897 1 2 0.644 0.35600001
 M898 1 2 0.929 0.07099998
 M899 1 2 0.541 0.45899999
 M900 1 2 0.474 0.52599999
 M901 1 2 0.435 0.56500000
 M902 1 2 0.753 0.24699998
 M903 1 2 0.393 0.60699999
 M904 1 2 0.412 0.58800000
 M905 1 2 0.371 0.62900001
 M906 1 2 0.346 0.65400001
 M907 1 2 0.177 0.82300000
 M908 1 2 0.428 0.57200000
 M909 1 2 0.747 0.25300002
 M910 1 2 0.874 0.12599999
 M911 1 2 0.125 0.87500000
 M912 1 2 0.546 0.45400000
 M913 1 2 0.618 0.38200003
 M914 1 2 0.485 0.51499999
 M915 1 2 0.468 0.53200001
 M916 1 2 0.270 0.72999999
 M917 1 2 0.409 0.59099999
 M918 1 2 0.526 0.47399998
 M919 1 2 0.222 0.77800000
 M920 1 2 0.329 0.67100000
 M921 1 2 0.145 0.85500000
 M922 1 2 0.143 0.85699999
 M923 1 2 0.153 0.84700000
 M924 1 2 0.612 0.38800001
 M925 1 2 0.449 0.55100000
 M926 1 2 0.422 0.57800001
 M927 1 2 0.225 0.77500001
 M928 1 2 0.802 0.19800001
 M929 1 2 0.126 0.87400000
 M930 1 2 0.616 0.38400000
 M931 1 2 0.502 0.49800003
 M932 1 2 0.763 0.23699999
 M933 1 2 0.125 0.87500000
 M934 1 2 0.203 0.79700001
 M935 1 2 0.503 0.49699998
 M936 1 2 0.300 0.69999999
 M937 1 2 0.946 0.05400002
 M938 1 2 0.438 0.56200001
 M939 1 2 0.610 0.38999999
 M940 1 2 0.752 0.24800003
 M941 1 2 0.767 0.23299998
 M942 1 2 0.316 0.68399999
 M943 1 2 0.225 0.77500001
 M944 1 2 0.077 0.92300000
 M945 1 2 0.894 0.10600001
 M946 1 2 0.068 0.93200000
 M947 1 2 0.745 0.25500000
 M948 1 2 0.903 0.09700000
 M949 1 2 0.771 0.22899997
 M950 1 2 0.328 0.67199999
 M951 1 2 0.251 0.74900001
 M952 1 2 0.501 0.49900001
 M953 1 2 0.874 0.12599999
 M954 1 2 0.336 0.66400000
 M955 1 2 0.308 0.69200000
 M956 1 2 0.444 0.55599999
 M957 1 2 0.364 0.63600001
 M958 1 2 0.590 0.41000003
 M959 1 2 0.458 0.54200000
 M960 1 2 0.230 0.77000000
 M961 1 2 0.777 0.22299999
 M962 1 2 0.434 0.56600001
 M963 1 2 0.184 0.81600000
 M964 1 2 0.598 0.40200001
 M965 1 2 0.559 0.44099998
 M966 1 2 0.872 0.12800002
 M967 1 2 0.054 0.94600000
 M968 1 2 0.379 0.62099999
 M969 1 2 0.233 0.76700000
 M970 1 2 0.772 0.22799999
 M971 1 2 0.217 0.78300001
 M972 1 2 0.825 0.17500001
 M973 1 2 0.586 0.41399997
 M974 1 2 0.135 0.86499999
 M975 1 2 0.221 0.77900000
 M976 1 2 0.685 0.31500000
 M977 1 2 0.142 0.85800000
 M978 1 2 0.385 0.61500001
 M979 1 2 0.390 0.61000001
 M980 1 2 0.834 0.16600001
 M981 1 2 0.400 0.59999999
 M982 1 2 0.214 0.78600000
 M983 1 2 0.226 0.77400000
 M984 1 2 0.804 0.19599998
 M985 1 2 0.261 0.73899999
 M986 1 2 0.511 0.48900002
 M987 1 2 0.507 0.49299997
 M988 1 2 0.705 0.29500002
 M989 1 2 0.735 0.26499999
 M990 1 2 0.233 0.76700000
 M991 1 2 0.471 0.52900001
 M992 1 2 0.371 0.62900001
 M993 1 2 0.616 0.38400000
 M994 1 2 0.386 0.61399999
 M995 1 2 0.840 0.16000003
 M996 1 2 0.509 0.49100000
 M997 1 2 0.548 0.45200002
 M998 1 2 0.424 0.57600001
 M999 1 2 0.488 0.51199999
M1000 1 2 0.874 0.12599999
M1001 1 2 0.629 0.37099999
M1002 1 2 0.217 0.78300001
M1003 1 2 0.699 0.30100000
M1004 1 2 0.054 0.94600000
M1005 1 2 0.293 0.70699999
M1006 1 2 0.813 0.18699998
M1007 1 2 0.385 0.61500001
M1008 1 2 0.930 0.06999999
M1009 1 2 0.460 0.53999999
M1010 1 2 0.171 0.82900000
M1011 1 2 0.875 0.12500000
M1012 1 2 0.751 0.24900001
M1013 1 2 0.387 0.61300001
M1014 1 2 0.740 0.25999999
M1015 1 2 0.667 0.33300000
M1016 1 2 0.854 0.14600003
M1017 1 2 0.097 0.90300000
M1018 1 2 0.771 0.22899997
M1019 1 2 0.690 0.31000000
M1020 1 2 0.730 0.26999998
M1021 1 2 0.196 0.80400001
M1022 1 2 0.493 0.50700000
M1023 1 2 0.851 0.14899999
M1024 1 2 0.590 0.41000003
M1025 1 2 0.473 0.52700001
M1026 1 2 0.290 0.71000001
M1027 1 2 0.280 0.72000000
M1028 1 2 0.537 0.46300000
M1029 1 2 0.671 0.32900000
M1030 1 2 0.193 0.80700000
M1031 1 2 0.233 0.76700000
M1032 1 2 0.541 0.45899999
M1033 1 2 0.769 0.23100001
M1034 1 2 0.517 0.48299998
M1035 1 2 0.421 0.57900000
M1036 1 2 0.567 0.43300003
M1037 1 2 0.576 0.42400002
M1038 1 2 0.490 0.50999999
M1039 1 2 0.708 0.29200000
M1040 1 2 0.117 0.88300000
M1041 1 2 0.522 0.47799999
M1042 1 2 0.379 0.62099999
M1043 1 2 0.146 0.85400000
M1044 1 2 0.523 0.47700000
M1045 1 2 0.111 0.88900000
M1046 1 2 0.675 0.32499999
M1047 1 2 0.832 0.16799998
M1048 1 2 0.676 0.32400000
M1049 1 2 0.452 0.54800001
M1050 1 2 0.365 0.63499999
M1051 1 2 0.056 0.94400000
M1052 1 2 0.526 0.47399998
M1053 1 2 0.508 0.49199998
M1054 1 2 0.836 0.16399997
M1055 1 2 0.204 0.79600000
M1056 1 2 0.786 0.21399999
M1057 1 2 0.074 0.92600000
M1058 1 2 0.909 0.09100002
M1059 1 2 0.697 0.30299997
M1060 1 2 0.352 0.64800000
M1061 1 2 0.644 0.35600001
M1062 1 2 0.864 0.13599998
M1063 1 2 0.325 0.67500001
M1064 1 2 0.274 0.72600001
M1065 1 2 0.763 0.23699999
M1066 1 2 0.134 0.86600000
M1067 1 2 0.478 0.52200001
M1068 1 2 0.386 0.61399999
M1069 1 2 0.165 0.83499999
M1070 1 2 0.228 0.77200000
M1071 1 2 0.842 0.15799999
M1072 1 2 0.327 0.67300001
M1073 1 2 0.849 0.15100002
M1074 1 2 0.600 0.39999998
M1075 1 2 0.165 0.83499999
M1076 1 2 0.089 0.91100000
M1077 1 2 0.697 0.30299997
M1078 1 2 0.493 0.50700000
M1079 1 2 0.479 0.52100000
M1080 1 2 0.300 0.69999999
M1081 1 2 0.465 0.53500000
M1082 1 2 0.721 0.27899998
M1083 1 2 0.440 0.56000000
M1084 1 2 0.921 0.07900000
M1085 1 2 0.486 0.51400000
M1086 1 2 0.545 0.45499998
M1087 1 2 0.485 0.51499999
M1088 1 2 0.498 0.50200000
M1089 1 2 0.362 0.63800001
M1090 1 2 0.398 0.60200000
M1091 1 2 0.237 0.76300000
M1092 1 2 0.603 0.39700001
M1093 1 2 0.113 0.88700000
M1094 1 2 0.386 0.61399999
M1095 1 2 0.405 0.59500000
M1096 1 2 0.611 0.38900000
M1097 1 2 0.157 0.84299999
M1098 1 2 0.467 0.53299999
M1099 1 2 0.113 0.88700000
M1100 1 2 0.196 0.80400001
M1101 1 2 0.895 0.10500002
M1102 1 2 0.410 0.59000000
M1103 1 2 0.319 0.68099999
M1104 1 2 0.360 0.63999999
M1105 1 2 0.561 0.43900001
M1106 1 2 0.634 0.36600000
M1107 1 2 0.353 0.64700001
M1108 1 2 0.318 0.68200001
M1109 1 2 0.588 0.41200000
M1110 1 2 0.559 0.44099998
M1111 1 2 0.687 0.31300002
M1112 1 2 0.332 0.66800001
M1113 1 2 0.503 0.49699998
M1114 1 2 0.437 0.56299999
M1115 1 2 0.597 0.40300000
M1116 1 2 0.859 0.14099997
M1117 1 2 0.841 0.15899998
M1118 1 2 0.301 0.69900000
M1119 1 2 0.370 0.63000000
M1120 1 2 0.179 0.82099999
M1121 1 2 0.103 0.89700000
M1122 1 2 0.616 0.38400000
M1123 1 2 0.713 0.28700000
M1124 1 2 0.214 0.78600000
M1125 1 2 0.390 0.61000001
M1126 1 2 0.313 0.68700001
M1127 1 2 0.433 0.56700000
M1128 1 2 0.884 0.11600000
M1129 1 2 0.178 0.82200000
M1130 1 2 0.767 0.23299998
M1131 1 2 0.870 0.13000000
M1132 1 2 0.608 0.39200002
M1133 1 2 0.744 0.25599998
M1134 1 2 0.783 0.21700001
M1135 1 2 0.717 0.28299999
M1136 1 2 0.618 0.38200003
M1137 1 2 0.535 0.46499997
M1138 1 2 0.410 0.59000000
M1139 1 2 0.425 0.57499999
M1140 1 2 0.842 0.15799999
M1141 1 2 0.421 0.57900000
M1142 1 2 0.928 0.07200003
M1143 1 2 0.777 0.22299999
M1144 1 2 0.722 0.27800000
M1145 1 2 0.882 0.11799997
M1146 1 2 0.594 0.40600002
M1147 1 2 0.887 0.11299998
M1148 1 2 0.183 0.81700000
M1149 1 2 0.386 0.61399999
M1150 1 2 0.237 0.76300000
M1151 1 2 0.637 0.36299998
M1152 1 2 0.477 0.52300000
M1153 1 2 0.185 0.81500000
M1154 1 2 0.793 0.20700002
M1155 1 2 0.080 0.92000000
M1156 1 2 0.888 0.11199999
M1157 1 2 0.564 0.43599999
M1158 1 2 0.132 0.86800000
M1159 1 2 0.664 0.33600003
M1160 1 2 0.577 0.42299998
M1161 1 2 0.579 0.42100000
M1162 1 2 0.823 0.17699999
M1163 1 2 0.585 0.41500002
M1164 1 2 0.812 0.18800002
M1165 1 2 0.649 0.35100001
M1166 1 2 0.739 0.26099998
M1167 1 2 0.911 0.08899999
M1168 1 2 0.196 0.80400001
M1169 1 2 0.451 0.54899999
M1170 1 2 0.912 0.08800000
M1171 1 2 0.842 0.15799999
M1172 1 2 0.675 0.32499999
M1173 1 2 0.561 0.43900001
M1174 1 2 0.495 0.50500000
M1175 1 2 0.540 0.45999998
M1176 1 2 0.075 0.92500000
M1177 1 2 0.889 0.11100000
M1178 1 2 0.941 0.05900002
M1179 1 2 0.726 0.27399999
M1180 1 2 0.749 0.25099999
M1181 1 2 0.401 0.59900001
M1182 1 2 0.699 0.30100000
M1183 1 2 0.285 0.71500000
M1184 1 2 0.381 0.61899999
M1185 1 2 0.380 0.62000000
M1186 1 2 0.532 0.46799999
M1187 1 2 0.454 0.54600000
M1188 1 2 0.147 0.85300000
M1189 1 2 0.394 0.60600001
M1190 1 2 0.742 0.25800002
M1191 1 2 0.737 0.26300001
M1192 1 2 0.238 0.76199999
M1193 1 2 0.470 0.53000000
M1194 1 2 0.636 0.36400002
M1195 1 2 0.929 0.07099998
M1196 1 2 0.413 0.58700001
M1197 1 2 0.354 0.64600000
M1198 1 2 0.478 0.52200001
M1199 1 2 0.353 0.64700001
M1200 1 2 0.777 0.22299999
M1201 1 2 0.807 0.19300002
M1202 1 2 0.439 0.56099999
M1203 1 2 0.781 0.21899998
M1204 1 2 0.354 0.64600000
M1205 1 2 0.930 0.06999999
M1206 1 2 0.230 0.77000000
M1207 1 2 0.788 0.21200001
M1208 1 2 0.855 0.14499998
M1209 1 2 0.837 0.16299999
M1210 1 2 0.659 0.34100002
M1211 1 2 0.650 0.35000002
M1212 1 2 0.381 0.61899999
M1213 1 2 0.550 0.44999999
M1214 1 2 0.936 0.06400001
M1215 1 2 0.330 0.66999999
M1216 1 2 0.155 0.84500000
M1217 1 2 0.182 0.81800000
M1218 1 2 0.779 0.22100002
M1219 1 2 0.149 0.85100000
M1220 1 2 0.629 0.37099999
M1221 1 2 0.770 0.23000002
M1222 1 2 0.826 0.17400002
M1223 1 2 0.298 0.70199999
M1224 1 2 0.394 0.60600001
M1225 1 2 0.230 0.77000000
M1226 1 2 0.902 0.09799999
M1227 1 2 0.510 0.49000001
M1228 1 2 0.333 0.66700000
M1229 1 2 0.257 0.74300000
M1230 1 2 0.471 0.52900001
M1231 1 2 0.624 0.37599999
M1232 1 2 0.085 0.91500000
M1233 1 2 0.692 0.30800003
M1234 1 2 0.747 0.25300002
M1235 1 2 0.595 0.40499997
M1236 1 2 0.281 0.71900001
M1237 1 2 0.538 0.46200001
M1238 1 2 0.285 0.71500000
M1239 1 2 0.778 0.22200000
M1240 1 2 0.096 0.90400000
M1241 1 2 0.043 0.95700000
M1242 1 2 0.852 0.14800000
M1243 1 2 0.794 0.20599997
M1244 1 2 0.685 0.31500000
M1245 1 2 0.524 0.47600001
M1246 1 2 0.245 0.75500000
M1247 1 2 0.240 0.76000001
M1248 1 2 0.175 0.82500000
M1249 1 2 0.505 0.49500000
M1250 1 2 0.616 0.38400000
M1251 1 2 0.439 0.56099999
M1252 1 2 0.889 0.11100000
M1253 1 2 0.432 0.56799999
M1254 1 2 0.573 0.42699999
M1255 1 2 0.278 0.72200000
M1256 1 2 0.940 0.06000000
M1257 1 2 0.672 0.32800001
M1258 1 2 0.273 0.72700000
M1259 1 2 0.496 0.50400001
M1260 1 2 0.632 0.36799997
M1261 1 2 0.503 0.49699998
M1262 1 2 0.885 0.11500001
M1263 1 2 0.847 0.15300000
M1264 1 2 0.498 0.50200000
M1265 1 2 0.284 0.71599999
M1266 1 2 0.087 0.91300000
M1267 1 2 0.559 0.44099998
M1268 1 2 0.810 0.19000000
M1269 1 2 0.609 0.39099997
M1270 1 2 0.679 0.32099998
M1271 1 2 0.517 0.48299998
M1272 1 2 0.664 0.33600003
M1273 1 2 0.871 0.12900001
M1274 1 2 0.448 0.55199999
M1275 1 2 0.534 0.46600002
M1276 1 2 0.310 0.69000000
M1277 1 2 0.691 0.30900002
M1278 1 2 0.744 0.25599998
M1279 1 2 0.511 0.48900002
M1280 1 2 0.229 0.77100000
M1281 1 2 0.721 0.27899998
M1282 1 2 0.929 0.07099998
M1283 1 2 0.276 0.72400001
M1284 1 2 0.507 0.49299997
M1285 1 2 0.275 0.72499999
M1286 1 2 0.367 0.63299999
M1287 1 2 0.660 0.33999997
M1288 1 2 0.305 0.69499999
M1289 1 2 0.249 0.75100000
M1290 1 2 0.865 0.13499999
M1291 1 2 0.649 0.35100001
M1292 1 2 0.288 0.71200001
M1293 1 2 0.518 0.48199999
M1294 1 2 0.581 0.41900003
M1295 1 2 0.474 0.52599999
M1296 1 2 0.946 0.05400002
M1297 1 2 0.827 0.17299998
M1298 1 2 0.310 0.69000000
M1299 1 2 0.102 0.89800000
M1300 1 2 0.261 0.73899999
M1301 1 2 0.516 0.48400003
M1302 1 2 0.486 0.51400000
M1303 1 2 0.630 0.37000000
M1304 1 2 0.579 0.42100000
M1305 1 2 0.273 0.72700000
M1306 1 2 0.698 0.30199999
M1307 1 2 0.806 0.19400001
M1308 1 2 0.230 0.77000000
M1309 1 2 0.839 0.16100001
M1310 1 2 0.063 0.93700000
M1311 1 2 0.770 0.23000002
M1312 1 2 0.119 0.88100000
M1313 1 2 0.115 0.88500000
M1314 1 2 0.484 0.51600000
M1315 1 2 0.704 0.29600000
M1316 1 2 0.281 0.71900001
M1317 1 2 0.570 0.43000001
M1318 1 2 0.844 0.15600002
M1319 1 2 0.500 0.50000000
M1320 1 2 0.513 0.48699999
M1321 1 2 0.409 0.59099999
M1322 1 2 0.608 0.39200002
M1323 1 2 0.567 0.43300003
M1324 1 2 0.542 0.45800000
M1325 1 2 0.789 0.21100003
M1326 1 2 0.659 0.34100002
M1327 1 2 0.086 0.91400000
M1328 1 2 0.688 0.31199998
M1329 1 2 0.406 0.59400001
M1330 1 2 0.059 0.94100000
M1331 1 2 0.868 0.13200003
M1332 1 2 0.815 0.18500000
M1333 1 2 0.383 0.61700001
M1334 1 2 0.456 0.54400000
M1335 1 2 0.224 0.77599999
M1336 1 2 0.668 0.33200002
M1337 1 2 0.486 0.51400000
M1338 1 2 0.640 0.36000001
M1339 1 2 0.842 0.15799999
M1340 1 2 0.101 0.89900000
M1341 1 2 0.173 0.82700001
M1342 1 2 0.511 0.48900002
M1343 1 2 0.809 0.19099998
M1344 1 2 0.936 0.06400001
M1345 1 2 0.754 0.24599999
M1346 1 2 0.265 0.73500001
M1347 1 2 0.098 0.90200000
M1348 1 2 0.193 0.80700000
M1349 1 2 0.305 0.69499999
M1350 1 2 0.786 0.21399999
M1351 1 2 0.475 0.52500001
M1352 1 2 0.169 0.83100000
M1353 1 2 0.600 0.39999998
M1354 1 2 0.710 0.29000002
M1355 1 2 0.738 0.26200002
M1356 1 2 0.874 0.12599999
M1357 1 2 0.637 0.36299998
M1358 1 2 0.499 0.50099999
M1359 1 2 0.289 0.71100000
M1360 1 2 0.466 0.53400001
M1361 1 3 0.775 0.22500002
M1362 1 3 0.642 0.35799998
M1363 1 3 0.815 0.18500000
M1364 1 3 0.151 0.84900001
M1365 1 3 0.194 0.80599999
M1366 1 3 0.850 0.14999998
M1367 1 3 0.548 0.45200002
M1368 1 3 0.585 0.41500002
M1369 1 3 0.683 0.31699997
M1370 1 3 0.662 0.33800000
M1371 1 3 0.669 0.33099997
M1372 1 3 0.658 0.34200001
M1373 1 3 0.893 0.10699999
M1374 1 3 0.719 0.28100002
M1375 1 3 0.716 0.28399998
M1376 1 3 0.576 0.42400002
M1377 1 3 0.305 0.69499999
M1378 1 3 0.839 0.16100001
M1379 1 3 0.136 0.86399999
M1380 1 3 0.404 0.59599999
M1381 1 3 0.089 0.91100000
M1382 1 3 0.765 0.23500001
M1383 1 3 0.731 0.26899999
M1384 1 3 0.879 0.12099999
M1385 1 3 0.369 0.63100001
M1386 1 3 0.904 0.09600002
M1387 1 3 0.750 0.25000000
M1388 1 3 0.724 0.27600002
M1389 1 3 0.194 0.80599999
M1390 1 3 0.134 0.86600000
M1391 1 3 0.084 0.91600000
M1392 1 3 0.538 0.46200001
M1393 1 3 0.204 0.79600000
M1394 1 3 0.376 0.62400001
M1395 1 3 0.701 0.29900002
M1396 1 3 0.639 0.36100000
M1397 1 3 0.917 0.08300000
M1398 1 3 0.138 0.86200000
M1399 1 3 0.871 0.12900001
M1400 1 3 0.147 0.85300000
M1401 1 3 0.661 0.33899999
M1402 1 3 0.496 0.50400001
M1403 1 3 0.651 0.34899998
M1404 1 3 0.397 0.60299999
M1405 1 3 0.212 0.78800000
M1406 1 3 0.202 0.79799999
M1407 1 3 0.253 0.74700001
M1408 1 3 0.650 0.35000002
M1409 1 3 0.129 0.87100001
M1410 1 3 0.256 0.74399999
M1411 1 3 0.290 0.71000001
M1412 1 3 0.073 0.92700000
M1413 1 3 0.775 0.22500002
M1414 1 3 0.123 0.87700000
M1415 1 3 0.194 0.80599999
M1416 1 3 0.551 0.44900000
M1417 1 3 0.523 0.47700000
M1418 1 3 0.238 0.76199999
M1419 1 3 0.840 0.16000003
M1420 1 3 0.458 0.54200000
M1421 1 3 0.513 0.48699999
M1422 1 3 0.824 0.17600000
M1423 1 3 0.289 0.71100000
M1424 1 3 0.116 0.88400000
M1425 1 3 0.419 0.58100000
M1426 1 3 0.253 0.74700001
M1427 1 3 0.322 0.67800000
M1428 1 3 0.902 0.09799999
M1429 1 3 0.250 0.75000000
M1430 1 3 0.700 0.30000001
M1431 1 3 0.688 0.31199998
M1432 1 3 0.709 0.29100001
M1433 1 3 0.745 0.25500000
M1434 1 3 0.216 0.78399999
M1435 1 3 0.417 0.58300000
M1436 1 3 0.849 0.15100002
M1437 1 3 0.289 0.71100000
M1438 1 3 0.715 0.28500003
M1439 1 3 0.239 0.76100001
M1440 1 3 0.707 0.29299998
M1441 1 3 0.197 0.80300000
M1442 1 3 0.178 0.82200000
M1443 1 3 0.498 0.50200000
M1444 1 3 0.529 0.47100002
M1445 1 3 0.548 0.45200002
M1446 1 3 0.538 0.46200001
M1447 1 3 0.557 0.44300002
M1448 1 3 0.941 0.05900002
M1449 1 3 0.329 0.67100000
M1450 1 3 0.369 0.63100001
M1451 1 3 0.371 0.62900001
M1452 1 3 0.667 0.33300000
M1453 1 3 0.411 0.58899999
M1454 1 3 0.340 0.66000000
M1455 1 3 0.642 0.35799998
M1456 1 3 0.413 0.58700001
M1457 1 3 0.896 0.10399997
M1458 1 3 0.485 0.51499999
M1459 1 3 0.895 0.10500002
M1460 1 3 0.453 0.54699999
M1461 1 3 0.588 0.41200000
M1462 1 3 0.604 0.39600003
M1463 1 3 0.764 0.23600000
M1464 1 3 0.480 0.52000001
M1465 1 3 0.550 0.44999999
M1466 1 3 0.669 0.33099997
M1467 1 3 0.914 0.08600003
M1468 1 3 0.718 0.28200001
M1469 1 3 0.603 0.39700001
M1470 1 3 0.879 0.12099999
M1471 1 3 0.216 0.78399999
M1472 1 3 0.837 0.16299999
M1473 1 3 0.358 0.64199999
M1474 1 3 0.750 0.25000000
M1475 1 3 0.138 0.86200000
M1476 1 3 0.753 0.24699998
M1477 1 3 0.382 0.61800000
M1478 1 3 0.644 0.35600001
M1479 1 3 0.182 0.81800000
M1480 1 3 0.833 0.16700000
M1481 1 3 0.670 0.32999998
M1482 1 3 0.557 0.44300002
M1483 1 3 0.112 0.88800000
M1484 1 3 0.287 0.71300000
M1485 1 3 0.196 0.80400001
M1486 1 3 0.644 0.35600001
M1487 1 3 0.276 0.72400001
M1488 1 3 0.154 0.84600000
M1489 1 3 0.782 0.21799999
M1490 1 3 0.560 0.44000000
M1491 1 3 0.529 0.47100002
M1492 1 3 0.384 0.61600000
M1493 1 3 0.478 0.52200001
M1494 1 3 0.515 0.48500001
M1495 1 3 0.297 0.70300001
M1496 1 3 0.203 0.79700001
M1497 1 3 0.073 0.92700000
M1498 1 3 0.695 0.30500001
M1499 1 3 0.889 0.11100000
M1500 1 3 0.736 0.26400000
M1501 1 3 0.787 0.21300000
M1502 1 3 0.393 0.60699999
M1503 1 3 0.558 0.44199997
M1504 1 3 0.374 0.62599999
M1505 1 3 0.781 0.21899998
M1506 1 3 0.103 0.89700000
M1507 1 3 0.914 0.08600003
M1508 1 3 0.309 0.69100001
M1509 1 3 0.708 0.29200000
M1510 1 3 0.212 0.78800000
M1511 1 3 0.551 0.44900000
M1512 1 3 0.761 0.23900002
M1513 1 3 0.696 0.30400002
M1514 1 3 0.958 0.04200000
M1515 1 3 0.074 0.92600000
M1516 1 3 0.710 0.29000002
M1517 1 3 0.852 0.14800000
M1518 1 3 0.868 0.13200003
M1519 1 3 0.133 0.86700000
M1520 1 3 0.160 0.84000000
M1521 1 3 0.494 0.50600001
M1522 1 3 0.620 0.38000000
M1523 1 3 0.875 0.12500000
M1524 1 3 0.054 0.94600000
M1525 1 3 0.933 0.06699997
M1526 1 3 0.812 0.18800002
M1527 1 3 0.218 0.78200001
M1528 1 3 0.415 0.58500001
M1529 1 3 0.474 0.52599999
M1530 1 3 0.067 0.93300000
M1531 1 3 0.206 0.79400000
M1532 1 3 0.650 0.35000002
M1533 1 3 0.554 0.44599998
M1534 1 3 0.562 0.43800002
M1535 1 3 0.259 0.74100000
M1536 1 3 0.241 0.75900000
M1537 1 3 0.215 0.78500000
M1538 1 3 0.175 0.82500000
M1539 1 3 0.101 0.89900000
M1540 1 3 0.554 0.44599998
M1541 1 3 0.711 0.28899997
M1542 1 3 0.291 0.70899999
M1543 1 3 0.556 0.44400001
M1544 1 3 0.286 0.71399999
M1545 1 3 0.642 0.35799998
M1546 1 3 0.268 0.73199999
M1547 1 3 0.631 0.36900002
M1548 1 3 0.107 0.89300000
M1549 1 3 0.283 0.71700001
M1550 1 3 0.241 0.75900000
M1551 1 3 0.498 0.50200000
M1552 1 3 0.643 0.35699999
M1553 1 3 0.602 0.39800000
M1554 1 3 0.080 0.92000000
M1555 1 3 0.312 0.68799999
M1556 1 3 0.946 0.05400002
M1557 1 3 0.506 0.49400002
M1558 1 3 0.293 0.70699999
M1559 1 3 0.746 0.25400001
M1560 1 3 0.465 0.53500000
M1561 1 3 0.085 0.91500000
M1562 1 3 0.688 0.31199998
M1563 1 3 0.877 0.12300003
M1564 1 3 0.130 0.87000000
M1565 1 3 0.307 0.69299999
M1566 1 3 0.818 0.18199998
M1567 1 3 0.770 0.23000002
M1568 1 3 0.771 0.22899997
M1569 1 3 0.500 0.50000000
M1570 1 3 0.857 0.14300001
M1571 1 3 0.417 0.58300000
M1572 1 3 0.380 0.62000000
M1573 1 3 0.145 0.85500000
M1574 1 3 0.206 0.79400000
M1575 1 3 0.162 0.83800000
M1576 1 3 0.195 0.80500001
M1577 1 3 0.716 0.28399998
M1578 1 3 0.305 0.69499999
M1579 1 3 0.118 0.88200000
M1580 1 3 0.918 0.08200002
M1581 1 3 0.828 0.17199999
M1582 1 3 0.697 0.30299997
M1583 1 3 0.563 0.43699998
M1584 1 3 0.849 0.15100002
M1585 1 3 0.507 0.49299997
M1586 1 3 0.866 0.13400000
M1587 1 3 0.465 0.53500000
M1588 1 3 0.803 0.19700003
M1589 1 3 0.651 0.34899998
M1590 1 3 0.534 0.46600002
M1591 1 3 0.536 0.46399999
