ID Generation Chr Freq.Allele1 Freq.Allele2
   M1 3 1 0.329 0.67100000
   M2 3 1 0.769 0.23100001
   M3 3 1 0.705 0.29500002
   M4 3 1 0.143 0.85699999
   M5 3 1 0.102 0.89800000
   M6 3 1 0.234 0.76600000
   M7 3 1 0.883 0.11699998
   M8 3 1 0.926 0.07400000
   M9 3 1 0.240 0.76000001
  M10 3 1 0.171 0.82900000
  M11 3 1 0.904 0.09600002
  M12 3 1 0.708 0.29200000
  M13 3 1 0.447 0.55300000
  M14 3 1 0.109 0.89100000
  M15 3 1 0.682 0.31800002
  M16 3 1 0.467 0.53299999
  M17 3 1 0.885 0.11500001
  M18 3 1 0.783 0.21700001
  M19 3 1 0.801 0.19900000
  M20 3 1 0.283 0.71700001
  M21 3 1 0.167 0.83300000
  M22 3 1 0.336 0.66400000
  M23 3 1 0.267 0.73300001
  M24 3 1 0.584 0.41600001
  M25 3 1 0.070 0.93000000
  M26 3 1 0.212 0.78800000
  M27 3 1 0.236 0.76400000
  M28 3 1 0.621 0.37900001
  M29 3 1 0.513 0.48699999
  M30 3 1 0.412 0.58800000
  M31 3 1 0.431 0.56900001
  M32 3 1 0.328 0.67199999
  M33 3 1 0.510 0.49000001
  M34 3 1 0.756 0.24400002
  M35 3 1 0.450 0.55000001
  M36 3 1 0.135 0.86499999
  M37 3 1 0.314 0.68599999
  M38 3 1 0.656 0.34399998
  M39 3 1 0.654 0.34600002
  M40 3 1 0.910 0.08999997
  M41 3 1 0.707 0.29299998
  M42 3 1 0.310 0.69000000
  M43 3 1 0.350 0.65000001
  M44 3 1 0.802 0.19800001
  M45 3 1 0.186 0.81400000
  M46 3 1 0.875 0.12500000
  M47 3 1 0.728 0.27200001
  M48 3 1 0.345 0.65500000
  M49 3 1 0.416 0.58399999
  M50 3 1 0.407 0.59299999
  M51 3 1 0.468 0.53200001
  M52 3 1 0.398 0.60200000
  M53 3 1 0.064 0.93600000
  M54 3 1 0.416 0.58399999
  M55 3 1 0.928 0.07200003
  M56 3 1 0.905 0.09500003
  M57 3 1 0.327 0.67300001
  M58 3 1 0.755 0.24500000
  M59 3 1 0.233 0.76700000
  M60 3 1 0.043 0.95700000
  M61 3 1 0.609 0.39099997
  M62 3 1 0.282 0.71799999
  M63 3 1 0.369 0.63100001
  M64 3 1 0.354 0.64600000
  M65 3 1 0.711 0.28899997
  M66 3 1 0.449 0.55100000
  M67 3 1 0.657 0.34299999
  M68 3 1 0.203 0.79700001
  M69 3 1 0.547 0.45300001
  M70 3 1 0.460 0.53999999
  M71 3 1 0.350 0.65000001
  M72 3 1 0.585 0.41500002
  M73 3 1 0.697 0.30299997
  M74 3 1 0.330 0.66999999
  M75 3 1 0.879 0.12099999
  M76 3 1 0.192 0.80800000
  M77 3 1 0.812 0.18800002
  M78 3 1 0.895 0.10500002
  M79 3 1 0.377 0.62300000
  M80 3 1 0.296 0.70400000
  M81 3 1 0.204 0.79600000
  M82 3 1 0.398 0.60200000
  M83 3 1 0.480 0.52000001
  M84 3 1 0.693 0.30699998
  M85 3 1 0.521 0.47899997
  M86 3 1 0.347 0.65300000
  M87 3 1 0.418 0.58199999
  M88 3 1 0.545 0.45499998
  M89 3 1 0.242 0.75800000
  M90 3 1 0.884 0.11600000
  M91 3 1 0.062 0.93800000
  M92 3 1 0.187 0.81299999
  M93 3 1 0.335 0.66499999
  M94 3 1 0.408 0.59200001
  M95 3 1 0.710 0.29000002
  M96 3 1 0.908 0.09200001
  M97 3 1 0.274 0.72600001
  M98 3 1 0.573 0.42699999
  M99 3 1 0.292 0.70800000
 M100 3 1 0.536 0.46399999
 M101 3 1 0.089 0.91100000
 M102 3 1 0.409 0.59099999
 M103 3 1 0.267 0.73300001
 M104 3 1 0.670 0.32999998
 M105 3 1 0.500 0.50000000
 M106 3 1 0.310 0.69000000
 M107 3 1 0.790 0.20999998
 M108 3 1 0.191 0.80900000
 M109 3 1 0.249 0.75100000
 M110 3 1 0.408 0.59200001
 M111 3 1 0.220 0.78000000
 M112 3 1 0.308 0.69200000
 M113 3 1 0.651 0.34899998
 M114 3 1 0.430 0.56999999
 M115 3 1 0.345 0.65500000
 M116 3 1 0.480 0.52000001
 M117 3 1 0.396 0.60400000
 M118 3 1 0.570 0.43000001
 M119 3 1 0.831 0.16900003
 M120 3 1 0.340 0.66000000
 M121 3 1 0.735 0.26499999
 M122 3 1 0.552 0.44800001
 M123 3 1 0.532 0.46799999
 M124 3 1 0.949 0.05100000
 M125 3 1 0.683 0.31699997
 M126 3 1 0.540 0.45999998
 M127 3 1 0.914 0.08600003
 M128 3 1 0.076 0.92400000
 M129 3 1 0.168 0.83200000
 M130 3 1 0.658 0.34200001
 M131 3 1 0.051 0.94900000
 M132 3 1 0.466 0.53400001
 M133 3 1 0.945 0.05500001
 M134 3 1 0.653 0.34700000
 M135 3 1 0.344 0.65599999
 M136 3 1 0.413 0.58700001
 M137 3 1 0.305 0.69499999
 M138 3 1 0.589 0.41100001
 M139 3 1 0.595 0.40499997
 M140 3 1 0.240 0.76000001
 M141 3 1 0.864 0.13599998
 M142 3 1 0.356 0.64399999
 M143 3 1 0.455 0.54499999
 M144 3 1 0.562 0.43800002
 M145 3 1 0.903 0.09700000
 M146 3 1 0.627 0.37300003
 M147 3 1 0.451 0.54899999
 M148 3 1 0.690 0.31000000
 M149 3 1 0.816 0.18400002
 M150 3 1 0.569 0.43099999
 M151 3 1 0.732 0.26800001
 M152 3 1 0.072 0.92800000
 M153 3 1 0.190 0.81000000
 M154 3 1 0.140 0.86000000
 M155 3 1 0.195 0.80500001
 M156 3 1 0.771 0.22899997
 M157 3 1 0.867 0.13300002
 M158 3 1 0.760 0.24000001
 M159 3 1 0.507 0.49299997
 M160 3 1 0.246 0.75399999
 M161 3 1 0.237 0.76300000
 M162 3 1 0.695 0.30500001
 M163 3 1 0.929 0.07099998
 M164 3 1 0.065 0.93500000
 M165 3 1 0.826 0.17400002
 M166 3 1 0.142 0.85800000
 M167 3 1 0.421 0.57900000
 M168 3 1 0.675 0.32499999
 M169 3 1 0.189 0.81100000
 M170 3 1 0.512 0.48799998
 M171 3 1 0.354 0.64600000
 M172 3 1 0.282 0.71799999
 M173 3 1 0.093 0.90700000
 M174 3 1 0.953 0.04699999
 M175 3 1 0.206 0.79400000
 M176 3 1 0.358 0.64199999
 M177 3 1 0.730 0.26999998
 M178 3 1 0.051 0.94900000
 M179 3 1 0.814 0.18599999
 M180 3 1 0.670 0.32999998
 M181 3 1 0.559 0.44099998
 M182 3 1 0.260 0.74000001
 M183 3 1 0.657 0.34299999
 M184 3 1 0.228 0.77200000
 M185 3 1 0.312 0.68799999
 M186 3 1 0.364 0.63600001
 M187 3 1 0.135 0.86499999
 M188 3 1 0.529 0.47100002
 M189 3 1 0.583 0.41700000
 M190 3 1 0.828 0.17199999
 M191 3 1 0.707 0.29299998
 M192 3 1 0.841 0.15899998
 M193 3 1 0.682 0.31800002
 M194 3 1 0.270 0.72999999
 M195 3 1 0.312 0.68799999
 M196 3 1 0.444 0.55599999
 M197 3 1 0.057 0.94300000
 M198 3 1 0.519 0.48100001
 M199 3 1 0.287 0.71300000
 M200 3 1 0.271 0.72900000
 M201 3 1 0.682 0.31800002
 M202 3 1 0.720 0.27999997
 M203 3 1 0.257 0.74300000
 M204 3 1 0.666 0.33399999
 M205 3 1 0.645 0.35500002
 M206 3 1 0.268 0.73199999
 M207 3 1 0.400 0.59999999
 M208 3 1 0.626 0.37400001
 M209 3 1 0.537 0.46300000
 M210 3 1 0.217 0.78300001
 M211 3 1 0.507 0.49299997
 M212 3 1 0.559 0.44099998
 M213 3 1 0.531 0.46899998
 M214 3 1 0.577 0.42299998
 M215 3 1 0.081 0.91900000
 M216 3 1 0.582 0.41799998
 M217 3 1 0.315 0.68500000
 M218 3 1 0.407 0.59299999
 M219 3 1 0.812 0.18800002
 M220 3 1 0.083 0.91700000
 M221 3 1 0.684 0.31599998
 M222 3 1 0.050 0.95000000
 M223 3 1 0.783 0.21700001
 M224 3 1 0.440 0.56000000
 M225 3 1 0.248 0.75200000
 M226 3 1 0.397 0.60299999
 M227 3 1 0.296 0.70400000
 M228 3 1 0.434 0.56600001
 M229 3 1 0.543 0.45700002
 M230 3 1 0.457 0.54300001
 M231 3 1 0.150 0.84999999
 M232 3 1 0.368 0.63200000
 M233 3 1 0.174 0.82600001
 M234 3 1 0.381 0.61899999
 M235 3 1 0.395 0.60499999
 M236 3 1 0.105 0.89500000
 M237 3 1 0.829 0.17100000
 M238 3 1 0.354 0.64600000
 M239 3 1 0.467 0.53299999
 M240 3 1 0.778 0.22200000
 M241 3 1 0.760 0.24000001
 M242 3 1 0.594 0.40600002
 M243 3 1 0.311 0.68900001
 M244 3 1 0.318 0.68200001
 M245 3 1 0.915 0.08499998
 M246 3 1 0.057 0.94300000
 M247 3 1 0.883 0.11699998
 M248 3 1 0.798 0.20200002
 M249 3 1 0.858 0.14200002
 M250 3 1 0.522 0.47799999
 M251 3 1 0.480 0.52000001
 M252 3 1 0.920 0.07999998
 M253 3 1 0.835 0.16500002
 M254 3 1 0.211 0.78900000
 M255 3 1 0.810 0.19000000
 M256 3 1 0.881 0.11900002
 M257 3 1 0.219 0.78100000
 M258 3 1 0.410 0.59000000
 M259 3 1 0.813 0.18699998
 M260 3 1 0.842 0.15799999
 M261 3 1 0.238 0.76199999
 M262 3 1 0.749 0.25099999
 M263 3 1 0.444 0.55599999
 M264 3 1 0.212 0.78800000
 M265 3 1 0.217 0.78300001
 M266 3 1 0.803 0.19700003
 M267 3 1 0.852 0.14800000
 M268 3 1 0.775 0.22500002
 M269 3 1 0.762 0.23799998
 M270 3 1 0.352 0.64800000
 M271 3 1 0.492 0.50799999
 M272 3 1 0.098 0.90200000
 M273 3 1 0.728 0.27200001
 M274 3 1 0.299 0.70100001
 M275 3 1 0.657 0.34299999
 M276 3 1 0.405 0.59500000
 M277 3 1 0.590 0.41000003
 M278 3 1 0.384 0.61600000
 M279 3 1 0.209 0.79099999
 M280 3 1 0.844 0.15600002
 M281 3 1 0.346 0.65400001
 M282 3 1 0.321 0.67899999
 M283 3 1 0.504 0.49599999
 M284 3 1 0.705 0.29500002
 M285 3 1 0.246 0.75399999
 M286 3 1 0.823 0.17699999
 M287 3 1 0.463 0.53700000
 M288 3 1 0.476 0.52399999
 M289 3 1 0.497 0.50299999
 M290 3 1 0.475 0.52500001
 M291 3 1 0.771 0.22899997
 M292 3 1 0.728 0.27200001
 M293 3 1 0.617 0.38300002
 M294 3 1 0.827 0.17299998
 M295 3 1 0.135 0.86499999
 M296 3 1 0.277 0.72299999
 M297 3 1 0.240 0.76000001
 M298 3 1 0.521 0.47899997
 M299 3 1 0.220 0.78000000
 M300 3 1 0.326 0.67399999
 M301 3 1 0.261 0.73899999
 M302 3 1 0.410 0.59000000
 M303 3 1 0.108 0.89200000
 M304 3 1 0.870 0.13000000
 M305 3 1 0.450 0.55000001
 M306 3 1 0.662 0.33800000
 M307 3 1 0.648 0.35200000
 M308 3 1 0.388 0.61199999
 M309 3 1 0.662 0.33800000
 M310 3 1 0.796 0.20400000
 M311 3 1 0.530 0.47000003
 M312 3 1 0.686 0.31400001
 M313 3 1 0.685 0.31500000
 M314 3 1 0.274 0.72600001
 M315 3 1 0.486 0.51400000
 M316 3 1 0.470 0.53000000
 M317 3 1 0.599 0.40100002
 M318 3 1 0.558 0.44199997
 M319 3 1 0.657 0.34299999
 M320 3 1 0.635 0.36500001
 M321 3 1 0.814 0.18599999
 M322 3 1 0.451 0.54899999
 M323 3 1 0.376 0.62400001
 M324 3 1 0.349 0.65099999
 M325 3 1 0.509 0.49100000
 M326 3 1 0.188 0.81200001
 M327 3 1 0.170 0.83000000
 M328 3 1 0.690 0.31000000
 M329 3 1 0.161 0.83900000
 M330 3 1 0.755 0.24500000
 M331 3 1 0.325 0.67500001
 M332 3 1 0.175 0.82500000
 M333 3 1 0.722 0.27800000
 M334 3 1 0.867 0.13300002
 M335 3 1 0.642 0.35799998
 M336 3 1 0.723 0.27700001
 M337 3 1 0.408 0.59200001
 M338 3 1 0.259 0.74100000
 M339 3 1 0.479 0.52100000
 M340 3 1 0.369 0.63100001
 M341 3 1 0.770 0.23000002
 M342 3 1 0.882 0.11799997
 M343 3 1 0.475 0.52500001
 M344 3 1 0.624 0.37599999
 M345 3 1 0.856 0.14399999
 M346 3 1 0.435 0.56500000
 M347 3 1 0.432 0.56799999
 M348 3 1 0.320 0.68000001
 M349 3 1 0.222 0.77800000
 M350 3 1 0.499 0.50099999
 M351 3 1 0.412 0.58800000
 M352 3 1 0.522 0.47799999
 M353 3 1 0.920 0.07999998
 M354 3 1 0.520 0.48000002
 M355 3 1 0.430 0.56999999
 M356 3 1 0.811 0.18900001
 M357 3 1 0.329 0.67100000
 M358 3 1 0.425 0.57499999
 M359 3 1 0.888 0.11199999
 M360 3 1 0.337 0.66299999
 M361 3 1 0.240 0.76000001
 M362 3 1 0.901 0.09899998
 M363 3 1 0.230 0.77000000
 M364 3 1 0.782 0.21799999
 M365 3 1 0.730 0.26999998
 M366 3 1 0.337 0.66299999
 M367 3 1 0.473 0.52700001
 M368 3 1 0.630 0.37000000
 M369 3 1 0.309 0.69100001
 M370 3 1 0.196 0.80400001
 M371 3 1 0.195 0.80500001
 M372 3 1 0.174 0.82600001
 M373 3 1 0.438 0.56200001
 M374 3 1 0.297 0.70300001
 M375 3 1 0.554 0.44599998
 M376 3 1 0.249 0.75100000
 M377 3 1 0.862 0.13800001
 M378 3 1 0.167 0.83300000
 M379 3 1 0.499 0.50099999
 M380 3 1 0.468 0.53200001
 M381 3 1 0.192 0.80800000
 M382 3 1 0.135 0.86499999
 M383 3 1 0.284 0.71599999
 M384 3 1 0.499 0.50099999
 M385 3 1 0.607 0.39300001
 M386 3 1 0.798 0.20200002
 M387 3 1 0.364 0.63600001
 M388 3 1 0.637 0.36299998
 M389 3 1 0.686 0.31400001
 M390 3 1 0.749 0.25099999
 M391 3 1 0.416 0.58399999
 M392 3 1 0.446 0.55399999
 M393 3 1 0.730 0.26999998
 M394 3 1 0.697 0.30299997
 M395 3 1 0.318 0.68200001
 M396 3 1 0.262 0.73800001
 M397 3 1 0.192 0.80800000
 M398 3 1 0.146 0.85400000
 M399 3 1 0.594 0.40600002
 M400 3 1 0.557 0.44300002
 M401 3 1 0.268 0.73199999
 M402 3 1 0.395 0.60499999
 M403 3 1 0.260 0.74000001
 M404 3 1 0.092 0.90800000
 M405 3 1 0.338 0.66200000
 M406 3 1 0.828 0.17199999
 M407 3 1 0.239 0.76100001
 M408 3 1 0.372 0.62799999
 M409 3 1 0.462 0.53799999
 M410 3 1 0.487 0.51300001
 M411 3 1 0.121 0.87900000
 M412 3 1 0.104 0.89600000
 M413 3 1 0.949 0.05100000
 M414 3 1 0.732 0.26800001
 M415 3 1 0.591 0.40899998
 M416 3 1 0.661 0.33899999
 M417 3 1 0.701 0.29900002
 M418 3 1 0.430 0.56999999
 M419 3 1 0.315 0.68500000
 M420 3 1 0.319 0.68099999
 M421 3 1 0.235 0.76500000
 M422 3 1 0.791 0.20899999
 M423 3 1 0.891 0.10900003
 M424 3 1 0.534 0.46600002
 M425 3 1 0.838 0.16200000
 M426 3 1 0.477 0.52300000
 M427 3 1 0.386 0.61399999
 M428 3 1 0.446 0.55399999
 M429 3 1 0.927 0.07300001
 M430 3 1 0.424 0.57600001
 M431 3 1 0.824 0.17600000
 M432 3 1 0.141 0.85900000
 M433 3 1 0.182 0.81800000
 M434 3 1 0.341 0.65900001
 M435 3 1 0.147 0.85300000
 M436 3 1 0.636 0.36400002
 M437 3 1 0.276 0.72400001
 M438 3 1 0.196 0.80400001
 M439 3 1 0.798 0.20200002
 M440 3 1 0.441 0.55899999
 M441 3 1 0.724 0.27600002
 M442 3 1 0.782 0.21799999
 M443 3 1 0.385 0.61500001
 M444 3 1 0.123 0.87700000
 M445 3 1 0.485 0.51499999
 M446 3 1 0.124 0.87600000
 M447 3 1 0.153 0.84700000
 M448 3 1 0.942 0.05800003
 M449 3 2 0.362 0.63800001
 M450 3 2 0.637 0.36299998
 M451 3 2 0.406 0.59400001
 M452 3 2 0.350 0.65000001
 M453 3 2 0.067 0.93300000
 M454 3 2 0.119 0.88100000
 M455 3 2 0.790 0.20999998
 M456 3 2 0.164 0.83600000
 M457 3 2 0.726 0.27399999
 M458 3 2 0.453 0.54699999
 M459 3 2 0.155 0.84500000
 M460 3 2 0.510 0.49000001
 M461 3 2 0.449 0.55100000
 M462 3 2 0.321 0.67899999
 M463 3 2 0.273 0.72700000
 M464 3 2 0.674 0.32599998
 M465 3 2 0.248 0.75200000
 M466 3 2 0.798 0.20200002
 M467 3 2 0.214 0.78600000
 M468 3 2 0.228 0.77200000
 M469 3 2 0.684 0.31599998
 M470 3 2 0.316 0.68399999
 M471 3 2 0.465 0.53500000
 M472 3 2 0.252 0.74800000
 M473 3 2 0.973 0.02700001
 M474 3 2 0.311 0.68900001
 M475 3 2 0.372 0.62799999
 M476 3 2 0.349 0.65099999
 M477 3 2 0.578 0.42199999
 M478 3 2 0.469 0.53099999
 M479 3 2 0.898 0.10200000
 M480 3 2 0.218 0.78200001
 M481 3 2 0.798 0.20200002
 M482 3 2 0.253 0.74700001
 M483 3 2 0.186 0.81400000
 M484 3 2 0.581 0.41900003
 M485 3 2 0.932 0.06800002
 M486 3 2 0.209 0.79099999
 M487 3 2 0.785 0.21499997
 M488 3 2 0.867 0.13300002
 M489 3 2 0.646 0.35399997
 M490 3 2 0.883 0.11699998
 M491 3 2 0.828 0.17199999
 M492 3 2 0.944 0.05599999
 M493 3 2 0.890 0.11000001
 M494 3 2 0.589 0.41100001
 M495 3 2 0.110 0.89000000
 M496 3 2 0.250 0.75000000
 M497 3 2 0.237 0.76300000
 M498 3 2 0.429 0.57100001
 M499 3 2 0.633 0.36699998
 M500 3 2 0.338 0.66200000
 M501 3 2 0.389 0.61100000
 M502 3 2 0.079 0.92100000
 M503 3 2 0.261 0.73899999
 M504 3 2 0.268 0.73199999
 M505 3 2 0.048 0.95200000
 M506 3 2 0.514 0.48600000
 M507 3 2 0.481 0.51899999
 M508 3 2 0.805 0.19499999
 M509 3 2 0.866 0.13400000
 M510 3 2 0.230 0.77000000
 M511 3 2 0.093 0.90700000
 M512 3 2 0.626 0.37400001
 M513 3 2 0.254 0.74599999
 M514 3 2 0.454 0.54600000
 M515 3 2 0.629 0.37099999
 M516 3 2 0.359 0.64100000
 M517 3 2 0.378 0.62200001
 M518 3 2 0.494 0.50600001
 M519 3 2 0.084 0.91600000
 M520 3 2 0.894 0.10600001
 M521 3 2 0.965 0.03500003
 M522 3 2 0.544 0.45599997
 M523 3 2 0.523 0.47700000
 M524 3 2 0.260 0.74000001
 M525 3 2 0.430 0.56999999
 M526 3 2 0.740 0.25999999
 M527 3 2 0.198 0.80200000
 M528 3 2 0.380 0.62000000
 M529 3 2 0.544 0.45599997
 M530 3 2 0.448 0.55199999
 M531 3 2 0.272 0.72799999
 M532 3 2 0.587 0.41299999
 M533 3 2 0.325 0.67500001
 M534 3 2 0.344 0.65599999
 M535 3 2 0.095 0.90500000
 M536 3 2 0.209 0.79099999
 M537 3 2 0.658 0.34200001
 M538 3 2 0.649 0.35100001
 M539 3 2 0.903 0.09700000
 M540 3 2 0.776 0.22399998
 M541 3 2 0.244 0.75600000
 M542 3 2 0.560 0.44000000
 M543 3 2 0.527 0.47299999
 M544 3 2 0.331 0.66900000
 M545 3 2 0.671 0.32900000
 M546 3 2 0.338 0.66200000
 M547 3 2 0.460 0.53999999
 M548 3 2 0.604 0.39600003
 M549 3 2 0.829 0.17100000
 M550 3 2 0.697 0.30299997
 M551 3 2 0.318 0.68200001
 M552 3 2 0.444 0.55599999
 M553 3 2 0.439 0.56099999
 M554 3 2 0.903 0.09700000
 M555 3 2 0.652 0.34799999
 M556 3 2 0.908 0.09200001
 M557 3 2 0.485 0.51499999
 M558 3 2 0.477 0.52300000
 M559 3 2 0.447 0.55300000
 M560 3 2 0.545 0.45499998
 M561 3 2 0.010 0.99000000
 M562 3 2 0.242 0.75800000
 M563 3 2 0.695 0.30500001
 M564 3 2 0.105 0.89500000
 M565 3 2 0.922 0.07800001
 M566 3 2 0.639 0.36100000
 M567 3 2 0.487 0.51300001
 M568 3 2 0.291 0.70899999
 M569 3 2 0.046 0.95400000
 M570 3 2 0.109 0.89100000
 M571 3 2 0.054 0.94600000
 M572 3 2 0.948 0.05199999
 M573 3 2 0.867 0.13300002
 M574 3 2 0.515 0.48500001
 M575 3 2 0.339 0.66100001
 M576 3 2 0.491 0.50900000
 M577 3 2 0.329 0.67100000
 M578 3 2 0.861 0.13900000
 M579 3 2 0.314 0.68599999
 M580 3 2 0.508 0.49199998
 M581 3 2 0.164 0.83600000
 M582 3 2 0.276 0.72400001
 M583 3 2 0.032 0.96800000
 M584 3 2 0.840 0.16000003
 M585 3 2 0.333 0.66700000
 M586 3 2 0.367 0.63299999
 M587 3 2 0.125 0.87500000
 M588 3 2 0.710 0.29000002
 M589 3 2 0.626 0.37400001
 M590 3 2 0.479 0.52100000
 M591 3 2 0.613 0.38700002
 M592 3 2 0.196 0.80400001
 M593 3 2 0.592 0.40799999
 M594 3 2 0.113 0.88700000
 M595 3 2 0.646 0.35399997
 M596 3 2 0.601 0.39899999
 M597 3 2 0.745 0.25500000
 M598 3 2 0.870 0.13000000
 M599 3 2 0.352 0.64800000
 M600 3 2 0.409 0.59099999
 M601 3 2 0.611 0.38900000
 M602 3 2 0.192 0.80800000
 M603 3 2 0.645 0.35500002
 M604 3 2 0.836 0.16399997
 M605 3 2 0.438 0.56200001
 M606 3 2 0.826 0.17400002
 M607 3 2 0.858 0.14200002
 M608 3 2 0.666 0.33399999
 M609 3 2 0.428 0.57200000
 M610 3 2 0.640 0.36000001
 M611 3 2 0.716 0.28399998
 M612 3 2 0.211 0.78900000
 M613 3 2 0.396 0.60400000
 M614 3 2 0.604 0.39600003
 M615 3 2 0.303 0.69700000
 M616 3 2 0.237 0.76300000
 M617 3 2 0.452 0.54800001
 M618 3 2 0.382 0.61800000
 M619 3 2 0.630 0.37000000
 M620 3 2 0.579 0.42100000
 M621 3 2 0.760 0.24000001
 M622 3 2 0.282 0.71799999
 M623 3 2 0.307 0.69299999
 M624 3 2 0.500 0.50000000
 M625 3 2 0.306 0.69400001
 M626 3 2 0.812 0.18800002
 M627 3 2 0.938 0.06199998
 M628 3 2 0.354 0.64600000
 M629 3 2 0.621 0.37900001
 M630 3 2 0.164 0.83600000
 M631 3 2 0.271 0.72900000
 M632 3 2 0.758 0.24199998
 M633 3 2 0.942 0.05800003
 M634 3 2 0.270 0.72999999
 M635 3 2 0.763 0.23699999
 M636 3 2 0.263 0.73699999
 M637 3 2 0.638 0.36199999
 M638 3 2 0.198 0.80200000
 M639 3 2 0.545 0.45499998
 M640 3 2 0.336 0.66400000
 M641 3 2 0.041 0.95900000
 M642 3 2 0.198 0.80200000
 M643 3 2 0.663 0.33700001
 M644 3 2 0.600 0.39999998
 M645 3 2 0.069 0.93100000
 M646 3 2 0.722 0.27800000
 M647 3 2 0.288 0.71200001
 M648 3 2 0.373 0.62700000
 M649 3 2 0.269 0.73100001
 M650 3 2 0.956 0.04400003
 M651 3 2 0.600 0.39999998
 M652 3 2 0.651 0.34899998
 M653 3 2 0.698 0.30199999
 M654 3 2 0.576 0.42400002
 M655 3 2 0.904 0.09600002
 M656 3 2 0.487 0.51300001
 M657 3 2 0.691 0.30900002
 M658 3 2 0.535 0.46499997
 M659 3 2 0.811 0.18900001
 M660 3 2 0.603 0.39700001
 M661 3 2 0.535 0.46499997
 M662 3 2 0.229 0.77100000
 M663 3 2 0.748 0.25199997
 M664 3 2 0.196 0.80400001
 M665 3 2 0.580 0.42000002
 M666 3 2 0.138 0.86200000
 M667 3 2 0.216 0.78399999
 M668 3 2 0.249 0.75100000
 M669 3 2 0.226 0.77400000
 M670 3 2 0.287 0.71300000
 M671 3 2 0.483 0.51699999
 M672 3 2 0.767 0.23299998
 M673 3 2 0.264 0.73600000
 M674 3 2 0.749 0.25099999
 M675 3 2 0.607 0.39300001
 M676 3 2 0.276 0.72400001
 M677 3 2 0.805 0.19499999
 M678 3 2 0.773 0.22700000
 M679 3 2 0.312 0.68799999
 M680 3 2 0.477 0.52300000
 M681 3 2 0.706 0.29400003
 M682 3 2 0.139 0.86100000
 M683 3 2 0.499 0.50099999
 M684 3 2 0.195 0.80500001
 M685 3 2 0.804 0.19599998
 M686 3 2 0.366 0.63400000
 M687 3 2 0.569 0.43099999
 M688 3 2 0.505 0.49500000
 M689 3 2 0.490 0.50999999
 M690 3 2 0.975 0.02499998
 M691 3 2 0.590 0.41000003
 M692 3 2 0.363 0.63699999
 M693 3 2 0.496 0.50400001
 M694 3 2 0.646 0.35399997
 M695 3 2 0.300 0.69999999
 M696 3 2 0.230 0.77000000
 M697 3 2 0.416 0.58399999
 M698 3 2 0.395 0.60499999
 M699 3 2 0.654 0.34600002
 M700 3 2 0.852 0.14800000
 M701 3 2 0.637 0.36299998
 M702 3 2 0.202 0.79799999
 M703 3 2 0.561 0.43900001
 M704 3 2 0.537 0.46300000
 M705 3 2 0.434 0.56600001
 M706 3 2 0.760 0.24000001
 M707 3 2 0.899 0.10100001
 M708 3 2 0.718 0.28200001
 M709 3 2 0.392 0.60800001
 M710 3 2 0.215 0.78500000
 M711 3 2 0.257 0.74300000
 M712 3 2 0.341 0.65900001
 M713 3 2 0.361 0.63900000
 M714 3 2 0.711 0.28899997
 M715 3 2 0.431 0.56900001
 M716 3 2 0.429 0.57100001
 M717 3 2 0.534 0.46600002
 M718 3 2 0.457 0.54300001
 M719 3 2 0.368 0.63200000
 M720 3 2 0.290 0.71000001
 M721 3 2 0.638 0.36199999
 M722 3 2 0.606 0.39399999
 M723 3 2 0.054 0.94600000
 M724 3 2 0.643 0.35699999
 M725 3 2 0.294 0.70600000
 M726 3 2 0.412 0.58800000
 M727 3 2 0.769 0.23100001
 M728 3 2 0.202 0.79799999
 M729 3 2 0.732 0.26800001
 M730 3 2 0.328 0.67199999
 M731 3 2 0.333 0.66700000
 M732 3 2 0.388 0.61199999
 M733 3 2 0.784 0.21600002
 M734 3 2 0.491 0.50900000
 M735 3 2 0.437 0.56299999
 M736 3 2 0.578 0.42199999
 M737 3 2 0.909 0.09100002
 M738 3 2 0.572 0.42799997
 M739 3 2 0.160 0.84000000
 M740 3 2 0.309 0.69100001
 M741 3 2 0.540 0.45999998
 M742 3 2 0.473 0.52700001
 M743 3 2 0.402 0.59799999
 M744 3 2 0.878 0.12199998
 M745 3 2 0.661 0.33899999
 M746 3 2 0.616 0.38400000
 M747 3 2 0.319 0.68099999
 M748 3 2 0.827 0.17299998
 M749 3 2 0.066 0.93400000
 M750 3 2 0.268 0.73199999
 M751 3 2 0.380 0.62000000
 M752 3 2 0.101 0.89900000
 M753 3 2 0.407 0.59299999
 M754 3 2 0.550 0.44999999
 M755 3 2 0.494 0.50600001
 M756 3 2 0.529 0.47100002
 M757 3 2 0.193 0.80700000
 M758 3 2 0.354 0.64600000
 M759 3 2 0.500 0.50000000
 M760 3 2 0.728 0.27200001
 M761 3 2 0.088 0.91200000
 M762 3 2 0.630 0.37000000
 M763 3 2 0.553 0.44700003
 M764 3 2 0.504 0.49599999
 M765 3 2 0.518 0.48199999
 M766 3 2 0.512 0.48799998
 M767 3 2 0.346 0.65400001
 M768 3 2 0.519 0.48100001
 M769 3 2 0.281 0.71900001
 M770 3 2 0.862 0.13800001
 M771 3 2 0.788 0.21200001
 M772 3 2 0.291 0.70899999
 M773 3 2 0.156 0.84400000
 M774 3 2 0.917 0.08300000
 M775 3 2 0.105 0.89500000
 M776 3 2 0.339 0.66100001
 M777 3 2 0.859 0.14099997
 M778 3 2 0.306 0.69400001
 M779 3 2 0.136 0.86399999
 M780 3 2 0.438 0.56200001
 M781 3 2 0.792 0.20800000
 M782 3 2 0.141 0.85900000
 M783 3 2 0.564 0.43599999
 M784 3 2 0.598 0.40200001
 M785 3 2 0.321 0.67899999
 M786 3 2 0.884 0.11600000
 M787 3 2 0.510 0.49000001
 M788 3 2 0.176 0.82400000
 M789 3 2 0.359 0.64100000
 M790 3 2 0.864 0.13599998
 M791 3 2 0.052 0.94800000
 M792 3 2 0.462 0.53799999
 M793 3 2 0.435 0.56500000
 M794 3 2 0.349 0.65099999
 M795 3 2 0.367 0.63299999
 M796 3 2 0.464 0.53600001
 M797 3 2 0.186 0.81400000
 M798 3 2 0.832 0.16799998
 M799 3 2 0.368 0.63200000
 M800 3 2 0.682 0.31800002
 M801 3 2 0.473 0.52700001
 M802 3 2 0.495 0.50500000
 M803 3 2 0.712 0.28799999
 M804 3 2 0.840 0.16000003
 M805 3 2 0.684 0.31599998
 M806 3 2 0.445 0.55500001
 M807 3 2 0.108 0.89200000
 M808 3 2 0.183 0.81700000
 M809 3 2 0.682 0.31800002
 M810 3 2 0.441 0.55899999
 M811 3 2 0.548 0.45200002
 M812 3 2 0.818 0.18199998
 M813 3 2 0.607 0.39300001
 M814 3 2 0.681 0.31900001
 M815 3 2 0.803 0.19700003
 M816 3 2 0.803 0.19700003
 M817 3 2 0.315 0.68500000
 M818 3 2 0.108 0.89200000
 M819 3 2 0.701 0.29900002
 M820 3 2 0.185 0.81500000
 M821 3 2 0.551 0.44900000
 M822 3 2 0.579 0.42100000
 M823 3 2 0.527 0.47299999
 M824 3 2 0.484 0.51600000
 M825 3 2 0.776 0.22399998
 M826 3 2 0.423 0.57699999
 M827 3 2 0.456 0.54400000
 M828 3 2 0.493 0.50700000
 M829 3 2 0.804 0.19599998
 M830 3 2 0.523 0.47700000
 M831 3 2 0.417 0.58300000
 M832 3 2 0.497 0.50299999
 M833 3 2 0.736 0.26400000
 M834 3 2 0.114 0.88600000
 M835 3 2 0.795 0.20499998
 M836 3 2 0.735 0.26499999
 M837 3 2 0.447 0.55300000
 M838 3 2 0.718 0.28200001
 M839 3 2 0.192 0.80800000
 M840 3 2 0.307 0.69299999
 M841 3 2 0.335 0.66499999
 M842 3 2 0.824 0.17600000
 M843 3 2 0.725 0.27499998
 M844 3 2 0.500 0.50000000
 M845 3 2 0.327 0.67300001
 M846 3 2 0.095 0.90500000
 M847 3 2 0.805 0.19499999
 M848 3 2 0.362 0.63800001
 M849 3 2 0.053 0.94700000
 M850 3 2 0.544 0.45599997
 M851 3 2 0.352 0.64800000
 M852 3 2 0.959 0.04100001
 M853 3 2 0.486 0.51400000
 M854 3 2 0.861 0.13900000
 M855 3 2 0.699 0.30100000
 M856 3 2 0.389 0.61100000
 M857 3 2 0.489 0.51100001
 M858 3 2 0.385 0.61500001
 M859 3 2 0.857 0.14300001
 M860 3 2 0.276 0.72400001
 M861 3 2 0.532 0.46799999
 M862 3 2 0.297 0.70300001
 M863 3 2 0.523 0.47700000
 M864 3 2 0.500 0.50000000
 M865 3 2 0.067 0.93300000
 M866 3 2 0.835 0.16500002
 M867 3 2 0.177 0.82300000
 M868 3 2 0.603 0.39700001
 M869 3 2 0.537 0.46300000
 M870 3 2 0.808 0.19199997
 M871 3 2 0.054 0.94600000
 M872 3 2 0.546 0.45400000
 M873 3 2 0.155 0.84500000
 M874 3 2 0.212 0.78800000
 M875 3 2 0.744 0.25599998
 M876 3 2 0.481 0.51899999
 M877 3 2 0.087 0.91300000
 M878 3 2 0.398 0.60200000
 M879 3 2 0.941 0.05900002
 M880 3 2 0.577 0.42299998
 M881 3 2 0.438 0.56200001
 M882 3 2 0.485 0.51499999
 M883 3 2 0.538 0.46200001
 M884 3 2 0.805 0.19499999
 M885 3 2 0.792 0.20800000
 M886 3 2 0.392 0.60800001
 M887 3 2 0.272 0.72799999
 M888 3 2 0.532 0.46799999
 M889 3 2 0.281 0.71900001
 M890 3 2 0.110 0.89000000
 M891 3 2 0.622 0.37800002
 M892 3 2 0.725 0.27499998
 M893 3 2 0.517 0.48299998
 M894 3 2 0.346 0.65400001
 M895 3 2 0.699 0.30100000
 M896 3 2 0.509 0.49100000
 M897 3 2 0.651 0.34899998
 M898 3 2 0.941 0.05900002
 M899 3 2 0.525 0.47500002
 M900 3 2 0.380 0.62000000
 M901 3 2 0.422 0.57800001
 M902 3 2 0.721 0.27899998
 M903 3 2 0.329 0.67100000
 M904 3 2 0.421 0.57900000
 M905 3 2 0.379 0.62099999
 M906 3 2 0.371 0.62900001
 M907 3 2 0.191 0.80900000
 M908 3 2 0.470 0.53000000
 M909 3 2 0.754 0.24599999
 M910 3 2 0.885 0.11500001
 M911 3 2 0.149 0.85100000
 M912 3 2 0.567 0.43300003
 M913 3 2 0.684 0.31599998
 M914 3 2 0.579 0.42100000
 M915 3 2 0.474 0.52599999
 M916 3 2 0.221 0.77900000
 M917 3 2 0.420 0.58000001
 M918 3 2 0.602 0.39800000
 M919 3 2 0.151 0.84900001
 M920 3 2 0.281 0.71900001
 M921 3 2 0.105 0.89500000
 M922 3 2 0.108 0.89200000
 M923 3 2 0.185 0.81500000
 M924 3 2 0.535 0.46499997
 M925 3 2 0.474 0.52599999
 M926 3 2 0.403 0.59700000
 M927 3 2 0.258 0.74200001
 M928 3 2 0.827 0.17299998
 M929 3 2 0.115 0.88500000
 M930 3 2 0.561 0.43900001
 M931 3 2 0.565 0.43500000
 M932 3 2 0.738 0.26200002
 M933 3 2 0.113 0.88700000
 M934 3 2 0.160 0.84000000
 M935 3 2 0.499 0.50099999
 M936 3 2 0.329 0.67100000
 M937 3 2 0.928 0.07200003
 M938 3 2 0.487 0.51300001
 M939 3 2 0.570 0.43000001
 M940 3 2 0.767 0.23299998
 M941 3 2 0.840 0.16000003
 M942 3 2 0.270 0.72999999
 M943 3 2 0.242 0.75800000
 M944 3 2 0.065 0.93500000
 M945 3 2 0.893 0.10699999
 M946 3 2 0.069 0.93100000
 M947 3 2 0.764 0.23600000
 M948 3 2 0.947 0.05299997
 M949 3 2 0.859 0.14099997
 M950 3 2 0.397 0.60299999
 M951 3 2 0.226 0.77400000
 M952 3 2 0.547 0.45300001
 M953 3 2 0.901 0.09899998
 M954 3 2 0.242 0.75800000
 M955 3 2 0.342 0.65799999
 M956 3 2 0.360 0.63999999
 M957 3 2 0.294 0.70600000
 M958 3 2 0.636 0.36400002
 M959 3 2 0.434 0.56600001
 M960 3 2 0.197 0.80300000
 M961 3 2 0.823 0.17699999
 M962 3 2 0.452 0.54800001
 M963 3 2 0.175 0.82500000
 M964 3 2 0.571 0.42900002
 M965 3 2 0.539 0.46100003
 M966 3 2 0.851 0.14899999
 M967 3 2 0.049 0.95100000
 M968 3 2 0.383 0.61700001
 M969 3 2 0.289 0.71100000
 M970 3 2 0.756 0.24400002
 M971 3 2 0.304 0.69600001
 M972 3 2 0.749 0.25099999
 M973 3 2 0.603 0.39700001
 M974 3 2 0.163 0.83700000
 M975 3 2 0.226 0.77400000
 M976 3 2 0.653 0.34700000
 M977 3 2 0.161 0.83900000
 M978 3 2 0.494 0.50600001
 M979 3 2 0.481 0.51899999
 M980 3 2 0.837 0.16299999
 M981 3 2 0.405 0.59500000
 M982 3 2 0.195 0.80500001
 M983 3 2 0.268 0.73199999
 M984 3 2 0.747 0.25300002
 M985 3 2 0.300 0.69999999
 M986 3 2 0.522 0.47799999
 M987 3 2 0.611 0.38900000
 M988 3 2 0.682 0.31800002
 M989 3 2 0.693 0.30699998
 M990 3 2 0.221 0.77900000
 M991 3 2 0.485 0.51499999
 M992 3 2 0.296 0.70400000
 M993 3 2 0.615 0.38499999
 M994 3 2 0.474 0.52599999
 M995 3 2 0.902 0.09799999
 M996 3 2 0.456 0.54400000
 M997 3 2 0.628 0.37199998
 M998 3 2 0.475 0.52500001
 M999 3 2 0.384 0.61600000
M1000 3 2 0.911 0.08899999
M1001 3 2 0.675 0.32499999
M1002 3 2 0.210 0.79000001
M1003 3 2 0.627 0.37300003
M1004 3 2 0.074 0.92600000
M1005 3 2 0.300 0.69999999
M1006 3 2 0.810 0.19000000
M1007 3 2 0.381 0.61899999
M1008 3 2 0.967 0.03299999
M1009 3 2 0.469 0.53099999
M1010 3 2 0.275 0.72499999
M1011 3 2 0.881 0.11900002
M1012 3 2 0.687 0.31300002
M1013 3 2 0.475 0.52500001
M1014 3 2 0.749 0.25099999
M1015 3 2 0.581 0.41900003
M1016 3 2 0.849 0.15100002
M1017 3 2 0.068 0.93200000
M1018 3 2 0.816 0.18400002
M1019 3 2 0.693 0.30699998
M1020 3 2 0.712 0.28799999
M1021 3 2 0.217 0.78300001
M1022 3 2 0.481 0.51899999
M1023 3 2 0.845 0.15499997
M1024 3 2 0.575 0.42500001
M1025 3 2 0.491 0.50900000
M1026 3 2 0.270 0.72999999
M1027 3 2 0.248 0.75200000
M1028 3 2 0.577 0.42299998
M1029 3 2 0.635 0.36500001
M1030 3 2 0.143 0.85699999
M1031 3 2 0.197 0.80300000
M1032 3 2 0.521 0.47899997
M1033 3 2 0.705 0.29500002
M1034 3 2 0.453 0.54699999
M1035 3 2 0.436 0.56400001
M1036 3 2 0.524 0.47600001
M1037 3 2 0.514 0.48600000
M1038 3 2 0.475 0.52500001
M1039 3 2 0.737 0.26300001
M1040 3 2 0.155 0.84500000
M1041 3 2 0.542 0.45800000
M1042 3 2 0.332 0.66800001
M1043 3 2 0.156 0.84400000
M1044 3 2 0.542 0.45800000
M1045 3 2 0.161 0.83900000
M1046 3 2 0.632 0.36799997
M1047 3 2 0.830 0.17000002
M1048 3 2 0.711 0.28899997
M1049 3 2 0.452 0.54800001
M1050 3 2 0.415 0.58500001
M1051 3 2 0.063 0.93700000
M1052 3 2 0.522 0.47799999
M1053 3 2 0.445 0.55500001
M1054 3 2 0.867 0.13300002
M1055 3 2 0.215 0.78500000
M1056 3 2 0.793 0.20700002
M1057 3 2 0.050 0.95000000
M1058 3 2 0.890 0.11000001
M1059 3 2 0.757 0.24299997
M1060 3 2 0.327 0.67300001
M1061 3 2 0.668 0.33200002
M1062 3 2 0.891 0.10900003
M1063 3 2 0.234 0.76600000
M1064 3 2 0.253 0.74700001
M1065 3 2 0.794 0.20599997
M1066 3 2 0.161 0.83900000
M1067 3 2 0.376 0.62400001
M1068 3 2 0.450 0.55000001
M1069 3 2 0.177 0.82300000
M1070 3 2 0.204 0.79600000
M1071 3 2 0.832 0.16799998
M1072 3 2 0.386 0.61399999
M1073 3 2 0.857 0.14300001
M1074 3 2 0.583 0.41700000
M1075 3 2 0.190 0.81000000
M1076 3 2 0.146 0.85400000
M1077 3 2 0.714 0.28600001
M1078 3 2 0.535 0.46499997
M1079 3 2 0.393 0.60699999
M1080 3 2 0.386 0.61399999
M1081 3 2 0.483 0.51699999
M1082 3 2 0.663 0.33700001
M1083 3 2 0.485 0.51499999
M1084 3 2 0.975 0.02499998
M1085 3 2 0.568 0.43199998
M1086 3 2 0.453 0.54699999
M1087 3 2 0.538 0.46200001
M1088 3 2 0.463 0.53700000
M1089 3 2 0.409 0.59099999
M1090 3 2 0.471 0.52900001
M1091 3 2 0.273 0.72700000
M1092 3 2 0.520 0.48000002
M1093 3 2 0.128 0.87199999
M1094 3 2 0.380 0.62000000
M1095 3 2 0.367 0.63299999
M1096 3 2 0.688 0.31199998
M1097 3 2 0.250 0.75000000
M1098 3 2 0.620 0.38000000
M1099 3 2 0.143 0.85699999
M1100 3 2 0.169 0.83100000
M1101 3 2 0.889 0.11100000
M1102 3 2 0.392 0.60800001
M1103 3 2 0.269 0.73100001
M1104 3 2 0.336 0.66400000
M1105 3 2 0.531 0.46899998
M1106 3 2 0.624 0.37599999
M1107 3 2 0.338 0.66200000
M1108 3 2 0.403 0.59700000
M1109 3 2 0.575 0.42500001
M1110 3 2 0.514 0.48600000
M1111 3 2 0.703 0.29699999
M1112 3 2 0.335 0.66499999
M1113 3 2 0.551 0.44900000
M1114 3 2 0.447 0.55300000
M1115 3 2 0.613 0.38700002
M1116 3 2 0.847 0.15300000
M1117 3 2 0.836 0.16399997
M1118 3 2 0.312 0.68799999
M1119 3 2 0.322 0.67800000
M1120 3 2 0.182 0.81800000
M1121 3 2 0.151 0.84900001
M1122 3 2 0.679 0.32099998
M1123 3 2 0.770 0.23000002
M1124 3 2 0.163 0.83700000
M1125 3 2 0.357 0.64300001
M1126 3 2 0.327 0.67300001
M1127 3 2 0.417 0.58300000
M1128 3 2 0.879 0.12099999
M1129 3 2 0.145 0.85500000
M1130 3 2 0.800 0.19999999
M1131 3 2 0.854 0.14600003
M1132 3 2 0.608 0.39200002
M1133 3 2 0.754 0.24599999
M1134 3 2 0.791 0.20899999
M1135 3 2 0.704 0.29600000
M1136 3 2 0.632 0.36799997
M1137 3 2 0.506 0.49400002
M1138 3 2 0.383 0.61700001
M1139 3 2 0.363 0.63699999
M1140 3 2 0.758 0.24199998
M1141 3 2 0.431 0.56900001
M1142 3 2 0.920 0.07999998
M1143 3 2 0.686 0.31400001
M1144 3 2 0.743 0.25700003
M1145 3 2 0.854 0.14600003
M1146 3 2 0.567 0.43300003
M1147 3 2 0.883 0.11699998
M1148 3 2 0.162 0.83800000
M1149 3 2 0.439 0.56099999
M1150 3 2 0.289 0.71100000
M1151 3 2 0.615 0.38499999
M1152 3 2 0.444 0.55599999
M1153 3 2 0.233 0.76700000
M1154 3 2 0.821 0.17900002
M1155 3 2 0.090 0.91000000
M1156 3 2 0.912 0.08800000
M1157 3 2 0.496 0.50400001
M1158 3 2 0.215 0.78500000
M1159 3 2 0.701 0.29900002
M1160 3 2 0.599 0.40100002
M1161 3 2 0.632 0.36799997
M1162 3 2 0.847 0.15300000
M1163 3 2 0.575 0.42500001
M1164 3 2 0.787 0.21300000
M1165 3 2 0.658 0.34200001
M1166 3 2 0.716 0.28399998
M1167 3 2 0.933 0.06699997
M1168 3 2 0.193 0.80700000
M1169 3 2 0.429 0.57100001
M1170 3 2 0.892 0.10799998
M1171 3 2 0.875 0.12500000
M1172 3 2 0.646 0.35399997
M1173 3 2 0.555 0.44499999
M1174 3 2 0.485 0.51499999
M1175 3 2 0.633 0.36699998
M1176 3 2 0.082 0.91800000
M1177 3 2 0.824 0.17600000
M1178 3 2 0.938 0.06199998
M1179 3 2 0.592 0.40799999
M1180 3 2 0.728 0.27200001
M1181 3 2 0.372 0.62799999
M1182 3 2 0.681 0.31900001
M1183 3 2 0.264 0.73600000
M1184 3 2 0.401 0.59900001
M1185 3 2 0.276 0.72400001
M1186 3 2 0.600 0.39999998
M1187 3 2 0.481 0.51899999
M1188 3 2 0.119 0.88100000
M1189 3 2 0.449 0.55100000
M1190 3 2 0.696 0.30400002
M1191 3 2 0.709 0.29100001
M1192 3 2 0.192 0.80800000
M1193 3 2 0.498 0.50200000
M1194 3 2 0.624 0.37599999
M1195 3 2 0.880 0.12000000
M1196 3 2 0.470 0.53000000
M1197 3 2 0.335 0.66499999
M1198 3 2 0.400 0.59999999
M1199 3 2 0.449 0.55100000
M1200 3 2 0.784 0.21600002
M1201 3 2 0.801 0.19900000
M1202 3 2 0.392 0.60800001
M1203 3 2 0.704 0.29600000
M1204 3 2 0.421 0.57900000
M1205 3 2 0.923 0.07700002
M1206 3 2 0.234 0.76600000
M1207 3 2 0.816 0.18400002
M1208 3 2 0.894 0.10600001
M1209 3 2 0.877 0.12300003
M1210 3 2 0.653 0.34700000
M1211 3 2 0.606 0.39399999
M1212 3 2 0.349 0.65099999
M1213 3 2 0.559 0.44099998
M1214 3 2 0.901 0.09899998
M1215 3 2 0.302 0.69800001
M1216 3 2 0.186 0.81400000
M1217 3 2 0.154 0.84600000
M1218 3 2 0.751 0.24900001
M1219 3 2 0.191 0.80900000
M1220 3 2 0.640 0.36000001
M1221 3 2 0.773 0.22700000
M1222 3 2 0.809 0.19099998
M1223 3 2 0.291 0.70899999
M1224 3 2 0.368 0.63200000
M1225 3 2 0.273 0.72700000
M1226 3 2 0.902 0.09799999
M1227 3 2 0.478 0.52200001
M1228 3 2 0.329 0.67100000
M1229 3 2 0.307 0.69299999
M1230 3 2 0.471 0.52900001
M1231 3 2 0.550 0.44999999
M1232 3 2 0.113 0.88700000
M1233 3 2 0.671 0.32900000
M1234 3 2 0.738 0.26200002
M1235 3 2 0.604 0.39600003
M1236 3 2 0.273 0.72700000
M1237 3 2 0.578 0.42199999
M1238 3 2 0.267 0.73300001
M1239 3 2 0.829 0.17100000
M1240 3 2 0.116 0.88400000
M1241 3 2 0.063 0.93700000
M1242 3 2 0.830 0.17000002
M1243 3 2 0.744 0.25599998
M1244 3 2 0.718 0.28200001
M1245 3 2 0.543 0.45700002
M1246 3 2 0.228 0.77200000
M1247 3 2 0.240 0.76000001
M1248 3 2 0.149 0.85100000
M1249 3 2 0.469 0.53099999
M1250 3 2 0.649 0.35100001
M1251 3 2 0.525 0.47500002
M1252 3 2 0.898 0.10200000
M1253 3 2 0.406 0.59400001
M1254 3 2 0.582 0.41799998
M1255 3 2 0.323 0.67699999
M1256 3 2 0.913 0.08700001
M1257 3 2 0.739 0.26099998
M1258 3 2 0.284 0.71599999
M1259 3 2 0.475 0.52500001
M1260 3 2 0.578 0.42199999
M1261 3 2 0.441 0.55899999
M1262 3 2 0.877 0.12300003
M1263 3 2 0.897 0.10299999
M1264 3 2 0.533 0.46700001
M1265 3 2 0.251 0.74900001
M1266 3 2 0.082 0.91800000
M1267 3 2 0.613 0.38700002
M1268 3 2 0.875 0.12500000
M1269 3 2 0.625 0.37500000
M1270 3 2 0.728 0.27200001
M1271 3 2 0.513 0.48699999
M1272 3 2 0.636 0.36400002
M1273 3 2 0.844 0.15600002
M1274 3 2 0.478 0.52200001
M1275 3 2 0.528 0.47200000
M1276 3 2 0.375 0.62500000
M1277 3 2 0.614 0.38599998
M1278 3 2 0.698 0.30199999
M1279 3 2 0.511 0.48900002
M1280 3 2 0.217 0.78300001
M1281 3 2 0.657 0.34299999
M1282 3 2 0.934 0.06599998
M1283 3 2 0.286 0.71399999
M1284 3 2 0.479 0.52100000
M1285 3 2 0.291 0.70899999
M1286 3 2 0.375 0.62500000
M1287 3 2 0.652 0.34799999
M1288 3 2 0.383 0.61700001
M1289 3 2 0.233 0.76700000
M1290 3 2 0.863 0.13700002
M1291 3 2 0.588 0.41200000
M1292 3 2 0.322 0.67800000
M1293 3 2 0.429 0.57100001
M1294 3 2 0.478 0.52200001
M1295 3 2 0.543 0.45700002
M1296 3 2 0.944 0.05599999
M1297 3 2 0.825 0.17500001
M1298 3 2 0.237 0.76300000
M1299 3 2 0.097 0.90300000
M1300 3 2 0.237 0.76300000
M1301 3 2 0.511 0.48900002
M1302 3 2 0.485 0.51499999
M1303 3 2 0.655 0.34500003
M1304 3 2 0.541 0.45899999
M1305 3 2 0.290 0.71000001
M1306 3 2 0.711 0.28899997
M1307 3 2 0.784 0.21600002
M1308 3 2 0.221 0.77900000
M1309 3 2 0.824 0.17600000
M1310 3 2 0.055 0.94500000
M1311 3 2 0.775 0.22500002
M1312 3 2 0.110 0.89000000
M1313 3 2 0.109 0.89100000
M1314 3 2 0.447 0.55300000
M1315 3 2 0.635 0.36500001
M1316 3 2 0.305 0.69499999
M1317 3 2 0.625 0.37500000
M1318 3 2 0.831 0.16900003
M1319 3 2 0.468 0.53200001
M1320 3 2 0.550 0.44999999
M1321 3 2 0.459 0.54100001
M1322 3 2 0.597 0.40300000
M1323 3 2 0.497 0.50299999
M1324 3 2 0.600 0.39999998
M1325 3 2 0.838 0.16200000
M1326 3 2 0.650 0.35000002
M1327 3 2 0.101 0.89900000
M1328 3 2 0.627 0.37300003
M1329 3 2 0.404 0.59599999
M1330 3 2 0.057 0.94300000
M1331 3 2 0.832 0.16799998
M1332 3 2 0.747 0.25300002
M1333 3 2 0.349 0.65099999
M1334 3 2 0.494 0.50600001
M1335 3 2 0.153 0.84700000
M1336 3 2 0.707 0.29299998
M1337 3 2 0.478 0.52200001
M1338 3 2 0.649 0.35100001
M1339 3 2 0.857 0.14300001
M1340 3 2 0.120 0.88000000
M1341 3 2 0.161 0.83900000
M1342 3 2 0.505 0.49500000
M1343 3 2 0.779 0.22100002
M1344 3 2 0.935 0.06500000
M1345 3 2 0.769 0.23100001
M1346 3 2 0.288 0.71200001
M1347 3 2 0.076 0.92400000
M1348 3 2 0.170 0.83000000
M1349 3 2 0.356 0.64399999
M1350 3 2 0.793 0.20700002
M1351 3 2 0.467 0.53299999
M1352 3 2 0.154 0.84600000
M1353 3 2 0.606 0.39399999
M1354 3 2 0.687 0.31300002
M1355 3 2 0.771 0.22899997
M1356 3 2 0.872 0.12800002
M1357 3 2 0.656 0.34399998
M1358 3 2 0.427 0.57300001
M1359 3 2 0.321 0.67899999
M1360 3 2 0.411 0.58899999
M1361 3 3 0.775 0.22500002
M1362 3 3 0.684 0.31599998
M1363 3 3 0.812 0.18800002
M1364 3 3 0.173 0.82700001
M1365 3 3 0.182 0.81800000
M1366 3 3 0.789 0.21100003
M1367 3 3 0.453 0.54699999
M1368 3 3 0.528 0.47200000
M1369 3 3 0.598 0.40200001
M1370 3 3 0.788 0.21200001
M1371 3 3 0.650 0.35000002
M1372 3 3 0.681 0.31900001
M1373 3 3 0.895 0.10500002
M1374 3 3 0.717 0.28299999
M1375 3 3 0.743 0.25700003
M1376 3 3 0.516 0.48400003
M1377 3 3 0.222 0.77800000
M1378 3 3 0.838 0.16200000
M1379 3 3 0.124 0.87600000
M1380 3 3 0.353 0.64700001
M1381 3 3 0.098 0.90200000
M1382 3 3 0.829 0.17100000
M1383 3 3 0.687 0.31300002
M1384 3 3 0.942 0.05800003
M1385 3 3 0.358 0.64199999
M1386 3 3 0.907 0.09299999
M1387 3 3 0.692 0.30800003
M1388 3 3 0.765 0.23500001
M1389 3 3 0.154 0.84600000
M1390 3 3 0.142 0.85800000
M1391 3 3 0.052 0.94800000
M1392 3 3 0.609 0.39099997
M1393 3 3 0.178 0.82200000
M1394 3 3 0.370 0.63000000
M1395 3 3 0.638 0.36199999
M1396 3 3 0.685 0.31500000
M1397 3 3 0.881 0.11900002
M1398 3 3 0.204 0.79600000
M1399 3 3 0.912 0.08800000
M1400 3 3 0.133 0.86700000
M1401 3 3 0.625 0.37500000
M1402 3 3 0.536 0.46399999
M1403 3 3 0.577 0.42299998
M1404 3 3 0.383 0.61700001
M1405 3 3 0.194 0.80599999
M1406 3 3 0.233 0.76700000
M1407 3 3 0.323 0.67699999
M1408 3 3 0.595 0.40499997
M1409 3 3 0.183 0.81700000
M1410 3 3 0.213 0.78700000
M1411 3 3 0.245 0.75500000
M1412 3 3 0.052 0.94800000
M1413 3 3 0.812 0.18800002
M1414 3 3 0.081 0.91900000
M1415 3 3 0.214 0.78600000
M1416 3 3 0.575 0.42500001
M1417 3 3 0.530 0.47000003
M1418 3 3 0.210 0.79000001
M1419 3 3 0.863 0.13700002
M1420 3 3 0.461 0.53900000
M1421 3 3 0.458 0.54200000
M1422 3 3 0.863 0.13700002
M1423 3 3 0.283 0.71700001
M1424 3 3 0.086 0.91400000
M1425 3 3 0.434 0.56600001
M1426 3 3 0.243 0.75700000
M1427 3 3 0.289 0.71100000
M1428 3 3 0.910 0.08999997
M1429 3 3 0.213 0.78700000
M1430 3 3 0.651 0.34899998
M1431 3 3 0.736 0.26400000
M1432 3 3 0.654 0.34600002
M1433 3 3 0.746 0.25400001
M1434 3 3 0.216 0.78399999
M1435 3 3 0.457 0.54300001
M1436 3 3 0.872 0.12800002
M1437 3 3 0.281 0.71900001
M1438 3 3 0.797 0.20300001
M1439 3 3 0.244 0.75600000
M1440 3 3 0.680 0.31999999
M1441 3 3 0.235 0.76500000
M1442 3 3 0.195 0.80500001
M1443 3 3 0.404 0.59599999
M1444 3 3 0.631 0.36900002
M1445 3 3 0.580 0.42000002
M1446 3 3 0.523 0.47700000
M1447 3 3 0.519 0.48100001
M1448 3 3 0.920 0.07999998
M1449 3 3 0.281 0.71900001
M1450 3 3 0.406 0.59400001
M1451 3 3 0.346 0.65400001
M1452 3 3 0.688 0.31199998
M1453 3 3 0.403 0.59700000
M1454 3 3 0.309 0.69100001
M1455 3 3 0.711 0.28899997
M1456 3 3 0.413 0.58700001
M1457 3 3 0.855 0.14499998
M1458 3 3 0.461 0.53900000
M1459 3 3 0.854 0.14600003
M1460 3 3 0.468 0.53200001
M1461 3 3 0.622 0.37800002
M1462 3 3 0.575 0.42500001
M1463 3 3 0.741 0.25900000
M1464 3 3 0.508 0.49199998
M1465 3 3 0.667 0.33300000
M1466 3 3 0.623 0.37699997
M1467 3 3 0.920 0.07999998
M1468 3 3 0.762 0.23799998
M1469 3 3 0.694 0.30599999
M1470 3 3 0.834 0.16600001
M1471 3 3 0.217 0.78300001
M1472 3 3 0.860 0.13999999
M1473 3 3 0.307 0.69299999
M1474 3 3 0.737 0.26300001
M1475 3 3 0.183 0.81700000
M1476 3 3 0.717 0.28299999
M1477 3 3 0.332 0.66800001
M1478 3 3 0.717 0.28299999
M1479 3 3 0.158 0.84199999
M1480 3 3 0.715 0.28500003
M1481 3 3 0.566 0.43400002
M1482 3 3 0.586 0.41399997
M1483 3 3 0.134 0.86600000
M1484 3 3 0.298 0.70199999
M1485 3 3 0.196 0.80400001
M1486 3 3 0.632 0.36799997
M1487 3 3 0.336 0.66400000
M1488 3 3 0.145 0.85500000
M1489 3 3 0.761 0.23900002
M1490 3 3 0.570 0.43000001
M1491 3 3 0.554 0.44599998
M1492 3 3 0.355 0.64500001
M1493 3 3 0.411 0.58899999
M1494 3 3 0.570 0.43000001
M1495 3 3 0.341 0.65900001
M1496 3 3 0.205 0.79500000
M1497 3 3 0.099 0.90100000
M1498 3 3 0.703 0.29699999
M1499 3 3 0.903 0.09700000
M1500 3 3 0.747 0.25300002
M1501 3 3 0.782 0.21799999
M1502 3 3 0.353 0.64700001
M1503 3 3 0.570 0.43000001
M1504 3 3 0.369 0.63100001
M1505 3 3 0.788 0.21200001
M1506 3 3 0.133 0.86700000
M1507 3 3 0.894 0.10600001
M1508 3 3 0.333 0.66700000
M1509 3 3 0.650 0.35000002
M1510 3 3 0.162 0.83800000
M1511 3 3 0.514 0.48600000
M1512 3 3 0.738 0.26200002
M1513 3 3 0.700 0.30000001
M1514 3 3 0.971 0.02899998
M1515 3 3 0.020 0.98000000
M1516 3 3 0.737 0.26300001
M1517 3 3 0.872 0.12800002
M1518 3 3 0.868 0.13200003
M1519 3 3 0.127 0.87300000
M1520 3 3 0.238 0.76199999
M1521 3 3 0.503 0.49699998
M1522 3 3 0.680 0.31999999
M1523 3 3 0.886 0.11400002
M1524 3 3 0.036 0.96400000
M1525 3 3 0.970 0.02999997
M1526 3 3 0.868 0.13200003
M1527 3 3 0.276 0.72400001
M1528 3 3 0.406 0.59400001
M1529 3 3 0.429 0.57100001
M1530 3 3 0.034 0.96600000
M1531 3 3 0.211 0.78900000
M1532 3 3 0.600 0.39999998
M1533 3 3 0.583 0.41700000
M1534 3 3 0.572 0.42799997
M1535 3 3 0.340 0.66000000
M1536 3 3 0.244 0.75600000
M1537 3 3 0.252 0.74800000
M1538 3 3 0.219 0.78100000
M1539 3 3 0.145 0.85500000
M1540 3 3 0.542 0.45800000
M1541 3 3 0.649 0.35100001
M1542 3 3 0.295 0.70500001
M1543 3 3 0.514 0.48600000
M1544 3 3 0.248 0.75200000
M1545 3 3 0.660 0.33999997
M1546 3 3 0.290 0.71000001
M1547 3 3 0.658 0.34200001
M1548 3 3 0.096 0.90400000
M1549 3 3 0.301 0.69900000
M1550 3 3 0.217 0.78300001
M1551 3 3 0.509 0.49100000
M1552 3 3 0.658 0.34200001
M1553 3 3 0.620 0.38000000
M1554 3 3 0.048 0.95200000
M1555 3 3 0.273 0.72700000
M1556 3 3 0.936 0.06400001
M1557 3 3 0.529 0.47100002
M1558 3 3 0.229 0.77100000
M1559 3 3 0.822 0.17799997
M1560 3 3 0.421 0.57900000
M1561 3 3 0.056 0.94400000
M1562 3 3 0.684 0.31599998
M1563 3 3 0.848 0.15200001
M1564 3 3 0.099 0.90100000
M1565 3 3 0.340 0.66000000
M1566 3 3 0.814 0.18599999
M1567 3 3 0.767 0.23299998
M1568 3 3 0.727 0.27300000
M1569 3 3 0.445 0.55500001
M1570 3 3 0.894 0.10600001
M1571 3 3 0.424 0.57600001
M1572 3 3 0.380 0.62000000
M1573 3 3 0.121 0.87900000
M1574 3 3 0.177 0.82300000
M1575 3 3 0.187 0.81299999
M1576 3 3 0.214 0.78600000
M1577 3 3 0.675 0.32499999
M1578 3 3 0.271 0.72900000
M1579 3 3 0.114 0.88600000
M1580 3 3 0.925 0.07499999
M1581 3 3 0.835 0.16500002
M1582 3 3 0.726 0.27399999
M1583 3 3 0.571 0.42900002
M1584 3 3 0.871 0.12900001
M1585 3 3 0.502 0.49800003
M1586 3 3 0.835 0.16500002
M1587 3 3 0.511 0.48900002
M1588 3 3 0.844 0.15600002
M1589 3 3 0.614 0.38599998
M1590 3 3 0.502 0.49800003
M1591 3 3 0.601 0.39899999
