ID Generation Chr Freq.Allele1 Freq.Allele2
   M1 4 1 0.316 0.68399999
   M2 4 1 0.749 0.25099999
   M3 4 1 0.668 0.33200002
   M4 4 1 0.141 0.85900000
   M5 4 1 0.100 0.90000000
   M6 4 1 0.283 0.71700001
   M7 4 1 0.859 0.14099997
   M8 4 1 0.941 0.05900002
   M9 4 1 0.265 0.73500001
  M10 4 1 0.169 0.83100000
  M11 4 1 0.891 0.10900003
  M12 4 1 0.691 0.30900002
  M13 4 1 0.449 0.55100000
  M14 4 1 0.077 0.92300000
  M15 4 1 0.625 0.37500000
  M16 4 1 0.512 0.48799998
  M17 4 1 0.878 0.12199998
  M18 4 1 0.732 0.26800001
  M19 4 1 0.757 0.24299997
  M20 4 1 0.264 0.73600000
  M21 4 1 0.125 0.87500000
  M22 4 1 0.328 0.67199999
  M23 4 1 0.307 0.69299999
  M24 4 1 0.580 0.42000002
  M25 4 1 0.042 0.95800000
  M26 4 1 0.223 0.77700000
  M27 4 1 0.241 0.75900000
  M28 4 1 0.597 0.40300000
  M29 4 1 0.482 0.51800001
  M30 4 1 0.427 0.57300001
  M31 4 1 0.460 0.53999999
  M32 4 1 0.286 0.71399999
  M33 4 1 0.525 0.47500002
  M34 4 1 0.744 0.25599998
  M35 4 1 0.440 0.56000000
  M36 4 1 0.138 0.86200000
  M37 4 1 0.324 0.67600000
  M38 4 1 0.699 0.30100000
  M39 4 1 0.703 0.29699999
  M40 4 1 0.944 0.05599999
  M41 4 1 0.723 0.27700001
  M42 4 1 0.321 0.67899999
  M43 4 1 0.345 0.65500000
  M44 4 1 0.798 0.20200002
  M45 4 1 0.140 0.86000000
  M46 4 1 0.855 0.14499998
  M47 4 1 0.728 0.27200001
  M48 4 1 0.312 0.68799999
  M49 4 1 0.453 0.54699999
  M50 4 1 0.453 0.54699999
  M51 4 1 0.484 0.51600000
  M52 4 1 0.422 0.57800001
  M53 4 1 0.046 0.95400000
  M54 4 1 0.402 0.59799999
  M55 4 1 0.935 0.06500000
  M56 4 1 0.897 0.10299999
  M57 4 1 0.335 0.66499999
  M58 4 1 0.754 0.24599999
  M59 4 1 0.201 0.79899999
  M60 4 1 0.041 0.95900000
  M61 4 1 0.578 0.42199999
  M62 4 1 0.249 0.75100000
  M63 4 1 0.364 0.63600001
  M64 4 1 0.315 0.68500000
  M65 4 1 0.725 0.27499998
  M66 4 1 0.451 0.54899999
  M67 4 1 0.608 0.39200002
  M68 4 1 0.197 0.80300000
  M69 4 1 0.557 0.44300002
  M70 4 1 0.475 0.52500001
  M71 4 1 0.352 0.64800000
  M72 4 1 0.648 0.35200000
  M73 4 1 0.723 0.27700001
  M74 4 1 0.337 0.66299999
  M75 4 1 0.920 0.07999998
  M76 4 1 0.197 0.80300000
  M77 4 1 0.840 0.16000003
  M78 4 1 0.895 0.10500002
  M79 4 1 0.386 0.61399999
  M80 4 1 0.275 0.72499999
  M81 4 1 0.195 0.80500001
  M82 4 1 0.368 0.63200000
  M83 4 1 0.505 0.49500000
  M84 4 1 0.674 0.32599998
  M85 4 1 0.548 0.45200002
  M86 4 1 0.386 0.61399999
  M87 4 1 0.458 0.54200000
  M88 4 1 0.554 0.44599998
  M89 4 1 0.241 0.75900000
  M90 4 1 0.868 0.13200003
  M91 4 1 0.035 0.96500000
  M92 4 1 0.181 0.81900001
  M93 4 1 0.333 0.66700000
  M94 4 1 0.451 0.54899999
  M95 4 1 0.723 0.27700001
  M96 4 1 0.918 0.08200002
  M97 4 1 0.256 0.74399999
  M98 4 1 0.558 0.44199997
  M99 4 1 0.268 0.73199999
 M100 4 1 0.494 0.50600001
 M101 4 1 0.088 0.91200000
 M102 4 1 0.372 0.62799999
 M103 4 1 0.248 0.75200000
 M104 4 1 0.693 0.30699998
 M105 4 1 0.485 0.51499999
 M106 4 1 0.354 0.64600000
 M107 4 1 0.766 0.23400003
 M108 4 1 0.201 0.79899999
 M109 4 1 0.235 0.76500000
 M110 4 1 0.393 0.60699999
 M111 4 1 0.202 0.79799999
 M112 4 1 0.277 0.72299999
 M113 4 1 0.654 0.34600002
 M114 4 1 0.426 0.57400000
 M115 4 1 0.342 0.65799999
 M116 4 1 0.478 0.52200001
 M117 4 1 0.391 0.60900000
 M118 4 1 0.586 0.41399997
 M119 4 1 0.830 0.17000002
 M120 4 1 0.357 0.64300001
 M121 4 1 0.707 0.29299998
 M122 4 1 0.556 0.44400001
 M123 4 1 0.535 0.46499997
 M124 4 1 0.949 0.05100000
 M125 4 1 0.703 0.29699999
 M126 4 1 0.554 0.44599998
 M127 4 1 0.904 0.09600002
 M128 4 1 0.055 0.94500000
 M129 4 1 0.166 0.83400001
 M130 4 1 0.705 0.29500002
 M131 4 1 0.044 0.95600000
 M132 4 1 0.427 0.57300001
 M133 4 1 0.958 0.04200000
 M134 4 1 0.644 0.35600001
 M135 4 1 0.300 0.69999999
 M136 4 1 0.401 0.59900001
 M137 4 1 0.330 0.66999999
 M138 4 1 0.578 0.42199999
 M139 4 1 0.599 0.40100002
 M140 4 1 0.253 0.74700001
 M141 4 1 0.888 0.11199999
 M142 4 1 0.336 0.66400000
 M143 4 1 0.421 0.57900000
 M144 4 1 0.530 0.47000003
 M145 4 1 0.893 0.10699999
 M146 4 1 0.636 0.36400002
 M147 4 1 0.478 0.52200001
 M148 4 1 0.674 0.32599998
 M149 4 1 0.829 0.17100000
 M150 4 1 0.543 0.45700002
 M151 4 1 0.717 0.28299999
 M152 4 1 0.061 0.93900000
 M153 4 1 0.167 0.83300000
 M154 4 1 0.156 0.84400000
 M155 4 1 0.177 0.82300000
 M156 4 1 0.740 0.25999999
 M157 4 1 0.895 0.10500002
 M158 4 1 0.748 0.25199997
 M159 4 1 0.471 0.52900001
 M160 4 1 0.247 0.75300001
 M161 4 1 0.264 0.73600000
 M162 4 1 0.675 0.32499999
 M163 4 1 0.933 0.06699997
 M164 4 1 0.070 0.93000000
 M165 4 1 0.839 0.16100001
 M166 4 1 0.136 0.86399999
 M167 4 1 0.410 0.59000000
 M168 4 1 0.660 0.33999997
 M169 4 1 0.194 0.80599999
 M170 4 1 0.511 0.48900002
 M171 4 1 0.353 0.64700001
 M172 4 1 0.285 0.71500000
 M173 4 1 0.108 0.89200000
 M174 4 1 0.949 0.05100000
 M175 4 1 0.161 0.83900000
 M176 4 1 0.391 0.60900000
 M177 4 1 0.687 0.31300002
 M178 4 1 0.046 0.95400000
 M179 4 1 0.830 0.17000002
 M180 4 1 0.686 0.31400001
 M181 4 1 0.546 0.45400000
 M182 4 1 0.254 0.74599999
 M183 4 1 0.672 0.32800001
 M184 4 1 0.231 0.76899999
 M185 4 1 0.287 0.71300000
 M186 4 1 0.379 0.62099999
 M187 4 1 0.137 0.86300001
 M188 4 1 0.511 0.48900002
 M189 4 1 0.550 0.44999999
 M190 4 1 0.826 0.17400002
 M191 4 1 0.722 0.27800000
 M192 4 1 0.850 0.14999998
 M193 4 1 0.668 0.33200002
 M194 4 1 0.290 0.71000001
 M195 4 1 0.306 0.69400001
 M196 4 1 0.424 0.57600001
 M197 4 1 0.070 0.93000000
 M198 4 1 0.533 0.46700001
 M199 4 1 0.267 0.73300001
 M200 4 1 0.250 0.75000000
 M201 4 1 0.751 0.24900001
 M202 4 1 0.709 0.29100001
 M203 4 1 0.240 0.76000001
 M204 4 1 0.711 0.28899997
 M205 4 1 0.626 0.37400001
 M206 4 1 0.276 0.72400001
 M207 4 1 0.417 0.58300000
 M208 4 1 0.646 0.35399997
 M209 4 1 0.533 0.46700001
 M210 4 1 0.212 0.78800000
 M211 4 1 0.512 0.48799998
 M212 4 1 0.530 0.47000003
 M213 4 1 0.523 0.47700000
 M214 4 1 0.618 0.38200003
 M215 4 1 0.083 0.91700000
 M216 4 1 0.572 0.42799997
 M217 4 1 0.320 0.68000001
 M218 4 1 0.381 0.61899999
 M219 4 1 0.797 0.20300001
 M220 4 1 0.076 0.92400000
 M221 4 1 0.677 0.32300001
 M222 4 1 0.047 0.95300000
 M223 4 1 0.796 0.20400000
 M224 4 1 0.430 0.56999999
 M225 4 1 0.241 0.75900000
 M226 4 1 0.403 0.59700000
 M227 4 1 0.290 0.71000001
 M228 4 1 0.441 0.55899999
 M229 4 1 0.531 0.46899998
 M230 4 1 0.418 0.58199999
 M231 4 1 0.158 0.84199999
 M232 4 1 0.391 0.60900000
 M233 4 1 0.190 0.81000000
 M234 4 1 0.397 0.60299999
 M235 4 1 0.374 0.62599999
 M236 4 1 0.084 0.91600000
 M237 4 1 0.829 0.17100000
 M238 4 1 0.359 0.64100000
 M239 4 1 0.482 0.51800001
 M240 4 1 0.769 0.23100001
 M241 4 1 0.744 0.25599998
 M242 4 1 0.629 0.37099999
 M243 4 1 0.297 0.70300001
 M244 4 1 0.268 0.73199999
 M245 4 1 0.892 0.10799998
 M246 4 1 0.051 0.94900000
 M247 4 1 0.895 0.10500002
 M248 4 1 0.800 0.19999999
 M249 4 1 0.852 0.14800000
 M250 4 1 0.528 0.47200000
 M251 4 1 0.492 0.50799999
 M252 4 1 0.919 0.08099997
 M253 4 1 0.814 0.18599999
 M254 4 1 0.220 0.78000000
 M255 4 1 0.813 0.18699998
 M256 4 1 0.872 0.12800002
 M257 4 1 0.241 0.75900000
 M258 4 1 0.465 0.53500000
 M259 4 1 0.792 0.20800000
 M260 4 1 0.891 0.10900003
 M261 4 1 0.258 0.74200001
 M262 4 1 0.774 0.22600001
 M263 4 1 0.400 0.59999999
 M264 4 1 0.218 0.78200001
 M265 4 1 0.262 0.73800001
 M266 4 1 0.789 0.21100003
 M267 4 1 0.887 0.11299998
 M268 4 1 0.727 0.27300000
 M269 4 1 0.792 0.20800000
 M270 4 1 0.364 0.63600001
 M271 4 1 0.523 0.47700000
 M272 4 1 0.117 0.88300000
 M273 4 1 0.705 0.29500002
 M274 4 1 0.329 0.67100000
 M275 4 1 0.685 0.31500000
 M276 4 1 0.392 0.60800001
 M277 4 1 0.600 0.39999998
 M278 4 1 0.415 0.58500001
 M279 4 1 0.220 0.78000000
 M280 4 1 0.879 0.12099999
 M281 4 1 0.348 0.65200001
 M282 4 1 0.319 0.68099999
 M283 4 1 0.469 0.53099999
 M284 4 1 0.735 0.26499999
 M285 4 1 0.280 0.72000000
 M286 4 1 0.794 0.20599997
 M287 4 1 0.479 0.52100000
 M288 4 1 0.446 0.55399999
 M289 4 1 0.486 0.51400000
 M290 4 1 0.508 0.49199998
 M291 4 1 0.739 0.26099998
 M292 4 1 0.689 0.31099999
 M293 4 1 0.575 0.42500001
 M294 4 1 0.802 0.19800001
 M295 4 1 0.135 0.86499999
 M296 4 1 0.297 0.70300001
 M297 4 1 0.266 0.73400000
 M298 4 1 0.469 0.53099999
 M299 4 1 0.252 0.74800000
 M300 4 1 0.352 0.64800000
 M301 4 1 0.306 0.69400001
 M302 4 1 0.340 0.66000000
 M303 4 1 0.128 0.87199999
 M304 4 1 0.847 0.15300000
 M305 4 1 0.362 0.63800001
 M306 4 1 0.618 0.38200003
 M307 4 1 0.706 0.29400003
 M308 4 1 0.290 0.71000001
 M309 4 1 0.704 0.29600000
 M310 4 1 0.752 0.24800003
 M311 4 1 0.521 0.47899997
 M312 4 1 0.669 0.33099997
 M313 4 1 0.669 0.33099997
 M314 4 1 0.293 0.70699999
 M315 4 1 0.518 0.48199999
 M316 4 1 0.446 0.55399999
 M317 4 1 0.601 0.39899999
 M318 4 1 0.564 0.43599999
 M319 4 1 0.685 0.31500000
 M320 4 1 0.651 0.34899998
 M321 4 1 0.846 0.15399998
 M322 4 1 0.484 0.51600000
 M323 4 1 0.359 0.64100000
 M324 4 1 0.347 0.65300000
 M325 4 1 0.514 0.48600000
 M326 4 1 0.205 0.79500000
 M327 4 1 0.203 0.79700001
 M328 4 1 0.676 0.32400000
 M329 4 1 0.151 0.84900001
 M330 4 1 0.782 0.21799999
 M331 4 1 0.327 0.67300001
 M332 4 1 0.225 0.77500001
 M333 4 1 0.699 0.30100000
 M334 4 1 0.845 0.15499997
 M335 4 1 0.655 0.34500003
 M336 4 1 0.683 0.31699997
 M337 4 1 0.394 0.60600001
 M338 4 1 0.269 0.73100001
 M339 4 1 0.439 0.56099999
 M340 4 1 0.365 0.63499999
 M341 4 1 0.771 0.22899997
 M342 4 1 0.886 0.11400002
 M343 4 1 0.482 0.51800001
 M344 4 1 0.633 0.36699998
 M345 4 1 0.890 0.11000001
 M346 4 1 0.419 0.58100000
 M347 4 1 0.472 0.52800000
 M348 4 1 0.367 0.63299999
 M349 4 1 0.194 0.80599999
 M350 4 1 0.473 0.52700001
 M351 4 1 0.390 0.61000001
 M352 4 1 0.554 0.44599998
 M353 4 1 0.928 0.07200003
 M354 4 1 0.536 0.46399999
 M355 4 1 0.385 0.61500001
 M356 4 1 0.774 0.22600001
 M357 4 1 0.310 0.69000000
 M358 4 1 0.453 0.54699999
 M359 4 1 0.860 0.13999999
 M360 4 1 0.318 0.68200001
 M361 4 1 0.234 0.76600000
 M362 4 1 0.902 0.09799999
 M363 4 1 0.269 0.73100001
 M364 4 1 0.796 0.20400000
 M365 4 1 0.754 0.24599999
 M366 4 1 0.352 0.64800000
 M367 4 1 0.524 0.47600001
 M368 4 1 0.615 0.38499999
 M369 4 1 0.311 0.68900001
 M370 4 1 0.208 0.79200000
 M371 4 1 0.211 0.78900000
 M372 4 1 0.224 0.77599999
 M373 4 1 0.487 0.51300001
 M374 4 1 0.289 0.71100000
 M375 4 1 0.536 0.46399999
 M376 4 1 0.282 0.71799999
 M377 4 1 0.865 0.13499999
 M378 4 1 0.181 0.81900001
 M379 4 1 0.492 0.50799999
 M380 4 1 0.473 0.52700001
 M381 4 1 0.194 0.80599999
 M382 4 1 0.142 0.85800000
 M383 4 1 0.296 0.70400000
 M384 4 1 0.522 0.47799999
 M385 4 1 0.599 0.40100002
 M386 4 1 0.811 0.18900001
 M387 4 1 0.319 0.68099999
 M388 4 1 0.650 0.35000002
 M389 4 1 0.687 0.31300002
 M390 4 1 0.751 0.24900001
 M391 4 1 0.440 0.56000000
 M392 4 1 0.453 0.54699999
 M393 4 1 0.752 0.24800003
 M394 4 1 0.677 0.32300001
 M395 4 1 0.318 0.68200001
 M396 4 1 0.240 0.76000001
 M397 4 1 0.179 0.82099999
 M398 4 1 0.149 0.85100000
 M399 4 1 0.634 0.36600000
 M400 4 1 0.590 0.41000003
 M401 4 1 0.264 0.73600000
 M402 4 1 0.358 0.64199999
 M403 4 1 0.229 0.77100000
 M404 4 1 0.081 0.91900000
 M405 4 1 0.319 0.68099999
 M406 4 1 0.841 0.15899998
 M407 4 1 0.192 0.80800000
 M408 4 1 0.363 0.63699999
 M409 4 1 0.452 0.54800001
 M410 4 1 0.507 0.49299997
 M411 4 1 0.101 0.89900000
 M412 4 1 0.127 0.87300000
 M413 4 1 0.958 0.04200000
 M414 4 1 0.737 0.26300001
 M415 4 1 0.606 0.39399999
 M416 4 1 0.664 0.33600003
 M417 4 1 0.699 0.30100000
 M418 4 1 0.458 0.54200000
 M419 4 1 0.303 0.69700000
 M420 4 1 0.333 0.66700000
 M421 4 1 0.266 0.73400000
 M422 4 1 0.763 0.23699999
 M423 4 1 0.907 0.09299999
 M424 4 1 0.594 0.40600002
 M425 4 1 0.849 0.15100002
 M426 4 1 0.534 0.46600002
 M427 4 1 0.378 0.62200001
 M428 4 1 0.418 0.58199999
 M429 4 1 0.945 0.05500001
 M430 4 1 0.460 0.53999999
 M431 4 1 0.824 0.17600000
 M432 4 1 0.131 0.86900000
 M433 4 1 0.178 0.82200000
 M434 4 1 0.346 0.65400001
 M435 4 1 0.157 0.84299999
 M436 4 1 0.652 0.34799999
 M437 4 1 0.270 0.72999999
 M438 4 1 0.226 0.77400000
 M439 4 1 0.779 0.22100002
 M440 4 1 0.399 0.60100001
 M441 4 1 0.766 0.23400003
 M442 4 1 0.788 0.21200001
 M443 4 1 0.396 0.60400000
 M444 4 1 0.144 0.85600001
 M445 4 1 0.477 0.52300000
 M446 4 1 0.127 0.87300000
 M447 4 1 0.150 0.84999999
 M448 4 1 0.941 0.05900002
 M449 4 2 0.335 0.66499999
 M450 4 2 0.578 0.42199999
 M451 4 2 0.435 0.56500000
 M452 4 2 0.341 0.65900001
 M453 4 2 0.058 0.94200000
 M454 4 2 0.125 0.87500000
 M455 4 2 0.800 0.19999999
 M456 4 2 0.178 0.82200000
 M457 4 2 0.756 0.24400002
 M458 4 2 0.439 0.56099999
 M459 4 2 0.192 0.80800000
 M460 4 2 0.512 0.48799998
 M461 4 2 0.481 0.51899999
 M462 4 2 0.254 0.74599999
 M463 4 2 0.307 0.69299999
 M464 4 2 0.700 0.30000001
 M465 4 2 0.285 0.71500000
 M466 4 2 0.806 0.19400001
 M467 4 2 0.227 0.77300000
 M468 4 2 0.227 0.77300000
 M469 4 2 0.673 0.32700002
 M470 4 2 0.363 0.63699999
 M471 4 2 0.510 0.49000001
 M472 4 2 0.230 0.77000000
 M473 4 2 0.990 0.00999999
 M474 4 2 0.388 0.61199999
 M475 4 2 0.435 0.56500000
 M476 4 2 0.406 0.59400001
 M477 4 2 0.547 0.45300001
 M478 4 2 0.506 0.49400002
 M479 4 2 0.855 0.14499998
 M480 4 2 0.206 0.79400000
 M481 4 2 0.804 0.19599998
 M482 4 2 0.245 0.75500000
 M483 4 2 0.184 0.81600000
 M484 4 2 0.543 0.45700002
 M485 4 2 0.915 0.08499998
 M486 4 2 0.269 0.73100001
 M487 4 2 0.808 0.19199997
 M488 4 2 0.850 0.14999998
 M489 4 2 0.630 0.37000000
 M490 4 2 0.868 0.13200003
 M491 4 2 0.860 0.13999999
 M492 4 2 0.980 0.01999998
 M493 4 2 0.888 0.11199999
 M494 4 2 0.642 0.35799998
 M495 4 2 0.125 0.87500000
 M496 4 2 0.234 0.76600000
 M497 4 2 0.211 0.78900000
 M498 4 2 0.471 0.52900001
 M499 4 2 0.637 0.36299998
 M500 4 2 0.306 0.69400001
 M501 4 2 0.399 0.60100001
 M502 4 2 0.063 0.93700000
 M503 4 2 0.253 0.74700001
 M504 4 2 0.215 0.78500000
 M505 4 2 0.021 0.97900000
 M506 4 2 0.555 0.44499999
 M507 4 2 0.515 0.48500001
 M508 4 2 0.782 0.21799999
 M509 4 2 0.870 0.13000000
 M510 4 2 0.225 0.77500001
 M511 4 2 0.096 0.90400000
 M512 4 2 0.617 0.38300002
 M513 4 2 0.279 0.72099999
 M514 4 2 0.436 0.56400001
 M515 4 2 0.656 0.34399998
 M516 4 2 0.367 0.63299999
 M517 4 2 0.405 0.59500000
 M518 4 2 0.498 0.50200000
 M519 4 2 0.075 0.92500000
 M520 4 2 0.913 0.08700001
 M521 4 2 0.979 0.02100003
 M522 4 2 0.555 0.44499999
 M523 4 2 0.504 0.49599999
 M524 4 2 0.244 0.75600000
 M525 4 2 0.450 0.55000001
 M526 4 2 0.730 0.26999998
 M527 4 2 0.134 0.86600000
 M528 4 2 0.409 0.59099999
 M529 4 2 0.597 0.40300000
 M530 4 2 0.452 0.54800001
 M531 4 2 0.255 0.74500000
 M532 4 2 0.656 0.34399998
 M533 4 2 0.346 0.65400001
 M534 4 2 0.393 0.60699999
 M535 4 2 0.088 0.91200000
 M536 4 2 0.230 0.77000000
 M537 4 2 0.678 0.32200003
 M538 4 2 0.648 0.35200000
 M539 4 2 0.919 0.08099997
 M540 4 2 0.792 0.20800000
 M541 4 2 0.242 0.75800000
 M542 4 2 0.568 0.43199998
 M543 4 2 0.522 0.47799999
 M544 4 2 0.284 0.71599999
 M545 4 2 0.649 0.35100001
 M546 4 2 0.313 0.68700001
 M547 4 2 0.394 0.60600001
 M548 4 2 0.607 0.39300001
 M549 4 2 0.847 0.15300000
 M550 4 2 0.655 0.34500003
 M551 4 2 0.340 0.66000000
 M552 4 2 0.447 0.55300000
 M553 4 2 0.498 0.50200000
 M554 4 2 0.932 0.06800002
 M555 4 2 0.672 0.32800001
 M556 4 2 0.905 0.09500003
 M557 4 2 0.514 0.48600000
 M558 4 2 0.453 0.54699999
 M559 4 2 0.428 0.57200000
 M560 4 2 0.591 0.40899998
 M561 4 2 0.005 0.99500000
 M562 4 2 0.195 0.80500001
 M563 4 2 0.705 0.29500002
 M564 4 2 0.097 0.90300000
 M565 4 2 0.913 0.08700001
 M566 4 2 0.607 0.39300001
 M567 4 2 0.504 0.49599999
 M568 4 2 0.259 0.74100000
 M569 4 2 0.014 0.98600000
 M570 4 2 0.118 0.88200000
 M571 4 2 0.059 0.94100000
 M572 4 2 0.970 0.02999997
 M573 4 2 0.895 0.10500002
 M574 4 2 0.571 0.42900002
 M575 4 2 0.352 0.64800000
 M576 4 2 0.571 0.42900002
 M577 4 2 0.303 0.69700000
 M578 4 2 0.867 0.13300002
 M579 4 2 0.268 0.73199999
 M580 4 2 0.457 0.54300001
 M581 4 2 0.184 0.81600000
 M582 4 2 0.232 0.76800001
 M583 4 2 0.034 0.96600000
 M584 4 2 0.832 0.16799998
 M585 4 2 0.318 0.68200001
 M586 4 2 0.308 0.69200000
 M587 4 2 0.120 0.88000000
 M588 4 2 0.713 0.28700000
 M589 4 2 0.653 0.34700000
 M590 4 2 0.523 0.47700000
 M591 4 2 0.633 0.36699998
 M592 4 2 0.183 0.81700000
 M593 4 2 0.626 0.37400001
 M594 4 2 0.098 0.90200000
 M595 4 2 0.642 0.35799998
 M596 4 2 0.603 0.39700001
 M597 4 2 0.724 0.27600002
 M598 4 2 0.886 0.11400002
 M599 4 2 0.360 0.63999999
 M600 4 2 0.423 0.57699999
 M601 4 2 0.612 0.38800001
 M602 4 2 0.189 0.81100000
 M603 4 2 0.649 0.35100001
 M604 4 2 0.828 0.17199999
 M605 4 2 0.483 0.51699999
 M606 4 2 0.810 0.19000000
 M607 4 2 0.837 0.16299999
 M608 4 2 0.645 0.35500002
 M609 4 2 0.435 0.56500000
 M610 4 2 0.646 0.35399997
 M611 4 2 0.700 0.30000001
 M612 4 2 0.206 0.79400000
 M613 4 2 0.420 0.58000001
 M614 4 2 0.609 0.39099997
 M615 4 2 0.310 0.69000000
 M616 4 2 0.230 0.77000000
 M617 4 2 0.434 0.56600001
 M618 4 2 0.390 0.61000001
 M619 4 2 0.620 0.38000000
 M620 4 2 0.608 0.39200002
 M621 4 2 0.796 0.20400000
 M622 4 2 0.227 0.77300000
 M623 4 2 0.292 0.70800000
 M624 4 2 0.439 0.56099999
 M625 4 2 0.274 0.72600001
 M626 4 2 0.798 0.20200002
 M627 4 2 0.951 0.04900002
 M628 4 2 0.331 0.66900000
 M629 4 2 0.589 0.41100001
 M630 4 2 0.164 0.83600000
 M631 4 2 0.252 0.74800000
 M632 4 2 0.712 0.28799999
 M633 4 2 0.946 0.05400002
 M634 4 2 0.272 0.72799999
 M635 4 2 0.772 0.22799999
 M636 4 2 0.239 0.76100001
 M637 4 2 0.628 0.37199998
 M638 4 2 0.195 0.80500001
 M639 4 2 0.566 0.43400002
 M640 4 2 0.346 0.65400001
 M641 4 2 0.044 0.95600000
 M642 4 2 0.210 0.79000001
 M643 4 2 0.620 0.38000000
 M644 4 2 0.606 0.39399999
 M645 4 2 0.068 0.93200000
 M646 4 2 0.712 0.28799999
 M647 4 2 0.273 0.72700000
 M648 4 2 0.366 0.63400000
 M649 4 2 0.243 0.75700000
 M650 4 2 0.956 0.04400003
 M651 4 2 0.589 0.41100001
 M652 4 2 0.666 0.33399999
 M653 4 2 0.669 0.33099997
 M654 4 2 0.577 0.42299998
 M655 4 2 0.910 0.08999997
 M656 4 2 0.508 0.49199998
 M657 4 2 0.658 0.34200001
 M658 4 2 0.530 0.47000003
 M659 4 2 0.851 0.14899999
 M660 4 2 0.629 0.37099999
 M661 4 2 0.545 0.45499998
 M662 4 2 0.213 0.78700000
 M663 4 2 0.763 0.23699999
 M664 4 2 0.203 0.79700001
 M665 4 2 0.546 0.45400000
 M666 4 2 0.128 0.87199999
 M667 4 2 0.189 0.81100000
 M668 4 2 0.240 0.76000001
 M669 4 2 0.212 0.78800000
 M670 4 2 0.273 0.72700000
 M671 4 2 0.424 0.57600001
 M672 4 2 0.774 0.22600001
 M673 4 2 0.251 0.74900001
 M674 4 2 0.767 0.23299998
 M675 4 2 0.604 0.39600003
 M676 4 2 0.236 0.76400000
 M677 4 2 0.812 0.18800002
 M678 4 2 0.811 0.18900001
 M679 4 2 0.268 0.73199999
 M680 4 2 0.516 0.48400003
 M681 4 2 0.726 0.27399999
 M682 4 2 0.127 0.87300000
 M683 4 2 0.535 0.46499997
 M684 4 2 0.185 0.81500000
 M685 4 2 0.845 0.15499997
 M686 4 2 0.320 0.68000001
 M687 4 2 0.587 0.41299999
 M688 4 2 0.492 0.50799999
 M689 4 2 0.481 0.51899999
 M690 4 2 0.974 0.02600002
 M691 4 2 0.549 0.45099998
 M692 4 2 0.371 0.62900001
 M693 4 2 0.474 0.52599999
 M694 4 2 0.686 0.31400001
 M695 4 2 0.349 0.65099999
 M696 4 2 0.224 0.77599999
 M697 4 2 0.431 0.56900001
 M698 4 2 0.417 0.58300000
 M699 4 2 0.618 0.38200003
 M700 4 2 0.860 0.13999999
 M701 4 2 0.644 0.35600001
 M702 4 2 0.204 0.79600000
 M703 4 2 0.622 0.37800002
 M704 4 2 0.466 0.53400001
 M705 4 2 0.380 0.62000000
 M706 4 2 0.809 0.19099998
 M707 4 2 0.883 0.11699998
 M708 4 2 0.733 0.26700002
 M709 4 2 0.450 0.55000001
 M710 4 2 0.210 0.79000001
 M711 4 2 0.252 0.74800000
 M712 4 2 0.311 0.68900001
 M713 4 2 0.361 0.63900000
 M714 4 2 0.729 0.27100003
 M715 4 2 0.444 0.55599999
 M716 4 2 0.457 0.54300001
 M717 4 2 0.544 0.45599997
 M718 4 2 0.478 0.52200001
 M719 4 2 0.370 0.63000000
 M720 4 2 0.286 0.71399999
 M721 4 2 0.630 0.37000000
 M722 4 2 0.594 0.40600002
 M723 4 2 0.066 0.93400000
 M724 4 2 0.652 0.34799999
 M725 4 2 0.339 0.66100001
 M726 4 2 0.398 0.60200000
 M727 4 2 0.738 0.26200002
 M728 4 2 0.230 0.77000000
 M729 4 2 0.715 0.28500003
 M730 4 2 0.366 0.63400000
 M731 4 2 0.302 0.69800001
 M732 4 2 0.373 0.62700000
 M733 4 2 0.820 0.18000001
 M734 4 2 0.466 0.53400001
 M735 4 2 0.389 0.61100000
 M736 4 2 0.570 0.43000001
 M737 4 2 0.903 0.09700000
 M738 4 2 0.594 0.40600002
 M739 4 2 0.155 0.84500000
 M740 4 2 0.297 0.70300001
 M741 4 2 0.499 0.50099999
 M742 4 2 0.446 0.55399999
 M743 4 2 0.386 0.61399999
 M744 4 2 0.883 0.11699998
 M745 4 2 0.648 0.35200000
 M746 4 2 0.606 0.39399999
 M747 4 2 0.284 0.71599999
 M748 4 2 0.834 0.16600001
 M749 4 2 0.027 0.97300000
 M750 4 2 0.291 0.70899999
 M751 4 2 0.368 0.63200000
 M752 4 2 0.086 0.91400000
 M753 4 2 0.369 0.63100001
 M754 4 2 0.587 0.41299999
 M755 4 2 0.531 0.46899998
 M756 4 2 0.547 0.45300001
 M757 4 2 0.180 0.81999999
 M758 4 2 0.355 0.64500001
 M759 4 2 0.505 0.49500000
 M760 4 2 0.694 0.30599999
 M761 4 2 0.078 0.92200000
 M762 4 2 0.638 0.36199999
 M763 4 2 0.585 0.41500002
 M764 4 2 0.528 0.47200000
 M765 4 2 0.547 0.45300001
 M766 4 2 0.507 0.49299997
 M767 4 2 0.385 0.61500001
 M768 4 2 0.515 0.48500001
 M769 4 2 0.314 0.68599999
 M770 4 2 0.869 0.13099998
 M771 4 2 0.788 0.21200001
 M772 4 2 0.305 0.69499999
 M773 4 2 0.157 0.84299999
 M774 4 2 0.937 0.06300002
 M775 4 2 0.062 0.93800000
 M776 4 2 0.347 0.65300000
 M777 4 2 0.886 0.11400002
 M778 4 2 0.268 0.73199999
 M779 4 2 0.128 0.87199999
 M780 4 2 0.464 0.53600001
 M781 4 2 0.811 0.18900001
 M782 4 2 0.122 0.87800000
 M783 4 2 0.572 0.42799997
 M784 4 2 0.613 0.38700002
 M785 4 2 0.337 0.66299999
 M786 4 2 0.903 0.09700000
 M787 4 2 0.514 0.48600000
 M788 4 2 0.166 0.83400001
 M789 4 2 0.406 0.59400001
 M790 4 2 0.882 0.11799997
 M791 4 2 0.066 0.93400000
 M792 4 2 0.437 0.56299999
 M793 4 2 0.400 0.59999999
 M794 4 2 0.351 0.64899999
 M795 4 2 0.387 0.61300001
 M796 4 2 0.445 0.55500001
 M797 4 2 0.186 0.81400000
 M798 4 2 0.817 0.18300003
 M799 4 2 0.359 0.64100000
 M800 4 2 0.723 0.27700001
 M801 4 2 0.483 0.51699999
 M802 4 2 0.474 0.52599999
 M803 4 2 0.666 0.33399999
 M804 4 2 0.846 0.15399998
 M805 4 2 0.635 0.36500001
 M806 4 2 0.494 0.50600001
 M807 4 2 0.097 0.90300000
 M808 4 2 0.134 0.86600000
 M809 4 2 0.680 0.31999999
 M810 4 2 0.405 0.59500000
 M811 4 2 0.526 0.47399998
 M812 4 2 0.824 0.17600000
 M813 4 2 0.635 0.36500001
 M814 4 2 0.675 0.32499999
 M815 4 2 0.815 0.18500000
 M816 4 2 0.794 0.20599997
 M817 4 2 0.347 0.65300000
 M818 4 2 0.105 0.89500000
 M819 4 2 0.657 0.34299999
 M820 4 2 0.180 0.81999999
 M821 4 2 0.594 0.40600002
 M822 4 2 0.533 0.46700001
 M823 4 2 0.495 0.50500000
 M824 4 2 0.494 0.50600001
 M825 4 2 0.794 0.20599997
 M826 4 2 0.452 0.54800001
 M827 4 2 0.438 0.56200001
 M828 4 2 0.541 0.45899999
 M829 4 2 0.837 0.16299999
 M830 4 2 0.509 0.49100000
 M831 4 2 0.389 0.61100000
 M832 4 2 0.485 0.51499999
 M833 4 2 0.727 0.27300000
 M834 4 2 0.120 0.88000000
 M835 4 2 0.787 0.21300000
 M836 4 2 0.753 0.24699998
 M837 4 2 0.454 0.54600000
 M838 4 2 0.722 0.27800000
 M839 4 2 0.190 0.81000000
 M840 4 2 0.317 0.68300000
 M841 4 2 0.356 0.64399999
 M842 4 2 0.843 0.15700001
 M843 4 2 0.683 0.31699997
 M844 4 2 0.458 0.54200000
 M845 4 2 0.307 0.69299999
 M846 4 2 0.080 0.92000000
 M847 4 2 0.832 0.16799998
 M848 4 2 0.314 0.68599999
 M849 4 2 0.069 0.93100000
 M850 4 2 0.570 0.43000001
 M851 4 2 0.398 0.60200000
 M852 4 2 0.969 0.03100002
 M853 4 2 0.502 0.49800003
 M854 4 2 0.861 0.13900000
 M855 4 2 0.692 0.30800003
 M856 4 2 0.430 0.56999999
 M857 4 2 0.536 0.46399999
 M858 4 2 0.367 0.63299999
 M859 4 2 0.868 0.13200003
 M860 4 2 0.228 0.77200000
 M861 4 2 0.575 0.42500001
 M862 4 2 0.318 0.68200001
 M863 4 2 0.543 0.45700002
 M864 4 2 0.507 0.49299997
 M865 4 2 0.061 0.93900000
 M866 4 2 0.843 0.15700001
 M867 4 2 0.217 0.78300001
 M868 4 2 0.596 0.40399998
 M869 4 2 0.552 0.44800001
 M870 4 2 0.830 0.17000002
 M871 4 2 0.058 0.94200000
 M872 4 2 0.573 0.42699999
 M873 4 2 0.170 0.83000000
 M874 4 2 0.212 0.78800000
 M875 4 2 0.716 0.28399998
 M876 4 2 0.492 0.50799999
 M877 4 2 0.083 0.91700000
 M878 4 2 0.405 0.59500000
 M879 4 2 0.933 0.06699997
 M880 4 2 0.634 0.36600000
 M881 4 2 0.479 0.52100000
 M882 4 2 0.476 0.52399999
 M883 4 2 0.507 0.49299997
 M884 4 2 0.769 0.23100001
 M885 4 2 0.771 0.22899997
 M886 4 2 0.350 0.65000001
 M887 4 2 0.231 0.76899999
 M888 4 2 0.581 0.41900003
 M889 4 2 0.276 0.72400001
 M890 4 2 0.127 0.87300000
 M891 4 2 0.644 0.35600001
 M892 4 2 0.754 0.24599999
 M893 4 2 0.479 0.52100000
 M894 4 2 0.377 0.62300000
 M895 4 2 0.652 0.34799999
 M896 4 2 0.463 0.53700000
 M897 4 2 0.701 0.29900002
 M898 4 2 0.979 0.02100003
 M899 4 2 0.566 0.43400002
 M900 4 2 0.360 0.63999999
 M901 4 2 0.435 0.56500000
 M902 4 2 0.670 0.32999998
 M903 4 2 0.377 0.62300000
 M904 4 2 0.457 0.54300001
 M905 4 2 0.418 0.58199999
 M906 4 2 0.369 0.63100001
 M907 4 2 0.181 0.81900001
 M908 4 2 0.540 0.45999998
 M909 4 2 0.709 0.29100001
 M910 4 2 0.868 0.13200003
 M911 4 2 0.112 0.88800000
 M912 4 2 0.628 0.37199998
 M913 4 2 0.671 0.32900000
 M914 4 2 0.599 0.40100002
 M915 4 2 0.530 0.47000003
 M916 4 2 0.215 0.78500000
 M917 4 2 0.408 0.59200001
 M918 4 2 0.561 0.43900001
 M919 4 2 0.163 0.83700000
 M920 4 2 0.300 0.69999999
 M921 4 2 0.118 0.88200000
 M922 4 2 0.104 0.89600000
 M923 4 2 0.143 0.85699999
 M924 4 2 0.500 0.50000000
 M925 4 2 0.462 0.53799999
 M926 4 2 0.453 0.54699999
 M927 4 2 0.320 0.68000001
 M928 4 2 0.824 0.17600000
 M929 4 2 0.128 0.87199999
 M930 4 2 0.545 0.45499998
 M931 4 2 0.552 0.44800001
 M932 4 2 0.739 0.26099998
 M933 4 2 0.081 0.91900000
 M934 4 2 0.174 0.82600001
 M935 4 2 0.519 0.48100001
 M936 4 2 0.306 0.69400001
 M937 4 2 0.948 0.05199999
 M938 4 2 0.502 0.49800003
 M939 4 2 0.553 0.44700003
 M940 4 2 0.773 0.22700000
 M941 4 2 0.836 0.16399997
 M942 4 2 0.274 0.72600001
 M943 4 2 0.181 0.81900001
 M944 4 2 0.057 0.94300000
 M945 4 2 0.904 0.09600002
 M946 4 2 0.049 0.95100000
 M947 4 2 0.766 0.23400003
 M948 4 2 0.949 0.05100000
 M949 4 2 0.830 0.17000002
 M950 4 2 0.387 0.61300001
 M951 4 2 0.241 0.75900000
 M952 4 2 0.530 0.47000003
 M953 4 2 0.894 0.10600001
 M954 4 2 0.212 0.78800000
 M955 4 2 0.347 0.65300000
 M956 4 2 0.357 0.64300001
 M957 4 2 0.244 0.75600000
 M958 4 2 0.643 0.35699999
 M959 4 2 0.413 0.58700001
 M960 4 2 0.186 0.81400000
 M961 4 2 0.828 0.17199999
 M962 4 2 0.450 0.55000001
 M963 4 2 0.179 0.82099999
 M964 4 2 0.555 0.44499999
 M965 4 2 0.517 0.48299998
 M966 4 2 0.869 0.13099998
 M967 4 2 0.046 0.95400000
 M968 4 2 0.401 0.59900001
 M969 4 2 0.332 0.66800001
 M970 4 2 0.727 0.27300000
 M971 4 2 0.338 0.66200000
 M972 4 2 0.721 0.27899998
 M973 4 2 0.610 0.38999999
 M974 4 2 0.151 0.84900001
 M975 4 2 0.203 0.79700001
 M976 4 2 0.671 0.32900000
 M977 4 2 0.131 0.86900000
 M978 4 2 0.475 0.52500001
 M979 4 2 0.455 0.54499999
 M980 4 2 0.843 0.15700001
 M981 4 2 0.376 0.62400001
 M982 4 2 0.206 0.79400000
 M983 4 2 0.216 0.78399999
 M984 4 2 0.753 0.24699998
 M985 4 2 0.307 0.69299999
 M986 4 2 0.512 0.48799998
 M987 4 2 0.610 0.38999999
 M988 4 2 0.703 0.29699999
 M989 4 2 0.681 0.31900001
 M990 4 2 0.221 0.77900000
 M991 4 2 0.487 0.51300001
 M992 4 2 0.353 0.64700001
 M993 4 2 0.582 0.41799998
 M994 4 2 0.437 0.56299999
 M995 4 2 0.881 0.11900002
 M996 4 2 0.486 0.51400000
 M997 4 2 0.602 0.39800000
 M998 4 2 0.501 0.49900001
 M999 4 2 0.414 0.58600000
M1000 4 2 0.922 0.07800001
M1001 4 2 0.651 0.34899998
M1002 4 2 0.225 0.77500001
M1003 4 2 0.635 0.36500001
M1004 4 2 0.103 0.89700000
M1005 4 2 0.306 0.69400001
M1006 4 2 0.792 0.20800000
M1007 4 2 0.359 0.64100000
M1008 4 2 0.964 0.03600001
M1009 4 2 0.472 0.52800000
M1010 4 2 0.264 0.73600000
M1011 4 2 0.874 0.12599999
M1012 4 2 0.651 0.34899998
M1013 4 2 0.480 0.52000001
M1014 4 2 0.775 0.22500002
M1015 4 2 0.597 0.40300000
M1016 4 2 0.863 0.13700002
M1017 4 2 0.085 0.91500000
M1018 4 2 0.802 0.19800001
M1019 4 2 0.741 0.25900000
M1020 4 2 0.747 0.25300002
M1021 4 2 0.232 0.76800001
M1022 4 2 0.461 0.53900000
M1023 4 2 0.871 0.12900001
M1024 4 2 0.516 0.48400003
M1025 4 2 0.504 0.49599999
M1026 4 2 0.322 0.67800000
M1027 4 2 0.299 0.70100001
M1028 4 2 0.557 0.44300002
M1029 4 2 0.635 0.36500001
M1030 4 2 0.129 0.87100001
M1031 4 2 0.227 0.77300000
M1032 4 2 0.503 0.49699998
M1033 4 2 0.721 0.27899998
M1034 4 2 0.486 0.51400000
M1035 4 2 0.441 0.55899999
M1036 4 2 0.487 0.51300001
M1037 4 2 0.544 0.45599997
M1038 4 2 0.501 0.49900001
M1039 4 2 0.726 0.27399999
M1040 4 2 0.173 0.82700001
M1041 4 2 0.509 0.49100000
M1042 4 2 0.300 0.69999999
M1043 4 2 0.181 0.81900001
M1044 4 2 0.518 0.48199999
M1045 4 2 0.157 0.84299999
M1046 4 2 0.630 0.37000000
M1047 4 2 0.810 0.19000000
M1048 4 2 0.702 0.29799998
M1049 4 2 0.448 0.55199999
M1050 4 2 0.407 0.59299999
M1051 4 2 0.063 0.93700000
M1052 4 2 0.553 0.44700003
M1053 4 2 0.472 0.52800000
M1054 4 2 0.880 0.12000000
M1055 4 2 0.195 0.80500001
M1056 4 2 0.802 0.19800001
M1057 4 2 0.041 0.95900000
M1058 4 2 0.891 0.10900003
M1059 4 2 0.741 0.25900000
M1060 4 2 0.360 0.63999999
M1061 4 2 0.652 0.34799999
M1062 4 2 0.873 0.12699997
M1063 4 2 0.238 0.76199999
M1064 4 2 0.249 0.75100000
M1065 4 2 0.780 0.22000003
M1066 4 2 0.162 0.83800000
M1067 4 2 0.396 0.60400000
M1068 4 2 0.466 0.53400001
M1069 4 2 0.162 0.83800000
M1070 4 2 0.206 0.79400000
M1071 4 2 0.839 0.16100001
M1072 4 2 0.342 0.65799999
M1073 4 2 0.854 0.14600003
M1074 4 2 0.582 0.41799998
M1075 4 2 0.186 0.81400000
M1076 4 2 0.170 0.83000000
M1077 4 2 0.701 0.29900002
M1078 4 2 0.522 0.47799999
M1079 4 2 0.394 0.60600001
M1080 4 2 0.361 0.63900000
M1081 4 2 0.484 0.51600000
M1082 4 2 0.683 0.31699997
M1083 4 2 0.485 0.51499999
M1084 4 2 0.967 0.03299999
M1085 4 2 0.580 0.42000002
M1086 4 2 0.432 0.56799999
M1087 4 2 0.534 0.46600002
M1088 4 2 0.474 0.52599999
M1089 4 2 0.423 0.57699999
M1090 4 2 0.437 0.56299999
M1091 4 2 0.260 0.74000001
M1092 4 2 0.531 0.46899998
M1093 4 2 0.123 0.87700000
M1094 4 2 0.394 0.60600001
M1095 4 2 0.353 0.64700001
M1096 4 2 0.690 0.31000000
M1097 4 2 0.247 0.75300001
M1098 4 2 0.640 0.36000001
M1099 4 2 0.131 0.86900000
M1100 4 2 0.161 0.83900000
M1101 4 2 0.891 0.10900003
M1102 4 2 0.401 0.59900001
M1103 4 2 0.295 0.70500001
M1104 4 2 0.343 0.65700001
M1105 4 2 0.560 0.44000000
M1106 4 2 0.615 0.38499999
M1107 4 2 0.343 0.65700001
M1108 4 2 0.425 0.57499999
M1109 4 2 0.595 0.40499997
M1110 4 2 0.512 0.48799998
M1111 4 2 0.654 0.34600002
M1112 4 2 0.304 0.69600001
M1113 4 2 0.554 0.44599998
M1114 4 2 0.453 0.54699999
M1115 4 2 0.619 0.38099998
M1116 4 2 0.825 0.17500001
M1117 4 2 0.847 0.15300000
M1118 4 2 0.355 0.64500001
M1119 4 2 0.286 0.71399999
M1120 4 2 0.176 0.82400000
M1121 4 2 0.172 0.82799999
M1122 4 2 0.711 0.28899997
M1123 4 2 0.775 0.22500002
M1124 4 2 0.137 0.86300001
M1125 4 2 0.381 0.61899999
M1126 4 2 0.341 0.65900001
M1127 4 2 0.451 0.54899999
M1128 4 2 0.878 0.12199998
M1129 4 2 0.161 0.83900000
M1130 4 2 0.813 0.18699998
M1131 4 2 0.865 0.13499999
M1132 4 2 0.629 0.37099999
M1133 4 2 0.755 0.24500000
M1134 4 2 0.786 0.21399999
M1135 4 2 0.752 0.24800003
M1136 4 2 0.653 0.34700000
M1137 4 2 0.517 0.48299998
M1138 4 2 0.413 0.58700001
M1139 4 2 0.365 0.63499999
M1140 4 2 0.739 0.26099998
M1141 4 2 0.458 0.54200000
M1142 4 2 0.940 0.06000000
M1143 4 2 0.664 0.33600003
M1144 4 2 0.759 0.24100000
M1145 4 2 0.850 0.14999998
M1146 4 2 0.545 0.45499998
M1147 4 2 0.889 0.11100000
M1148 4 2 0.160 0.84000000
M1149 4 2 0.479 0.52100000
M1150 4 2 0.305 0.69499999
M1151 4 2 0.587 0.41299999
M1152 4 2 0.436 0.56400001
M1153 4 2 0.262 0.73800001
M1154 4 2 0.818 0.18199998
M1155 4 2 0.083 0.91700000
M1156 4 2 0.908 0.09200001
M1157 4 2 0.470 0.53000000
M1158 4 2 0.273 0.72700000
M1159 4 2 0.718 0.28200001
M1160 4 2 0.600 0.39999998
M1161 4 2 0.666 0.33399999
M1162 4 2 0.861 0.13900000
M1163 4 2 0.551 0.44900000
M1164 4 2 0.802 0.19800001
M1165 4 2 0.653 0.34700000
M1166 4 2 0.703 0.29699999
M1167 4 2 0.922 0.07800001
M1168 4 2 0.225 0.77500001
M1169 4 2 0.414 0.58600000
M1170 4 2 0.857 0.14300001
M1171 4 2 0.865 0.13499999
M1172 4 2 0.657 0.34299999
M1173 4 2 0.531 0.46899998
M1174 4 2 0.497 0.50299999
M1175 4 2 0.648 0.35200000
M1176 4 2 0.100 0.90000000
M1177 4 2 0.821 0.17900002
M1178 4 2 0.919 0.08099997
M1179 4 2 0.583 0.41700000
M1180 4 2 0.726 0.27399999
M1181 4 2 0.349 0.65099999
M1182 4 2 0.660 0.33999997
M1183 4 2 0.293 0.70699999
M1184 4 2 0.410 0.59000000
M1185 4 2 0.233 0.76700000
M1186 4 2 0.625 0.37500000
M1187 4 2 0.475 0.52500001
M1188 4 2 0.127 0.87300000
M1189 4 2 0.448 0.55199999
M1190 4 2 0.667 0.33300000
M1191 4 2 0.709 0.29100001
M1192 4 2 0.201 0.79899999
M1193 4 2 0.470 0.53000000
M1194 4 2 0.677 0.32300001
M1195 4 2 0.859 0.14099997
M1196 4 2 0.465 0.53500000
M1197 4 2 0.302 0.69800001
M1198 4 2 0.405 0.59500000
M1199 4 2 0.410 0.59000000
M1200 4 2 0.785 0.21499997
M1201 4 2 0.800 0.19999999
M1202 4 2 0.386 0.61399999
M1203 4 2 0.722 0.27800000
M1204 4 2 0.421 0.57900000
M1205 4 2 0.913 0.08700001
M1206 4 2 0.203 0.79700001
M1207 4 2 0.795 0.20499998
M1208 4 2 0.894 0.10600001
M1209 4 2 0.879 0.12099999
M1210 4 2 0.607 0.39300001
M1211 4 2 0.555 0.44499999
M1212 4 2 0.304 0.69600001
M1213 4 2 0.521 0.47899997
M1214 4 2 0.903 0.09700000
M1215 4 2 0.314 0.68599999
M1216 4 2 0.154 0.84600000
M1217 4 2 0.146 0.85400000
M1218 4 2 0.723 0.27700001
M1219 4 2 0.174 0.82600001
M1220 4 2 0.667 0.33300000
M1221 4 2 0.808 0.19199997
M1222 4 2 0.789 0.21100003
M1223 4 2 0.279 0.72099999
M1224 4 2 0.392 0.60800001
M1225 4 2 0.322 0.67800000
M1226 4 2 0.886 0.11400002
M1227 4 2 0.458 0.54200000
M1228 4 2 0.322 0.67800000
M1229 4 2 0.324 0.67600000
M1230 4 2 0.448 0.55199999
M1231 4 2 0.541 0.45899999
M1232 4 2 0.127 0.87300000
M1233 4 2 0.672 0.32800001
M1234 4 2 0.781 0.21899998
M1235 4 2 0.632 0.36799997
M1236 4 2 0.243 0.75700000
M1237 4 2 0.585 0.41500002
M1238 4 2 0.306 0.69400001
M1239 4 2 0.839 0.16100001
M1240 4 2 0.102 0.89800000
M1241 4 2 0.043 0.95700000
M1242 4 2 0.838 0.16200000
M1243 4 2 0.724 0.27600002
M1244 4 2 0.745 0.25500000
M1245 4 2 0.545 0.45499998
M1246 4 2 0.206 0.79400000
M1247 4 2 0.191 0.80900000
M1248 4 2 0.143 0.85699999
M1249 4 2 0.481 0.51899999
M1250 4 2 0.669 0.33099997
M1251 4 2 0.511 0.48900002
M1252 4 2 0.894 0.10600001
M1253 4 2 0.394 0.60600001
M1254 4 2 0.605 0.39499998
M1255 4 2 0.336 0.66400000
M1256 4 2 0.914 0.08600003
M1257 4 2 0.732 0.26800001
M1258 4 2 0.262 0.73800001
M1259 4 2 0.501 0.49900001
M1260 4 2 0.613 0.38700002
M1261 4 2 0.404 0.59599999
M1262 4 2 0.869 0.13099998
M1263 4 2 0.927 0.07300001
M1264 4 2 0.508 0.49199998
M1265 4 2 0.248 0.75200000
M1266 4 2 0.049 0.95100000
M1267 4 2 0.656 0.34399998
M1268 4 2 0.882 0.11799997
M1269 4 2 0.643 0.35699999
M1270 4 2 0.711 0.28899997
M1271 4 2 0.501 0.49900001
M1272 4 2 0.561 0.43900001
M1273 4 2 0.829 0.17100000
M1274 4 2 0.439 0.56099999
M1275 4 2 0.566 0.43400002
M1276 4 2 0.387 0.61300001
M1277 4 2 0.554 0.44599998
M1278 4 2 0.652 0.34799999
M1279 4 2 0.457 0.54300001
M1280 4 2 0.258 0.74200001
M1281 4 2 0.608 0.39200002
M1282 4 2 0.958 0.04200000
M1283 4 2 0.310 0.69000000
M1284 4 2 0.483 0.51699999
M1285 4 2 0.296 0.70400000
M1286 4 2 0.367 0.63299999
M1287 4 2 0.670 0.32999998
M1288 4 2 0.386 0.61399999
M1289 4 2 0.195 0.80500001
M1290 4 2 0.851 0.14899999
M1291 4 2 0.598 0.40200001
M1292 4 2 0.363 0.63699999
M1293 4 2 0.430 0.56999999
M1294 4 2 0.469 0.53099999
M1295 4 2 0.549 0.45099998
M1296 4 2 0.946 0.05400002
M1297 4 2 0.822 0.17799997
M1298 4 2 0.234 0.76600000
M1299 4 2 0.107 0.89300000
M1300 4 2 0.236 0.76400000
M1301 4 2 0.496 0.50400001
M1302 4 2 0.499 0.50099999
M1303 4 2 0.623 0.37699997
M1304 4 2 0.517 0.48299998
M1305 4 2 0.302 0.69800001
M1306 4 2 0.711 0.28899997
M1307 4 2 0.723 0.27700001
M1308 4 2 0.284 0.71599999
M1309 4 2 0.825 0.17500001
M1310 4 2 0.057 0.94300000
M1311 4 2 0.759 0.24100000
M1312 4 2 0.099 0.90100000
M1313 4 2 0.137 0.86300001
M1314 4 2 0.417 0.58300000
M1315 4 2 0.672 0.32800001
M1316 4 2 0.308 0.69200000
M1317 4 2 0.614 0.38599998
M1318 4 2 0.848 0.15200001
M1319 4 2 0.408 0.59200001
M1320 4 2 0.583 0.41700000
M1321 4 2 0.504 0.49599999
M1322 4 2 0.630 0.37000000
M1323 4 2 0.524 0.47600001
M1324 4 2 0.571 0.42900002
M1325 4 2 0.876 0.12400001
M1326 4 2 0.639 0.36100000
M1327 4 2 0.091 0.90900000
M1328 4 2 0.563 0.43699998
M1329 4 2 0.391 0.60900000
M1330 4 2 0.039 0.96100000
M1331 4 2 0.862 0.13800001
M1332 4 2 0.731 0.26899999
M1333 4 2 0.350 0.65000001
M1334 4 2 0.486 0.51400000
M1335 4 2 0.170 0.83000000
M1336 4 2 0.682 0.31800002
M1337 4 2 0.486 0.51400000
M1338 4 2 0.610 0.38999999
M1339 4 2 0.850 0.14999998
M1340 4 2 0.124 0.87600000
M1341 4 2 0.123 0.87700000
M1342 4 2 0.522 0.47799999
M1343 4 2 0.767 0.23299998
M1344 4 2 0.939 0.06099999
M1345 4 2 0.802 0.19800001
M1346 4 2 0.250 0.75000000
M1347 4 2 0.052 0.94800000
M1348 4 2 0.164 0.83600000
M1349 4 2 0.403 0.59700000
M1350 4 2 0.782 0.21799999
M1351 4 2 0.490 0.50999999
M1352 4 2 0.119 0.88100000
M1353 4 2 0.625 0.37500000
M1354 4 2 0.715 0.28500003
M1355 4 2 0.737 0.26300001
M1356 4 2 0.876 0.12400001
M1357 4 2 0.680 0.31999999
M1358 4 2 0.456 0.54400000
M1359 4 2 0.384 0.61600000
M1360 4 2 0.459 0.54100001
M1361 4 3 0.759 0.24100000
M1362 4 3 0.689 0.31099999
M1363 4 3 0.838 0.16200000
M1364 4 3 0.179 0.82099999
M1365 4 3 0.179 0.82099999
M1366 4 3 0.792 0.20800000
M1367 4 3 0.431 0.56900001
M1368 4 3 0.538 0.46200001
M1369 4 3 0.565 0.43500000
M1370 4 3 0.790 0.20999998
M1371 4 3 0.647 0.35299999
M1372 4 3 0.713 0.28700000
M1373 4 3 0.914 0.08600003
M1374 4 3 0.683 0.31699997
M1375 4 3 0.755 0.24500000
M1376 4 3 0.515 0.48500001
M1377 4 3 0.203 0.79700001
M1378 4 3 0.875 0.12500000
M1379 4 3 0.112 0.88800000
M1380 4 3 0.330 0.66999999
M1381 4 3 0.102 0.89800000
M1382 4 3 0.843 0.15700001
M1383 4 3 0.708 0.29200000
M1384 4 3 0.950 0.05000001
M1385 4 3 0.358 0.64199999
M1386 4 3 0.906 0.09399998
M1387 4 3 0.689 0.31099999
M1388 4 3 0.763 0.23699999
M1389 4 3 0.162 0.83800000
M1390 4 3 0.148 0.85200000
M1391 4 3 0.051 0.94900000
M1392 4 3 0.635 0.36500001
M1393 4 3 0.169 0.83100000
M1394 4 3 0.367 0.63299999
M1395 4 3 0.648 0.35200000
M1396 4 3 0.690 0.31000000
M1397 4 3 0.884 0.11600000
M1398 4 3 0.198 0.80200000
M1399 4 3 0.916 0.08399999
M1400 4 3 0.135 0.86499999
M1401 4 3 0.639 0.36100000
M1402 4 3 0.504 0.49599999
M1403 4 3 0.561 0.43900001
M1404 4 3 0.373 0.62700000
M1405 4 3 0.219 0.78100000
M1406 4 3 0.270 0.72999999
M1407 4 3 0.335 0.66499999
M1408 4 3 0.569 0.43099999
M1409 4 3 0.206 0.79400000
M1410 4 3 0.206 0.79400000
M1411 4 3 0.248 0.75200000
M1412 4 3 0.047 0.95300000
M1413 4 3 0.821 0.17900002
M1414 4 3 0.083 0.91700000
M1415 4 3 0.217 0.78300001
M1416 4 3 0.598 0.40200001
M1417 4 3 0.518 0.48199999
M1418 4 3 0.249 0.75100000
M1419 4 3 0.870 0.13000000
M1420 4 3 0.465 0.53500000
M1421 4 3 0.444 0.55599999
M1422 4 3 0.836 0.16399997
M1423 4 3 0.313 0.68700001
M1424 4 3 0.077 0.92300000
M1425 4 3 0.424 0.57600001
M1426 4 3 0.253 0.74700001
M1427 4 3 0.245 0.75500000
M1428 4 3 0.909 0.09100002
M1429 4 3 0.217 0.78300001
M1430 4 3 0.644 0.35600001
M1431 4 3 0.722 0.27800000
M1432 4 3 0.699 0.30100000
M1433 4 3 0.758 0.24199998
M1434 4 3 0.222 0.77800000
M1435 4 3 0.441 0.55899999
M1436 4 3 0.888 0.11199999
M1437 4 3 0.309 0.69100001
M1438 4 3 0.772 0.22799999
M1439 4 3 0.233 0.76700000
M1440 4 3 0.706 0.29400003
M1441 4 3 0.244 0.75600000
M1442 4 3 0.178 0.82200000
M1443 4 3 0.394 0.60600001
M1444 4 3 0.618 0.38200003
M1445 4 3 0.617 0.38300002
M1446 4 3 0.538 0.46200001
M1447 4 3 0.508 0.49199998
M1448 4 3 0.910 0.08999997
M1449 4 3 0.300 0.69999999
M1450 4 3 0.469 0.53099999
M1451 4 3 0.346 0.65400001
M1452 4 3 0.683 0.31699997
M1453 4 3 0.370 0.63000000
M1454 4 3 0.290 0.71000001
M1455 4 3 0.701 0.29900002
M1456 4 3 0.385 0.61500001
M1457 4 3 0.863 0.13700002
M1458 4 3 0.422 0.57800001
M1459 4 3 0.845 0.15499997
M1460 4 3 0.528 0.47200000
M1461 4 3 0.591 0.40899998
M1462 4 3 0.570 0.43000001
M1463 4 3 0.710 0.29000002
M1464 4 3 0.508 0.49199998
M1465 4 3 0.683 0.31699997
M1466 4 3 0.605 0.39499998
M1467 4 3 0.923 0.07700002
M1468 4 3 0.777 0.22299999
M1469 4 3 0.674 0.32599998
M1470 4 3 0.860 0.13999999
M1471 4 3 0.203 0.79700001
M1472 4 3 0.879 0.12099999
M1473 4 3 0.307 0.69299999
M1474 4 3 0.751 0.24900001
M1475 4 3 0.201 0.79899999
M1476 4 3 0.683 0.31699997
M1477 4 3 0.301 0.69900000
M1478 4 3 0.703 0.29699999
M1479 4 3 0.180 0.81999999
M1480 4 3 0.717 0.28299999
M1481 4 3 0.581 0.41900003
M1482 4 3 0.623 0.37699997
M1483 4 3 0.128 0.87199999
M1484 4 3 0.314 0.68599999
M1485 4 3 0.201 0.79899999
M1486 4 3 0.626 0.37400001
M1487 4 3 0.366 0.63400000
M1488 4 3 0.139 0.86100000
M1489 4 3 0.760 0.24000001
M1490 4 3 0.585 0.41500002
M1491 4 3 0.538 0.46200001
M1492 4 3 0.373 0.62700000
M1493 4 3 0.404 0.59599999
M1494 4 3 0.564 0.43599999
M1495 4 3 0.337 0.66299999
M1496 4 3 0.202 0.79799999
M1497 4 3 0.088 0.91200000
M1498 4 3 0.700 0.30000001
M1499 4 3 0.891 0.10900003
M1500 4 3 0.715 0.28500003
M1501 4 3 0.738 0.26200002
M1502 4 3 0.352 0.64800000
M1503 4 3 0.586 0.41399997
M1504 4 3 0.400 0.59999999
M1505 4 3 0.791 0.20899999
M1506 4 3 0.128 0.87199999
M1507 4 3 0.905 0.09500003
M1508 4 3 0.355 0.64500001
M1509 4 3 0.662 0.33800000
M1510 4 3 0.198 0.80200000
M1511 4 3 0.559 0.44099998
M1512 4 3 0.744 0.25599998
M1513 4 3 0.723 0.27700001
M1514 4 3 0.961 0.03899997
M1515 4 3 0.021 0.97900000
M1516 4 3 0.801 0.19900000
M1517 4 3 0.888 0.11199999
M1518 4 3 0.877 0.12300003
M1519 4 3 0.145 0.85500000
M1520 4 3 0.217 0.78300001
M1521 4 3 0.469 0.53099999
M1522 4 3 0.678 0.32200003
M1523 4 3 0.918 0.08200002
M1524 4 3 0.028 0.97200000
M1525 4 3 0.953 0.04699999
M1526 4 3 0.881 0.11900002
M1527 4 3 0.281 0.71900001
M1528 4 3 0.404 0.59599999
M1529 4 3 0.443 0.55700001
M1530 4 3 0.032 0.96800000
M1531 4 3 0.272 0.72799999
M1532 4 3 0.572 0.42799997
M1533 4 3 0.540 0.45999998
M1534 4 3 0.578 0.42199999
M1535 4 3 0.348 0.65200001
M1536 4 3 0.233 0.76700000
M1537 4 3 0.288 0.71200001
M1538 4 3 0.227 0.77300000
M1539 4 3 0.138 0.86200000
M1540 4 3 0.539 0.46100003
M1541 4 3 0.657 0.34299999
M1542 4 3 0.282 0.71799999
M1543 4 3 0.485 0.51499999
M1544 4 3 0.168 0.83200000
M1545 4 3 0.687 0.31300002
M1546 4 3 0.303 0.69700000
M1547 4 3 0.677 0.32300001
M1548 4 3 0.070 0.93000000
M1549 4 3 0.309 0.69100001
M1550 4 3 0.209 0.79099999
M1551 4 3 0.505 0.49500000
M1552 4 3 0.651 0.34899998
M1553 4 3 0.633 0.36699998
M1554 4 3 0.035 0.96500000
M1555 4 3 0.321 0.67899999
M1556 4 3 0.959 0.04100001
M1557 4 3 0.503 0.49699998
M1558 4 3 0.264 0.73600000
M1559 4 3 0.831 0.16900003
M1560 4 3 0.426 0.57400000
M1561 4 3 0.051 0.94900000
M1562 4 3 0.696 0.30400002
M1563 4 3 0.868 0.13200003
M1564 4 3 0.091 0.90900000
M1565 4 3 0.313 0.68700001
M1566 4 3 0.793 0.20700002
M1567 4 3 0.775 0.22500002
M1568 4 3 0.733 0.26700002
M1569 4 3 0.438 0.56200001
M1570 4 3 0.899 0.10100001
M1571 4 3 0.438 0.56200001
M1572 4 3 0.371 0.62900001
M1573 4 3 0.098 0.90200000
M1574 4 3 0.169 0.83100000
M1575 4 3 0.196 0.80400001
M1576 4 3 0.242 0.75800000
M1577 4 3 0.658 0.34200001
M1578 4 3 0.245 0.75500000
M1579 4 3 0.077 0.92300000
M1580 4 3 0.934 0.06599998
M1581 4 3 0.820 0.18000001
M1582 4 3 0.744 0.25599998
M1583 4 3 0.579 0.42100000
M1584 4 3 0.845 0.15499997
M1585 4 3 0.485 0.51499999
M1586 4 3 0.856 0.14399999
M1587 4 3 0.463 0.53700000
M1588 4 3 0.848 0.15200001
M1589 4 3 0.618 0.38200003
M1590 4 3 0.450 0.55000001
M1591 4 3 0.560 0.44000000
