ID  Generaion  Genotypes (paternal allele, maternal allele) ...
63 0 2 2 1 1 1 1 2 2 1 1 2 1 2 2 1 1 2 2 1 2 2 2 2 2 2 1 1 2 1 1 1 1 1 1 2 2 1 1 2 1 1 1 1 1 1 2 1 1 2 1 2 1 1 2 1 2 2 2 2 2 1 1 2 2 2 2 1 2 1 1 2 2 1 1 2 2 2 2 2 1 2 2 1 1 1 2 1 2 1 2 1 2 2 1 2 2 1 1 1 2 1 2 2 1 2 2 2 2 2 2 1 1 1 1 2 1 2 2 1 2 1 1 2 1 1 1 1 2 1 2 2 2 2 2 2 2 2 1 1 2 1 1 1 1 1 1 2 2 1 1 2 1 2 2 1 1 1 1 1 1 1 2 1 1 1 2 2 2 2 1 2 2 2 1 1 1 2 2 2 1 1 2 2 2 1 2 1 2 2 1 1 2 1 1 1 2 1 1 2 2 2 2 2 1 1 1 1 2 2 2 1 2 2 2 1 2 1 1 2 2 1 1 1 1 2 1 2 2 2 2
82 0 2 2 1 1 1 1 1 2 2 2 2 2 1 2 1 1 2 2 1 1 2 2 2 2 2 2 1 1 2 2 1 1 1 2 2 2 1 1 1 1 1 2 1 1 1 2 1 1 2 2 2 2 2 2 2 1 2 1 2 1 1 1 2 1 2 2 2 2 1 1 2 2 1 1 1 2 1 1 1 1 2 2 1 1 1 2 2 1 1 1 2 2 2 2 1 1 2 1 1 2 1 1 2 2 1 1 2 1 2 2 2 1 2 1 2 1 2 2 1 2 1 1 2 1 1 2 1 1 1 2 2 1 2 2 2 2 2 1 1 2 2 2 1 2 2 1 2 2 1 1 1 2 1 1 1 1 1 1 1 2 2 2 1 1 1 1 2 2 2 1 2 2 2 1 1 1 1 2 1 2 1 2 2 2 2 2 1 1 2 2 1 1 1 2 2 1 1 1 2 1 2 2 1 1 1 1 1 1 2 2 1 1 2 2 2 1 1 2 1 1 2 1 2 1 2 1 2 2 2 2
192 0 2 1 1 2 1 2 2 2 1 1 2 2 1 1 1 1 1 2 2 1 2 2 2 1 2 2 2 1 1 2 1 1 1 1 1 2 1 1 2 1 1 1 1 1 2 2 2 1 2 2 2 1 2 2 2 1 1 1 1 2 2 1 2 2 2 2 2 2 2 1 1 2 2 2 2 2 1 2 2 1 2 2 2 1 1 1 1 1 2 2 2 2 1 2 2 2 1 1 2 1 2 1 1 2 2 2 2 1 2 1 1 2 2 1 2 2 1 2 1 1 1 1 1 1 1 2 2 1 2 2 2 1 2 2 2 2 1 2 2 1 1 2 1 1 1 1 2 1 1 2 2 2 2 1 2 1 1 1 1 1 1 1 2 2 1 1 2 2 2 2 2 1 2 2 1 2 2 1 1 1 2 2 2 2 2 2 1 1 1 1 2 2 1 1 2 2 1 1 2 2 2 2 1 1 1 2 1 2 2 2 1 2 2 2 1 2 1 1 1 2 1 1 1 1 2 1 2 2 2 2
126 0 2 1 1 2 1 2 1 2 1 1 1 2 2 2 1 1 1 2 2 1 1 2 2 2 2 2 2 1 1 2 1 1 2 2 1 2 1 2 1 2 2 1 1 1 2 2 1 1 2 2 2 2 2 2 1 1 1 1 2 1 1 2 1 2 2 1 2 2 1 1 1 2 2 1 2 2 2 1 1 2 2 2 1 1 2 1 1 1 1 1 2 1 2 2 1 1 1 1 1 2 1 1 2 2 1 2 1 1 1 2 2 1 2 1 2 2 1 2 1 1 2 2 2 1 2 1 1 2 1 1 2 2 1 1 1 2 2 2 1 1 1 2 1 1 1 2 2 2 1 1 1 1 1 1 2 2 2 1 1 1 2 1 1 1 2 2 1 2 2 1 2 2 2 2 1 1 2 2 2 1 1 2 1 1 1 1 1 2 2 1 2 2 2 2 2 2 1 1 2 2 2 2 2 2 1 2 1 1 2 1 1 1 1 2 1 1 1 2 2 1 1 1 2 1 2 2 2 1 2 2
16 0 1 1 1 1 2 2 2 2 2 2 2 2 2 2 2 2 1 2 1 1 1 2 2 2 1 2 2 1 2 1 1 1 1 1 2 2 1 1 2 1 1 2 2 1 1 1 1 1 1 2 2 2 2 2 2 1 1 1 1 2 1 1 1 1 1 2 1 2 1 1 2 1 2 1 2 2 1 1 2 1 1 1 1 1 1 2 1 1 2 1 1 2 2 2 1 1 1 2 2 1 1 1 2 2 1 1 2 2 2 2 1 1 1 1 1 1 2 1 1 2 2 2 2 2 1 2 1 1 1 1 2 2 2 1 2 2 2 1 1 2 1 1 1 1 1 2 2 1 1 2 1 1 2 2 1 1 1 2 2 1 2 2 1 1 2 1 1 2 2 2 2 1 2 1 2 2 2 2 1 2 1 1 2 2 2 2 2 1 1 1 2 2 2 2 2 2 1 1 2 1 2 2 1 1 1 2 1 1 2 2 1 1 2 2 1 1 1 2 1 1 1 1 2 2 2 1 1 1 2 2
151 0 1 1 2 1 2 2 1 1 1 1 1 1 1 2 1 1 2 2 1 1 2 2 2 2 2 1 2 2 2 1 1 2 1 1 2 2 1 1 1 1 1 1 1 1 2 1 1 1 1 2 1 2 1 1 1 1 1 1 1 1 1 2 2 2 1 2 2 2 2 1 1 1 1 2 2 2 2 1 1 1 1 1 1 1 2 1 2 1 2 2 2 1 2 2 1 1 1 1 2 1 1 1 2 2 2 2 2 2 2 2 1 1 1 1 2 2 2 2 1 1 1 2 2 2 2 2 1 1 1 1 2 2 2 1 2 1 1 1 1 1 1 1 1 1 1 1 2 2 2 1 1 1 2 1 1 1 1 2 1 1 2 1 1 2 1 1 2 2 2 2 1 2 2 1 1 1 1 2 2 2 1 1 1 2 1 1 2 1 2 2 2 1 1 1 2 2 2 2 2 2 2 2 1 2 1 1 2 1 2 1 1 1 1 1 1 1 2 1 1 2 1 1 1 2 2 1 2 1 2 2
171 0 2 2 1 1 2 1 2 1 2 2 1 2 2 2 1 1 1 2 2 1 1 2 2 1 2 2 2 2 1 1 1 1 2 2 2 1 1 1 1 1 1 1 2 1 2 1 1 1 2 2 2 2 2 1 1 1 1 1 1 1 1 2 1 2 2 2 2 2 1 1 2 1 1 2 2 1 1 1 1 2 2 1 1 1 1 2 1 2 2 1 1 2 2 1 1 2 2 1 1 2 1 2 2 1 1 2 2 2 2 2 2 1 2 1 2 1 2 1 1 2 2 1 1 2 2 1 1 2 1 1 2 2 2 2 2 2 2 2 1 1 2 2 1 1 2 2 1 2 1 1 2 1 2 2 2 1 2 1 1 1 1 1 1 1 1 2 2 1 2 2 2 2 1 1 1 1 2 2 1 2 2 1 2 1 2 1 1 2 2 2 2 1 2 2 2 2 1 1 1 2 2 2 1 1 2 2 2 1 2 2 1 1 2 2 2 1 2 2 1 2 1 2 1 1 2 2 2 1 2 2
28 0 1 2 1 1 2 2 1 2 1 2 1 2 1 1 1 1 2 2 1 1 2 2 2 2 1 2 2 1 1 1 1 1 2 1 2 1 1 2 1 2 1 2 1 1 1 2 1 1 1 2 2 2 2 2 1 2 1 2 1 1 2 1 2 2 2 1 2 2 1 1 1 2 1 1 1 1 1 1 1 1 2 2 1 1 1 2 1 2 2 2 2 2 2 1 1 1 1 1 2 2 1 1 2 1 2 1 1 1 2 2 1 2 1 2 1 1 2 2 1 1 2 2 1 2 1 2 2 1 2 1 1 1 2 1 2 2 2 2 2 1 2 2 1 1 1 1 2 2 1 2 1 2 1 2 1 2 2 1 1 2 2 2 2 1 1 1 2 2 2 1 2 2 2 1 1 1 2 2 2 1 1 2 1 2 1 2 1 2 2 1 1 1 2 1 2 1 1 1 2 1 2 2 2 1 1 1 1 2 2 2 1 1 1 1 1 1 1 2 2 1 1 1 1 1 2 2 2 2 2 2
196 0 2 2 2 1 2 1 1 1 1 1 1 1 2 2 2 1 2 2 1 1 2 1 2 2 2 1 1 2 1 1 1 1 2 2 1 2 1 1 1 1 1 1 1 1 1 1 1 1 1 2 1 2 1 2 2 2 2 1 2 1 1 1 2 2 2 2 2 2 2 1 1 2 2 1 2 1 2 1 1 1 2 2 1 1 2 1 2 2 1 1 1 2 1 2 1 1 1 2 1 1 1 1 2 2 2 1 1 2 1 2 2 2 1 1 2 2 2 2 1 2 1 1 1 2 1 1 1 1 1 1 2 2 2 2 2 2 2 2 1 1 2 1 1 1 1 1 2 2 1 1 2 1 1 2 2 1 1 1 1 1 1 1 1 1 1 1 2 2 2 2 1 1 2 1 1 2 2 2 1 2 2 1 1 2 1 2 1 1 2 1 2 2 1 2 1 2 1 1 2 1 2 2 1 1 2 1 2 1 2 2 1 1 2 2 1 1 1 1 2 1 1 1 1 2 1 2 2 1 2 2
24 0 1 1 2 1 2 2 1 1 2 2 1 2 1 1 1 1 1 1 1 2 2 2 1 2 2 2 2 2 1 1 1 1 1 2 2 2 1 1 1 1 2 1 1 1 2 2 1 1 2 2 2 2 2 1 2 1 1 2 1 2 1 1 1 2 2 1 2 1 1 1 1 2 2 2 2 2 2 1 1 1 2 1 1 1 2 1 1 1 1 2 2 1 2 2 1 1 1 1 1 1 1 1 2 2 1 2 1 2 1 2 2 2 2 2 2 2 1 1 1 1 1 2 2 1 2 1 1 2 1 2 2 1 1 2 1 2 2 2 1 2 2 2 1 1 1 1 2 2 1 1 2 2 1 1 1 1 2 2 1 1 2 2 1 1 2 1 2 2 2 2 2 1 1 1 1 1 2 2 1 2 2 1 1 2 1 2 1 1 2 1 1 1 1 1 1 2 1 1 2 2 2 1 1 1 2 1 1 1 2 2 1 1 2 2 1 1 1 1 1 1 1 1 1 2 2 2 2 2 2 2
58 0 1 2 2 1 2 1 2 1 2 2 2 2 1 2 1 2 2 1 1 1 2 2 1 2 1 2 2 1 1 1 1 1 2 1 2 1 1 1 1 1 1 1 2 1 1 2 1 1 1 1 1 2 1 2 1 2 1 2 1 1 1 2 2 2 1 1 2 2 1 1 2 2 2 2 2 1 1 2 1 2 1 2 1 1 1 2 1 2 1 1 2 2 1 2 1 1 2 1 2 2 1 1 1 2 1 2 2 1 2 1 2 2 1 1 2 1 2 1 2 2 2 1 1 2 1 1 2 1 1 1 2 2 2 1 2 1 2 2 2 1 1 2 1 1 2 1 1 2 1 1 2 2 2 1 2 1 1 1 1 1 2 2 1 1 2 2 2 2 1 1 2 2 1 1 1 1 2 2 1 1 2 2 1 1 1 1 1 1 2 2 1 1 2 2 1 2 1 1 1 1 2 2 1 2 2 1 2 1 2 2 2 1 2 1 2 1 1 1 2 1 1 1 1 2 1 1 2 1 2 2
83 0 1 2 2 1 2 2 2 2 1 2 1 2 2 2 1 1 2 1 1 2 2 2 2 2 2 2 1 2 1 1 1 2 2 1 2 2 2 1 2 1 1 1 1 2 2 2 1 1 2 2 2 2 2 2 2 1 2 1 2 1 1 2 2 2 1 2 1 2 2 2 2 1 1 2 2 2 1 1 1 1 1 2 1 1 2 2 2 2 1 2 2 2 1 2 1 1 1 2 2 1 1 1 2 1 1 2 1 2 1 2 2 1 1 1 1 1 2 2 1 1 2 2 2 2 2 2 1 1 1 1 2 2 1 2 2 2 1 2 2 1 1 2 1 1 1 1 2 2 1 1 1 2 2 1 1 2 1 1 1 1 2 1 1 1 2 2 2 1 1 2 2 2 1 1 1 1 2 2 1 2 2 1 1 2 1 2 1 2 2 1 1 2 2 2 2 2 1 1 2 1 2 2 2 1 2 1 2 1 2 2 1 1 1 1 1 1 1 1 2 1 2 2 2 2 2 2 2 2 2 2
37 0 2 2 1 1 1 1 2 1 2 1 1 1 1 2 1 2 2 2 1 1 2 2 1 2 1 2 2 2 1 1 1 1 1 1 1 1 1 1 1 1 1 1 1 1 2 2 1 1 2 2 2 2 2 2 1 2 2 2 1 1 1 2 2 2 2 2 2 2 1 1 2 2 1 2 2 2 1 2 1 2 1 1 1 1 1 1 1 1 2 2 1 1 2 2 1 1 1 1 2 1 2 1 1 2 2 2 2 2 2 2 1 1 2 1 1 2 2 2 1 1 1 2 1 1 2 1 1 2 1 2 2 2 2 2 2 2 1 2 1 1 2 2 1 1 2 1 1 2 1 2 2 2 2 1 2 1 2 1 1 1 1 1 1 1 1 1 2 2 2 2 2 2 1 2 1 1 2 1 1 2 2 1 1 2 1 2 2 1 1 2 2 2 2 2 2 2 1 1 1 1 2 2 1 1 1 2 1 1 2 2 1 1 2 2 2 1 1 2 1 1 1 2 1 1 1 2 2 1 2 2
183 0 1 2 2 1 2 2 2 2 1 2 1 2 2 2 1 1 2 1 1 2 2 2 2 2 2 2 1 2 1 1 1 2 2 1 2 2 2 1 2 1 1 1 1 2 2 2 1 1 2 2 2 2 2 2 2 1 2 1 2 1 1 2 2 2 1 2 1 2 2 2 1 2 2 1 2 2 1 1 1 1 2 1 1 1 2 2 2 2 2 1 2 2 2 1 1 1 2 1 1 2 1 1 1 2 1 2 1 2 1 2 2 1 1 1 1 1 2 2 1 1 2 2 2 2 2 2 1 1 1 1 2 2 1 2 2 2 1 2 2 1 1 2 1 1 1 1 2 2 1 1 1 2 2 1 1 2 1 1 1 1 2 1 1 1 2 2 2 1 1 2 2 2 1 1 1 1 2 2 1 2 2 1 1 2 1 2 1 2 2 1 1 2 2 2 2 2 1 1 2 1 2 2 1 2 1 2 1 2 2 2 1 1 1 1 1 1 1 1 1 2 2 2 2 2 2 2 2 2 2 2
54 0 2 1 1 2 1 2 2 2 2 2 2 2 1 1 1 1 2 2 1 1 2 2 2 1 2 2 2 2 1 2 2 1 1 1 2 2 1 1 1 1 1 1 2 1 2 1 1 1 2 2 2 2 2 2 1 2 2 2 1 2 1 1 2 2 1 1 2 1 1 1 1 2 2 2 2 2 1 2 1 1 1 2 1 1 1 2 1 1 2 1 1 1 2 2 1 2 1 2 2 2 2 1 1 1 2 1 2 2 2 2 1 1 1 1 1 1 2 2 1 1 2 2 1 2 1 2 2 2 2 2 2 2 2 2 2 2 2 2 1 1 2 2 1 1 1 1 2 2 2 1 2 2 1 2 1 2 1 2 1 1 1 2 1 1 1 1 2 2 2 2 2 1 2 1 1 2 2 2 1 2 1 1 2 2 2 2 2 1 2 2 2 1 1 1 2 2 1 1 2 2 2 2 1 1 2 1 2 2 2 2 2 2 2 2 2 1 1 1 2 2 1 1 1 1 2 1 2 2 2 2
48 0 1 2 2 1 2 1 2 2 1 2 2 2 1 1 1 2 2 2 1 1 2 2 2 1 2 2 1 1 2 1 1 1 2 2 2 2 1 1 1 1 1 1 2 1 1 1 1 1 1 2 2 2 2 2 2 1 1 2 2 1 2 1 2 2 2 2 2 2 1 1 1 1 2 2 2 2 2 2 1 1 2 2 1 1 2 2 2 1 2 1 2 2 1 1 2 1 1 2 1 2 1 2 2 1 1 2 2 2 2 2 1 1 2 2 2 1 1 2 1 1 2 1 1 2 1 1 1 2 1 2 2 2 2 2 2 2 2 2 1 2 1 2 2 2 1 1 2 2 1 1 2 2 1 1 1 1 1 1 2 1 2 1 1 2 1 1 2 2 1 2 2 1 1 2 1 2 2 1 1 1 2 2 1 2 1 2 1 1 2 1 1 2 2 1 2 2 2 1 2 2 2 2 2 1 1 2 1 2 2 2 2 2 2 2 1 2 1 1 2 2 1 1 1 1 2 1 1 2 1 2
26 0 2 1 1 2 1 2 1 2 1 1 2 1 2 2 1 1 2 1 1 2 2 1 2 2 2 2 1 2 1 2 1 1 2 2 1 2 1 2 1 2 2 1 1 1 2 2 1 1 2 2 2 2 2 2 1 1 1 1 2 1 1 2 1 2 2 1 2 2 1 1 1 2 2 1 2 2 2 1 1 2 2 2 1 1 2 1 1 1 1 1 2 1 2 2 1 1 1 1 1 2 1 1 2 2 1 2 1 1 1 2 2 1 2 1 2 2 1 2 1 1 2 2 2 1 2 1 1 2 1 1 2 2 1 1 1 2 2 2 1 1 1 2 1 1 1 2 2 2 1 1 1 1 1 1 2 2 2 1 1 1 2 1 1 1 2 2 2 1 1 2 2 2 2 2 1 1 2 2 1 2 2 1 1 1 1 1 2 1 1 2 2 2 2 2 2 2 1 1 2 2 2 2 2 2 2 1 1 1 1 2 1 1 2 1 1 1 2 1 1 2 1 1 1 2 2 2 1 2 2 2
8 0 1 2 1 1 2 2 2 2 1 2 1 2 1 2 1 2 2 1 1 1 2 2 1 2 2 2 1 1 1 2 1 1 2 2 1 2 1 2 1 2 1 1 1 2 1 1 1 2 1 2 1 1 1 1 2 2 1 1 2 2 2 1 2 2 1 1 2 1 1 2 2 2 2 1 2 2 2 2 2 1 2 2 2 1 2 1 2 1 2 2 1 2 1 1 2 2 2 1 2 2 1 1 2 2 2 2 2 1 2 1 2 2 2 2 2 1 1 2 2 1 2 2 2 1 2 2 1 1 1 2 2 1 1 1 1 2 2 2 1 1 1 2 1 1 1 2 2 2 2 2 2 1 1 2 1 1 1 1 1 1 1 2 2 1 1 2 2 2 2 1 2 2 1 1 1 1 2 2 2 1 1 2 1 1 1 1 1 1 2 2 2 1 2 2 2 2 1 1 2 2 2 2 1 2 1 1 1 1 2 2 1 1 2 1 2 1 2 1 1 2 2 1 1 2 2 2 2 2 2 2
45 0 2 2 1 1 2 1 1 2 2 1 2 1 2 2 2 2 1 2 1 1 2 2 2 2 2 2 1 2 2 1 1 1 2 1 2 1 1 1 1 1 1 1 1 1 2 2 1 2 2 2 2 2 2 2 2 1 2 1 1 1 2 1 2 2 2 2 2 2 1 1 2 2 2 1 2 2 2 2 2 1 1 2 1 1 1 2 1 2 2 1 1 1 2 1 1 1 1 1 2 2 2 1 1 2 2 2 2 1 2 1 1 2 2 1 1 1 2 1 1 2 2 2 1 1 2 1 1 2 2 2 1 2 2 2 2 2 2 1 2 1 2 2 1 1 1 1 2 2 1 2 1 2 1 2 2 1 1 2 1 1 1 1 1 2 2 1 2 2 1 1 2 1 1 2 1 1 2 1 2 2 1 1 1 1 1 1 2 2 2 1 2 2 1 2 2 2 2 1 2 1 2 2 1 1 2 1 1 1 1 2 1 1 2 2 1 2 2 1 1 1 1 1 1 1 2 1 1 2 2 2
47 0 2 2 1 1 1 1 2 2 2 2 2 1 1 2 1 2 2 1 1 1 2 1 2 2 2 2 2 2 1 2 1 2 2 2 2 2 1 1 1 1 1 1 1 1 1 2 1 1 2 1 2 1 1 1 2 1 2 2 1 2 2 1 2 2 2 2 2 2 1 1 2 2 2 1 1 2 1 2 1 2 2 1 1 1 1 2 1 2 2 1 2 1 2 2 2 2 1 1 2 2 1 2 1 2 1 2 1 2 2 2 2 2 2 2 2 1 2 2 1 1 1 1 2 2 1 1 2 2 1 1 2 2 2 2 2 2 2 2 1 1 2 1 1 1 2 2 2 1 1 2 1 1 2 2 1 1 1 1 1 1 1 2 1 1 2 1 1 2 2 2 2 1 1 2 1 1 2 1 2 2 1 1 1 1 1 1 2 2 2 2 1 1 2 2 2 2 1 1 2 2 2 2 1 1 1 2 1 1 2 1 1 1 2 2 1 1 2 2 1 2 1 2 1 1 2 2 1 1 2 1
6 0 1 2 2 1 1 2 2 2 1 1 2 2 1 2 1 1 1 2 1 1 2 2 2 1 1 2 2 2 1 1 2 1 2 1 2 1 1 1 2 2 1 2 1 1 1 1 2 2 2 2 2 2 2 1 2 2 2 1 1 1 1 1 2 2 1 1 2 2 1 1 2 1 2 2 2 1 1 1 1 1 1 2 1 2 1 2 1 2 1 2 2 2 1 1 1 1 1 1 1 2 1 2 2 2 2 2 2 2 2 2 2 2 2 2 2 1 1 2 1 1 1 2 2 2 2 2 1 1 1 1 2 2 2 2 2 2 2 1 1 2 2 1 1 1 1 1 2 2 1 2 2 1 1 2 2 2 1 1 1 1 1 1 1 1 1 1 2 2 2 2 2 1 2 1 1 2 2 2 2 2 2 1 2 2 2 2 2 1 2 1 1 2 2 2 2 2 1 1 2 1 2 1 1 1 1 1 1 1 2 2 1 1 2 1 1 1 2 1 2 1 1 1 1 1 1 2 2 2 2 2
64 0 1 2 1 1 2 1 1 1 2 1 2 1 1 2 2 1 2 2 1 1 2 2 1 2 2 1 2 1 1 1 1 1 1 2 2 2 1 2 1 1 1 1 1 1 1 2 2 1 2 1 2 1 2 2 1 1 1 2 1 1 1 2 1 2 2 1 2 2 1 2 2 2 1 2 2 1 2 1 1 1 2 2 1 1 1 2 1 2 1 2 1 1 2 1 1 1 2 2 1 1 1 1 2 2 1 2 1 2 1 2 2 1 2 1 1 2 2 2 1 1 2 1 1 2 1 1 2 1 2 1 2 2 1 1 2 1 2 2 1 1 2 2 1 1 1 1 2 2 1 1 2 2 2 1 1 2 1 1 1 1 2 1 1 1 2 2 2 1 1 2 2 2 1 2 1 1 2 2 1 2 2 1 1 1 1 1 1 1 2 2 1 1 1 2 2 2 1 1 2 1 2 2 1 1 1 1 2 1 2 2 2 1 2 2 1 1 1 1 2 1 1 1 1 2 1 1 2 2 2 2
175 0 2 2 1 1 1 1 1 2 1 2 1 1 2 2 1 1 2 2 1 1 2 2 2 1 2 2 2 1 1 1 1 1 1 2 2 2 1 1 1 1 1 1 1 1 2 1 1 1 2 2 2 2 1 2 1 2 2 2 1 1 2 2 2 2 1 2 1 1 1 2 2 2 2 1 1 1 2 1 2 2 2 1 1 1 2 1 2 1 1 2 2 1 2 1 1 2 1 2 2 1 1 1 2 2 2 1 1 2 1 2 2 1 1 2 1 2 1 1 2 1 2 1 2 2 2 1 1 1 1 1 2 2 1 1 2 1 2 2 1 1 2 2 1 1 1 1 1 2 1 2 2 2 1 1 1 1 1 1 1 1 2 1 2 2 1 1 1 2 1 2 2 1 1 2 1 2 1 1 2 1 1 2 2 1 2 1 2 1 1 2 1 1 1 2 1 2 1 2 2 2 2 2 1 1 2 2 2 1 2 1 1 1 2 2 1 2 1 1 2 2 2 1 2 1 2 2 1 2 2 2
11 0 2 2 1 1 1 1 2 2 2 1 2 1 2 2 2 1 2 1 1 1 2 1 2 2 1 2 2 1 2 1 2 1 2 2 2 2 1 1 1 1 1 1 1 1 2 2 1 1 2 2 2 2 2 2 1 2 2 1 1 1 1 1 2 2 2 2 1 2 1 1 2 2 1 1 2 1 2 1 2 1 2 2 2 1 2 1 2 1 1 1 2 2 2 1 2 1 2 1 2 2 2 2 2 1 1 2 2 2 2 2 1 2 1 2 2 1 2 2 1 1 1 2 2 1 1 2 1 1 1 1 2 2 2 2 2 2 2 1 2 1 2 1 2 1 2 2 2 1 1 1 1 2 2 2 1 2 2 1 1 1 1 1 1 2 2 1 1 2 2 2 2 2 2 2 2 1 2 2 1 2 2 1 1 2 2 1 2 1 2 2 1 1 2 2 2 2 1 1 2 1 2 2 2 1 1 1 1 1 1 2 1 1 1 1 2 1 2 1 1 1 1 2 1 2 2 2 1 2 2 2
88 0 2 2 1 1 2 1 2 1 1 2 2 2 1 1 2 1 2 2 2 1 1 2 2 2 1 2 2 1 2 1 1 2 1 2 1 2 1 2 1 2 1 1 1 1 2 2 1 1 2 2 2 2 2 2 2 1 2 1 1 1 1 2 2 2 2 1 1 2 2 2 2 1 2 2 1 1 1 2 1 1 2 1 1 1 2 1 1 1 2 2 1 1 2 2 2 1 2 1 1 2 1 1 2 2 2 2 2 1 2 2 2 1 1 1 2 1 2 2 1 1 2 2 1 2 1 2 2 2 1 1 2 2 2 2 2 2 2 1 1 2 1 1 1 1 1 1 2 1 2 1 1 1 1 1 1 2 1 1 1 2 1 1 1 2 2 1 1 2 2 1 2 1 1 2 1 1 2 1 1 2 2 1 2 1 2 1 1 2 2 2 1 1 1 1 2 2 1 1 2 2 2 2 1 2 1 1 1 1 2 2 1 1 2 2 1 1 1 2 2 2 1 2 2 1 2 2 1 1 1 1
199 0 1 1 1 2 2 2 2 2 1 2 1 1 2 2 1 1 2 1 1 2 2 1 2 2 2 1 2 2 2 1 2 1 2 2 2 2 1 2 1 1 1 1 1 1 2 1 1 1 2 1 2 1 2 2 1 2 1 1 2 1 1 2 2 2 2 1 1 1 1 1 1 1 1 1 2 2 1 1 1 1 1 1 1 1 2 2 1 1 1 1 2 2 1 2 2 1 2 1 1 2 1 1 2 2 1 2 2 2 2 2 1 2 1 2 2 1 2 2 1 2 2 1 1 1 1 2 1 1 2 2 1 1 2 2 2 2 2 2 1 1 1 2 1 1 2 1 1 2 2 1 1 2 2 1 1 2 1 1 1 1 1 1 2 1 1 1 2 2 2 2 2 2 1 2 1 1 2 2 1 2 2 1 2 2 2 2 2 1 1 1 2 2 1 1 1 2 1 1 2 2 2 2 1 1 2 2 2 2 2 2 1 2 2 2 1 2 1 1 2 2 1 1 2 1 2 1 2 2 2 2
150 0 2 2 1 1 2 1 2 1 1 1 2 1 1 2 2 1 2 2 2 1 1 2 2 2 1 2 2 1 1 1 2 1 2 1 2 2 1 2 1 2 1 1 1 1 2 1 1 2 1 2 1 2 1 2 1 1 1 1 2 1 1 1 2 2 2 2 2 1 2 1 2 2 1 1 2 2 1 1 1 1 2 1 2 1 2 1 2 1 2 2 2 1 2 2 2 1 2 1 1 1 1 1 2 2 1 2 2 2 2 2 2 1 1 1 2 2 2 2 2 1 2 1 1 1 1 1 2 2 1 2 2 2 2 2 2 2 2 1 1 2 1 1 1 1 1 1 2 1 2 1 1 2 1 2 1 2 1 2 1 1 1 1 1 1 2 2 1 1 2 2 2 2 1 2 1 1 2 2 1 2 2 1 2 1 2 2 1 2 2 2 2 1 2 2 2 2 1 1 1 2 2 2 2 1 2 1 2 1 2 2 1 1 1 2 1 1 1 2 2 1 2 2 2 1 2 2 2 1 2 1
123 0 1 1 1 1 2 2 2 2 1 2 1 1 2 2 2 1 2 2 2 1 1 1 2 2 2 2 1 2 1 1 2 1 1 1 1 2 1 2 1 2 2 1 1 1 2 1 1 1 1 2 1 1 1 2 2 1 2 2 1 2 1 1 1 2 2 1 2 2 1 1 2 2 2 2 2 1 1 1 1 1 2 2 1 1 1 2 1 1 2 2 2 2 2 1 1 2 2 1 1 2 1 2 1 1 1 2 1 1 2 1 2 2 1 1 1 1 2 2 1 1 2 2 1 1 1 1 2 2 2 1 1 2 2 2 1 2 1 1 2 1 2 1 2 1 1 2 2 1 1 1 1 2 2 2 2 2 1 1 1 1 1 1 1 1 1 2 2 1 2 2 2 2 2 1 1 1 2 2 2 2 1 1 2 1 2 1 1 2 1 2 1 1 2 2 2 2 2 1 1 1 1 1 1 1 2 2 2 2 2 2 1 1 2 2 1 1 2 2 2 2 2 2 1 1 2 2 2 2 2 2
72 0 1 1 2 1 2 2 1 2 1 2 1 2 2 2 1 1 2 2 1 2 2 1 2 2 2 1 1 2 1 1 1 1 1 2 1 2 1 1 1 1 1 1 1 1 1 2 1 2 2 1 2 1 2 1 2 2 2 2 2 1 1 2 2 2 2 2 2 2 2 1 1 1 1 2 2 2 1 1 2 1 2 1 1 1 1 1 2 1 2 2 1 1 2 2 1 1 1 1 2 1 2 1 2 2 2 2 2 2 2 2 2 1 2 1 2 2 1 2 1 1 2 2 1 1 1 1 2 2 1 2 2 1 2 2 2 2 2 2 1 2 2 2 1 1 2 1 2 2 1 1 2 1 2 2 1 2 1 1 1 1 2 1 1 1 2 2 2 1 1 1 2 2 1 1 1 1 2 2 1 1 2 2 1 1 1 1 1 1 2 2 1 1 2 2 1 2 1 2 1 2 2 2 1 2 2 1 2 1 2 2 2 1 2 2 2 1 1 2 2 1 1 1 1 2 1 1 2 1 2 2
182 0 2 2 1 1 1 1 1 2 2 2 2 2 1 2 1 1 2 2 1 1 2 2 2 2 2 2 1 1 2 2 1 1 1 2 2 2 1 1 1 1 1 2 1 1 1 2 1 1 2 2 2 2 2 2 2 1 2 1 2 1 1 1 2 1 2 2 2 2 1 1 2 2 1 1 2 1 1 1 1 1 2 2 1 1 2 1 1 2 1 1 2 2 2 2 1 1 2 1 1 2 1 1 2 2 1 1 2 1 2 2 2 1 2 1 2 1 2 2 1 2 1 1 2 1 1 2 1 1 1 2 2 1 2 2 2 2 2 1 1 2 2 2 1 2 2 1 2 2 1 1 1 2 1 1 1 1 1 1 1 2 2 2 1 1 1 1 2 2 2 1 2 2 2 1 1 1 1 2 1 2 1 2 2 2 2 2 1 1 2 2 1 1 1 2 2 1 1 1 2 1 2 2 1 1 1 1 1 1 2 2 1 1 2 2 2 1 1 2 1 1 2 1 2 1 2 1 2 2 2 2
90 0 1 2 1 1 2 1 1 1 1 2 1 2 1 1 1 1 2 2 1 1 2 2 1 2 1 1 2 2 1 1 1 2 1 1 1 2 1 1 1 1 1 1 1 2 2 1 1 1 2 1 2 1 2 1 1 1 2 2 1 1 1 1 2 2 2 2 2 2 1 1 2 1 2 1 1 1 1 1 1 2 2 1 2 1 2 2 2 1 2 2 1 1 1 1 2 2 2 2 2 1 1 1 2 2 1 1 2 2 2 2 1 2 1 1 1 1 1 2 1 1 2 1 2 2 2 1 1 2 1 2 2 2 1 2 1 2 1 2 1 1 1 1 1 1 1 2 2 1 1 1 1 2 1 2 1 2 2 1 1 1 1 1 2 1 1 1 2 2 2 2 2 2 1 2 1 1 2 2 2 2 1 1 2 1 1 1 1 2 2 2 1 1 2 2 2 2 2 1 2 2 2 2 1 1 1 1 1 1 2 2 1 1 2 2 1 1 2 1 1 2 1 1 2 1 1 2 1 2 2 2
160 0 2 1 2 2 2 2 1 1 1 1 1 1 2 2 2 1 2 2 1 1 1 2 2 2 2 2 1 1 1 1 1 1 2 1 2 2 1 2 1 2 1 1 1 1 2 2 1 1 2 2 2 2 1 2 2 2 2 1 1 2 1 1 2 1 1 1 1 2 2 2 2 2 1 1 2 2 2 2 1 1 2 2 1 1 2 2 2 1 2 1 2 1 1 1 1 1 1 1 2 1 1 1 2 2 1 1 1 1 2 2 1 1 1 2 1 1 2 2 2 1 1 2 1 1 1 1 1 2 1 1 2 2 2 2 2 2 2 2 1 2 2 1 1 1 1 2 2 1 1 1 1 2 1 2 1 2 2 1 1 1 1 1 2 2 1 1 2 1 2 1 2 2 1 1 1 1 2 1 2 2 1 1 2 1 1 1 1 1 1 2 1 1 1 2 1 2 1 1 1 2 1 2 1 1 1 1 2 1 2 2 1 1 2 2 2 1 2 1 1 1 1 1 1 2 2 1 2 1 2 2
111 0 2 2 1 1 1 1 2 2 2 1 2 1 2 2 2 1 2 1 1 1 2 1 2 2 1 2 2 1 2 1 2 1 2 2 2 2 1 1 1 1 1 1 1 1 2 2 1 1 2 2 2 2 2 2 2 1 1 2 1 1 1 1 2 2 2 2 2 1 1 1 2 2 1 1 1 2 1 2 2 1 2 2 2 1 2 1 2 1 1 1 2 2 2 1 2 1 2 1 2 2 2 2 2 1 1 2 2 2 2 2 1 2 1 2 2 1 2 2 1 1 1 2 2 1 1 2 1 1 1 1 2 2 2 2 2 2 2 1 2 1 2 1 2 1 2 2 2 1 1 1 1 2 2 2 1 2 2 1 1 1 1 1 1 2 2 1 1 2 2 2 2 2 2 2 2 1 2 2 2 1 1 2 2 1 1 2 1 2 2 2 1 1 2 2 2 2 1 1 1 2 2 2 1 2 1 1 1 1 2 1 1 1 1 1 1 2 1 2 1 1 2 1 2 1 2 2 2 1 2 2
29 0 2 1 1 2 1 2 2 2 1 1 2 1 1 2 1 1 1 1 1 1 2 2 2 1 2 1 2 2 1 1 1 1 1 1 1 2 1 1 1 1 1 1 1 2 2 1 1 1 1 2 2 2 2 1 1 1 2 2 1 1 2 1 2 2 2 2 2 2 1 1 2 2 2 2 1 1 1 1 1 1 2 1 2 1 2 2 2 1 2 2 1 2 1 2 1 2 1 1 1 1 1 1 2 2 2 2 2 1 2 1 2 2 2 1 2 2 1 2 1 1 1 2 1 1 1 2 2 2 2 1 2 2 2 2 2 2 1 2 2 2 1 2 1 1 1 2 2 1 1 1 2 2 1 2 1 2 2 1 1 1 2 1 2 2 1 1 2 2 1 2 2 2 2 2 1 1 2 2 1 1 2 2 2 2 2 2 2 1 1 1 1 2 1 1 1 2 1 1 2 2 2 2 1 1 1 1 1 1 2 2 1 1 2 2 1 1 1 1 2 1 1 1 2 1 2 2 1 2 1 2
56 0 2 2 1 1 1 1 2 1 1 2 2 1 2 1 1 1 2 1 1 2 2 2 2 2 2 1 1 2 1 1 2 1 2 2 2 1 1 1 2 1 1 1 2 1 1 2 1 1 1 1 2 2 2 2 2 2 1 2 2 1 1 2 2 2 1 1 1 2 1 1 2 2 2 2 2 1 2 2 1 2 2 2 1 1 2 2 1 2 2 1 2 2 2 2 1 1 1 1 1 2 1 1 2 2 1 2 2 1 2 1 1 2 1 1 2 1 2 1 1 2 1 1 2 2 1 1 1 2 1 1 2 2 2 2 2 2 1 2 2 1 1 2 1 1 1 2 2 1 1 2 1 1 1 2 2 2 1 1 1 2 1 2 1 2 2 1 1 2 2 2 2 2 2 2 1 1 1 1 2 1 1 1 1 2 1 2 2 1 2 1 1 1 1 1 2 2 1 1 1 2 2 2 1 1 1 1 2 2 2 2 2 2 2 2 1 1 1 1 2 2 1 1 1 1 1 1 2 2 2 2
20 0 2 2 1 1 2 1 2 1 2 1 2 1 1 2 1 1 2 2 1 1 2 2 2 2 1 2 2 1 1 1 2 1 1 1 2 2 1 2 1 2 1 1 2 1 1 1 1 2 1 2 1 2 1 1 1 1 2 2 1 2 1 1 2 2 2 2 2 2 1 1 1 2 2 1 2 2 1 1 2 1 1 2 1 1 1 2 1 2 2 2 1 1 2 2 1 1 2 2 1 2 1 2 2 1 2 2 2 2 2 2 1 1 1 1 1 2 2 2 1 1 2 1 1 1 1 1 2 2 1 2 2 2 2 2 2 2 2 1 1 2 1 1 1 1 2 1 1 2 1 1 2 2 2 2 2 1 2 2 1 1 1 2 1 1 2 1 1 2 2 2 2 1 2 1 1 2 2 2 2 2 1 1 2 1 2 2 1 2 2 2 1 1 2 2 2 2 1 1 2 2 2 2 1 1 1 1 1 1 2 2 1 1 2 2 2 1 1 2 1 1 2 2 2 1 2 2 1 1 2 1
86 0 2 2 1 1 1 2 2 2 1 2 2 2 1 2 1 2 1 2 2 1 2 2 2 2 2 1 2 2 1 1 1 2 1 1 1 2 1 1 1 2 1 1 2 1 1 1 1 2 1 2 1 2 2 2 2 1 1 1 1 1 2 1 2 2 2 2 1 1 1 1 2 2 2 2 1 2 1 1 1 2 2 2 1 2 2 1 2 2 1 2 2 2 2 1 1 1 2 2 1 1 1 1 2 2 1 1 2 2 2 2 1 1 2 2 2 2 1 1 1 1 1 2 1 1 1 1 2 2 2 1 2 2 2 2 2 2 1 2 2 1 1 1 1 1 1 1 2 2 1 1 1 2 2 1 1 1 1 1 1 2 2 2 1 1 2 1 2 2 1 1 2 2 1 1 1 1 2 2 1 1 2 2 1 2 1 2 1 2 2 1 1 1 2 1 2 1 1 1 2 2 2 2 1 1 1 1 1 1 2 1 1 1 1 1 1 1 1 2 2 1 1 2 1 1 2 2 1 1 2 1
30 0 2 1 1 2 1 2 2 2 2 2 2 2 2 2 2 2 1 2 2 1 2 2 2 2 1 1 2 2 1 2 2 2 2 2 1 2 1 1 1 1 1 1 1 1 2 2 1 1 1 2 1 2 1 1 2 2 2 2 1 1 2 1 2 2 2 1 2 2 1 1 2 2 1 2 2 2 1 2 1 1 2 2 1 1 1 1 2 1 1 1 2 2 2 1 1 1 2 1 1 2 1 2 2 1 1 2 1 2 2 2 2 2 1 2 1 1 2 2 1 1 1 2 2 1 1 1 1 2 1 2 2 2 2 2 2 2 2 2 2 1 2 1 2 1 2 1 2 2 1 1 1 2 2 1 1 1 1 1 2 2 1 1 1 2 1 1 2 2 1 1 2 2 1 1 1 1 2 2 1 1 2 2 2 2 2 2 2 1 1 2 2 1 2 1 2 2 1 2 1 2 2 2 1 1 1 2 1 1 2 2 1 1 1 2 1 1 1 1 1 1 2 1 2 1 2 2 2 2 2 2
177 0 1 2 1 1 2 1 2 2 1 1 2 1 1 2 1 1 2 2 1 1 2 1 1 1 1 1 2 2 1 1 1 2 2 1 1 1 1 1 1 2 2 1 1 1 1 2 1 1 2 2 2 2 2 1 2 1 2 2 2 1 1 2 2 1 2 2 2 2 2 1 1 2 2 2 2 2 2 2 1 2 2 2 1 1 2 1 2 1 1 2 1 1 1 2 1 1 1 2 1 1 1 1 2 2 2 1 1 1 1 2 2 2 1 2 2 2 2 1 1 1 2 1 1 2 1 1 2 1 1 1 2 2 2 2 2 2 2 2 2 1 2 1 2 1 2 1 2 2 1 1 1 1 2 2 1 1 1 2 1 1 1 1 1 1 1 2 2 1 2 2 1 2 1 2 2 1 2 2 2 2 1 1 2 2 2 1 1 1 1 2 2 1 2 1 2 1 1 1 1 1 2 1 1 1 1 2 1 2 2 2 1 1 2 2 1 1 1 2 1 2 1 2 2 1 2 2 1 2 2 2
25 0 1 1 2 2 2 2 2 1 1 1 2 1 2 1 1 1 1 1 2 2 2 2 2 2 2 2 1 2 1 2 1 2 2 2 1 2 1 1 1 1 1 1 1 1 1 2 1 1 2 1 2 2 2 2 2 1 2 2 1 2 1 1 2 2 2 2 2 2 2 1 1 2 1 1 1 1 1 2 1 1 1 2 1 1 1 2 1 2 1 2 2 2 1 1 1 2 1 1 2 2 2 2 2 1 2 2 2 2 2 2 2 1 2 1 2 1 1 2 1 1 2 2 1 1 1 1 2 2 2 1 2 2 2 1 2 2 1 2 1 1 1 1 1 1 1 2 2 2 1 2 1 1 1 1 2 1 2 2 1 1 2 1 1 1 2 2 2 1 1 2 2 2 2 2 1 2 2 2 1 1 2 1 1 2 1 2 1 1 2 2 1 1 2 1 2 2 1 1 2 2 2 2 1 1 1 1 1 1 2 2 1 1 2 1 1 1 1 1 2 1 1 1 2 2 2 1 1 1 2 2
122 0 1 2 1 1 2 2 2 2 1 1 1 2 1 2 1 2 2 1 1 1 2 2 2 2 2 1 1 2 1 2 1 1 1 1 2 2 1 2 1 2 1 1 1 1 2 1 1 2 1 2 2 2 2 2 2 1 1 1 2 1 2 2 2 2 2 2 2 2 1 2 1 2 1 2 2 2 1 2 1 1 2 2 1 1 1 2 1 2 1 2 2 2 1 1 1 2 1 1 2 1 1 1 2 1 2 2 2 1 2 2 2 2 2 2 2 1 2 2 1 1 2 2 1 1 1 2 2 1 2 1 1 2 2 2 1 2 2 2 2 2 2 1 1 1 2 1 1 2 1 1 2 1 2 1 2 1 1 2 1 1 1 1 1 2 1 1 2 2 2 2 2 2 1 1 1 2 2 1 1 1 1 1 2 2 2 2 1 1 2 1 1 1 1 2 2 1 1 1 2 1 2 2 1 1 1 2 1 1 2 2 1 1 2 1 1 2 1 1 2 1 1 1 2 2 2 2 1 2 2 2
136 0 1 2 2 1 1 1 1 1 2 1 2 1 1 2 2 1 2 2 1 1 2 2 1 2 1 2 2 1 1 1 2 1 1 1 1 2 1 2 1 1 1 1 1 1 2 2 1 2 2 2 2 2 2 1 2 1 1 2 1 2 2 1 2 2 2 2 2 1 1 1 2 1 1 2 1 2 2 1 1 2 2 2 1 1 2 2 2 2 2 2 2 1 1 2 1 2 2 1 1 2 1 2 2 1 1 2 2 2 2 2 2 1 2 1 2 1 1 2 1 1 1 2 2 2 2 2 1 1 1 1 2 2 2 1 2 1 1 2 1 1 2 1 1 1 1 1 2 2 1 1 2 1 2 1 2 2 2 1 1 1 1 1 1 1 1 1 2 2 2 2 1 2 1 2 2 1 2 2 2 2 1 2 2 2 2 2 1 1 2 1 2 1 1 2 2 2 2 1 2 2 2 2 1 2 1 1 1 1 2 2 1 1 2 1 2 1 1 1 1 2 2 1 2 2 2 2 2 2 2 2
169 0 1 2 1 1 2 1 2 2 1 2 2 2 1 2 1 2 1 1 2 1 2 2 2 2 2 2 1 1 2 1 1 1 1 2 1 2 1 1 1 1 2 1 2 1 1 2 1 1 2 2 1 2 2 1 1 2 2 2 2 1 1 1 2 2 2 2 2 2 1 2 1 1 2 2 1 2 2 1 2 1 1 2 1 1 2 2 2 2 1 2 2 2 1 2 2 1 1 2 2 2 2 1 2 2 2 2 2 1 2 1 2 2 2 1 2 1 2 2 1 1 2 1 2 2 2 1 1 1 1 1 2 2 1 2 1 2 1 2 1 1 1 1 1 1 1 1 2 2 1 1 1 2 2 1 1 1 1 2 2 1 2 2 1 2 1 2 2 1 2 2 2 2 2 2 1 2 2 2 2 2 2 1 2 2 2 1 1 1 2 2 1 1 2 1 2 2 1 1 2 2 2 2 1 2 1 1 1 1 2 2 1 1 2 2 1 1 2 2 1 1 1 1 1 2 2 1 1 1 2 2
131 0 2 1 1 1 1 2 1 2 2 2 2 2 2 2 1 2 2 2 1 2 2 2 1 2 2 2 2 1 1 2 1 1 1 1 1 1 1 2 1 1 1 1 1 2 1 1 2 1 2 2 2 2 2 2 1 2 1 2 1 2 2 1 2 2 2 2 2 2 1 1 2 1 2 2 2 2 1 2 2 1 2 2 1 2 2 1 2 1 1 2 2 2 2 2 1 2 1 2 2 1 1 1 2 2 1 2 2 2 2 2 1 1 1 1 1 2 2 2 1 1 1 2 2 2 1 1 1 2 1 1 2 2 2 2 2 2 1 2 1 2 1 2 1 1 2 1 1 2 1 1 2 1 1 1 1 2 1 1 1 1 1 1 1 1 1 1 2 2 2 2 2 1 2 1 1 1 2 1 2 1 1 1 2 2 2 2 1 1 1 2 1 1 1 2 2 1 1 1 2 1 1 2 1 1 1 1 1 1 2 2 1 1 2 2 1 1 1 2 1 1 1 2 2 1 2 2 2 1 2 1
62 0 2 1 1 1 1 2 2 2 2 2 1 2 2 1 1 1 2 2 1 1 2 2 1 2 2 1 2 2 1 1 1 2 1 1 1 2 1 1 2 1 2 1 1 1 1 1 2 1 2 2 2 2 1 1 2 1 1 2 1 1 1 1 2 2 1 2 2 2 1 1 1 2 2 2 2 2 2 2 2 2 2 2 1 1 2 2 2 2 1 1 1 1 1 2 1 2 1 1 2 1 2 1 1 2 2 2 2 2 2 2 1 2 2 2 1 1 2 2 1 1 1 2 2 1 2 1 1 2 1 2 2 1 2 2 2 1 2 2 1 2 2 2 1 2 1 1 2 2 1 1 2 1 1 2 2 1 1 1 1 1 1 1 1 2 1 1 2 2 2 2 2 2 2 1 1 1 2 2 2 2 2 1 2 2 2 2 2 1 2 1 1 1 2 2 2 2 1 1 2 2 2 2 1 1 1 2 1 2 2 2 1 2 2 2 1 2 2 1 2 2 2 1 1 1 2 1 1 2 1 2
1 0 1 2 1 1 2 1 2 1 1 2 2 2 1 1 1 1 2 2 1 1 2 2 1 2 1 2 2 1 1 2 1 1 2 1 1 2 1 1 1 1 1 1 1 2 2 2 1 1 1 2 2 2 2 2 1 2 2 1 2 2 1 1 1 2 1 2 2 2 2 2 1 1 1 1 2 2 2 2 1 1 1 1 1 1 2 2 2 2 2 1 2 2 2 1 1 1 1 1 1 2 1 1 2 2 2 2 2 2 2 2 1 2 1 2 1 1 1 2 1 1 2 1 1 2 1 1 2 1 1 1 2 2 2 2 2 2 2 2 2 1 2 2 2 1 2 2 2 2 1 1 1 1 2 1 1 1 2 1 1 1 1 2 1 1 2 2 1 2 2 2 2 2 2 2 1 1 2 1 2 1 1 2 2 2 1 2 1 1 2 2 1 2 1 2 1 2 1 2 1 2 1 2 1 2 2 1 2 1 2 1 1 1 2 1 1 1 2 1 2 2 2 1 1 2 2 1 2 1 2 2
50 0 2 2 1 1 2 1 2 1 1 1 2 1 2 1 1 2 2 2 1 2 2 1 2 2 2 1 1 2 1 1 1 2 1 2 2 2 2 1 2 1 1 1 1 1 1 2 2 1 2 1 2 1 2 1 1 1 1 1 1 2 1 1 2 2 2 2 2 1 2 1 2 2 1 1 2 2 1 1 1 1 2 1 2 1 2 1 2 1 2 2 2 1 2 2 2 1 2 1 1 1 1 1 2 2 1 2 2 2 2 2 2 1 1 1 2 2 2 2 2 1 2 1 1 1 1 1 2 2 1 2 2 2 2 2 2 2 2 1 1 2 1 1 1 1 1 1 2 1 2 1 1 2 1 2 2 1 2 1 1 1 1 1 1 1 2 2 1 1 2 2 2 2 2 1 1 1 2 2 2 1 1 2 1 2 2 2 2 1 2 2 1 2 2 2 2 2 1 1 2 1 2 2 1 2 1 2 1 2 2 2 1 1 2 1 1 1 2 1 1 2 2 2 1 2 2 2 1 2 1 2
76 0 1 1 1 2 2 1 2 1 2 2 2 2 2 2 2 2 1 2 1 1 2 1 2 2 1 2 2 2 1 2 2 1 2 1 2 2 1 2 2 1 1 1 1 1 2 1 1 1 2 2 2 2 2 2 1 2 2 1 2 2 1 1 1 2 2 2 2 2 2 1 1 1 2 1 2 2 2 2 1 1 2 2 1 1 2 1 1 1 1 2 2 2 1 1 1 2 2 2 2 1 1 1 1 2 1 1 1 2 2 2 2 2 2 1 1 1 2 2 1 1 2 1 1 2 1 2 2 1 2 1 1 2 2 2 1 2 2 1 2 1 2 2 2 1 1 1 2 2 1 1 1 2 2 2 1 2 1 2 1 1 1 1 1 1 2 2 1 1 2 2 2 2 1 2 1 1 2 2 2 1 1 1 2 2 2 2 1 2 1 1 2 2 2 2 2 2 1 1 1 1 2 1 1 1 1 1 1 1 2 2 1 1 2 2 2 1 1 1 1 1 1 1 1 1 1 1 2 1 2 1
31 0 2 1 1 1 1 2 1 2 2 2 2 2 2 2 1 2 2 2 1 2 2 2 1 2 2 2 2 1 1 2 1 1 1 1 1 1 1 2 1 1 1 1 1 2 1 1 2 1 2 2 2 2 2 2 1 2 1 2 1 2 2 1 2 2 2 2 2 2 1 1 2 1 2 2 2 2 2 1 1 2 2 2 2 1 1 2 1 2 2 1 2 2 2 2 1 2 1 2 2 1 1 1 2 2 1 2 2 2 2 2 1 1 1 1 1 2 2 2 1 1 1 2 2 2 1 1 1 2 1 1 2 2 2 2 2 2 1 2 1 2 1 2 1 1 2 1 1 2 1 1 2 1 1 1 1 2 1 1 1 1 1 1 1 1 1 1 2 2 2 2 2 1 2 1 1 1 2 1 2 1 1 1 2 2 2 2 1 1 1 2 1 1 1 2 2 1 1 1 2 1 1 2 1 1 1 1 1 1 2 2 1 1 2 2 1 1 1 2 1 1 1 2 2 1 2 2 2 1 2 1
79 0 1 1 1 2 2 2 1 2 2 1 2 1 2 1 1 1 1 2 2 1 1 2 2 2 2 1 2 2 1 1 1 2 2 2 1 2 1 2 1 2 1 1 1 1 1 2 1 1 2 2 2 2 1 2 1 2 1 2 1 1 2 1 2 2 2 2 2 2 1 1 1 2 2 2 1 1 1 1 2 1 1 2 1 2 2 2 2 2 2 2 1 1 1 1 2 2 1 2 1 1 1 1 2 2 2 2 2 1 2 2 1 2 2 2 1 1 2 2 1 1 2 1 2 2 2 2 1 1 1 1 2 2 1 1 2 1 2 2 2 1 2 2 1 1 1 1 2 2 1 1 1 2 1 1 2 1 2 1 1 2 2 1 1 2 2 1 2 2 1 1 2 2 2 1 1 1 1 2 2 1 1 2 2 2 2 2 1 2 2 1 1 2 1 2 2 2 1 1 2 1 2 2 2 1 1 1 1 1 2 2 1 1 2 1 1 1 1 1 2 1 1 1 1 1 2 2 2 2 2 2
51 0 1 1 2 1 2 2 1 1 1 1 1 1 1 2 1 1 2 2 1 1 2 2 2 2 1 2 2 2 1 2 2 1 1 1 2 2 1 1 1 1 1 1 1 1 1 2 1 1 2 1 2 1 1 1 1 1 1 1 1 1 2 1 2 2 2 1 2 2 1 2 1 1 2 1 2 2 1 2 1 1 1 1 1 1 2 1 2 1 2 2 2 1 2 2 1 1 1 1 2 1 1 1 2 2 2 2 2 2 2 2 1 1 1 1 2 2 2 2 1 1 1 2 2 2 2 2 1 1 1 1 2 2 2 1 2 1 1 1 1 1 1 1 1 1 1 1 2 2 2 1 1 1 2 1 1 1 1 2 1 1 2 1 1 2 1 1 2 2 2 2 1 2 2 1 1 1 1 2 2 2 1 1 1 2 1 1 2 1 2 2 2 1 1 1 2 2 2 2 2 2 2 2 1 2 1 1 2 1 2 1 1 1 1 1 1 1 2 1 1 2 1 1 1 2 2 1 2 1 2 2
134 0 2 1 2 2 2 2 1 2 1 1 1 2 2 2 2 2 2 2 2 1 2 2 2 2 2 2 2 1 1 1 1 1 1 2 2 1 1 1 1 1 1 1 2 1 1 1 1 1 1 1 1 1 2 1 2 2 1 2 1 2 2 1 2 2 2 2 2 2 1 1 2 2 2 1 2 1 1 1 2 1 2 2 1 1 1 1 1 1 2 1 2 2 1 2 1 1 1 2 1 1 1 1 2 2 2 1 2 2 2 2 1 2 1 1 1 2 2 2 1 2 1 2 1 1 1 1 1 2 1 2 2 2 2 2 2 2 2 2 1 1 2 1 1 1 1 2 2 1 1 1 2 2 1 2 2 2 1 2 1 1 1 2 2 1 1 1 2 2 2 2 2 1 2 2 1 1 1 2 1 1 1 2 2 1 2 1 2 1 2 2 2 2 1 1 2 1 1 1 2 2 2 2 1 1 2 2 2 1 2 1 1 1 2 2 1 1 1 1 2 1 1 2 1 2 1 2 2 2 2 2
65 0 1 1 2 2 1 2 1 2 1 1 1 2 2 1 1 1 2 1 1 2 2 2 2 2 2 1 2 2 2 1 1 1 1 2 2 1 1 1 1 1 1 2 1 1 2 2 1 1 2 2 2 2 1 2 1 1 2 1 1 1 2 1 2 2 1 2 2 1 1 1 2 2 2 1 2 2 1 1 2 1 2 2 1 1 2 2 2 1 1 1 2 2 1 1 2 1 2 1 1 1 1 1 2 2 1 2 2 2 2 2 2 2 2 2 2 2 1 1 1 1 1 2 2 1 2 2 1 2 1 1 2 2 2 2 2 2 1 2 1 2 2 2 1 1 1 2 2 1 1 1 2 1 2 2 2 1 1 1 1 1 1 1 1 1 1 1 2 2 2 2 2 2 1 2 1 2 2 1 1 2 2 1 2 1 2 1 1 2 2 2 2 1 2 1 2 2 1 1 1 1 2 2 1 1 1 2 2 1 2 1 2 1 2 2 2 1 1 2 2 1 1 1 1 1 1 2 2 1 2 2
66 0 1 1 2 1 2 2 2 2 1 1 2 1 1 2 1 1 2 1 1 2 1 1 2 2 1 1 2 2 1 1 1 1 1 2 2 2 1 1 1 1 1 1 1 1 1 1 1 1 2 2 2 2 2 2 1 2 2 2 1 1 1 1 2 2 2 1 2 2 1 1 1 2 2 1 2 1 2 1 2 1 2 2 1 1 1 2 2 2 2 2 2 2 2 1 1 1 2 2 2 1 1 1 1 2 1 1 2 2 2 2 1 2 1 2 1 2 2 2 1 1 2 2 1 1 1 2 2 1 1 1 2 2 2 2 2 2 1 1 2 2 1 1 1 1 1 1 2 2 2 2 1 1 2 2 2 2 1 1 1 1 1 1 1 1 2 1 1 2 2 2 2 1 1 2 2 1 2 1 2 1 1 1 2 2 2 2 1 1 2 2 1 2 2 1 2 2 1 1 2 2 2 2 2 1 1 1 1 1 2 2 1 1 1 2 1 1 1 1 2 1 1 1 1 1 2 2 2 1 2 2
39 0 1 1 2 1 2 2 2 1 2 2 2 2 2 2 1 2 2 1 1 2 1 2 2 2 1 1 2 2 1 1 1 2 2 2 1 1 1 1 1 1 1 1 1 1 1 2 1 1 2 1 2 1 2 1 2 2 2 2 2 1 1 2 2 2 2 2 2 2 1 2 1 1 2 1 2 2 2 1 2 1 2 1 1 1 2 2 2 1 1 1 2 2 2 2 1 1 1 2 1 1 1 1 2 2 2 1 2 2 2 2 1 2 1 2 2 2 2 2 1 1 2 2 1 2 1 1 2 1 2 2 2 1 1 2 2 1 2 2 1 2 2 1 1 2 1 2 1 1 2 1 2 1 1 1 1 1 2 1 1 1 2 1 1 1 2 1 2 2 1 2 2 1 2 1 1 2 2 2 1 1 2 2 1 2 1 2 2 1 1 2 2 2 2 2 2 2 1 1 2 1 2 2 2 1 1 1 1 1 2 2 1 2 1 2 1 2 1 1 2 1 1 2 1 2 1 2 2 2 2 2
21 0 1 2 2 1 2 2 1 1 1 1 1 1 2 1 1 1 2 2 1 2 2 1 2 2 2 2 2 2 1 1 1 1 1 1 2 1 1 2 1 2 1 2 2 1 1 2 1 1 2 2 1 2 2 1 1 1 2 2 1 1 1 1 2 2 2 2 1 2 1 1 2 2 1 2 2 1 2 1 1 1 2 1 2 1 1 2 1 1 2 2 2 2 1 2 2 2 1 1 2 1 2 1 1 2 2 2 2 1 2 1 1 2 2 1 1 2 2 2 1 1 2 2 1 2 1 2 2 1 1 1 2 2 2 1 2 2 2 2 1 1 2 2 1 1 1 2 2 2 2 1 1 2 2 1 1 2 1 2 1 1 1 2 1 2 2 1 2 2 2 2 2 1 1 2 1 2 2 2 1 2 2 2 2 2 2 2 1 1 1 1 2 1 1 1 2 2 1 1 2 2 2 1 1 1 2 1 2 1 2 2 2 1 2 2 2 1 1 1 2 1 1 1 1 2 1 2 2 2 2 2
191 0 1 2 2 1 1 2 2 2 1 2 2 1 2 2 1 1 2 1 1 2 2 2 2 2 2 1 1 2 1 1 1 1 1 2 1 2 1 1 1 1 1 1 1 1 2 1 1 1 2 2 2 1 1 2 1 1 2 2 2 2 1 1 2 2 1 1 1 2 1 1 2 2 2 2 2 2 2 1 1 2 2 2 1 1 2 2 2 2 2 1 2 2 2 2 1 1 2 2 1 2 1 1 2 1 2 1 2 2 2 2 2 1 1 1 2 1 2 2 1 1 1 2 2 1 2 2 1 2 1 1 2 2 2 2 2 2 2 1 1 2 2 1 1 1 1 1 2 2 1 2 2 2 1 1 2 1 1 1 1 1 1 1 1 2 1 2 2 2 2 2 2 2 2 1 1 1 2 1 2 2 1 1 1 2 1 2 1 1 2 2 1 2 2 1 2 2 2 2 2 2 2 2 1 1 1 1 2 1 2 2 2 1 2 2 1 1 1 1 2 2 1 1 1 1 1 2 2 1 2 2
198 0 1 2 2 1 1 2 1 2 2 1 2 2 2 1 1 1 2 1 1 1 2 2 2 2 2 1 1 2 1 1 1 2 1 2 2 2 1 1 1 2 1 1 1 1 2 1 1 2 1 2 1 2 2 2 2 1 1 2 1 1 2 2 2 2 2 2 1 2 1 1 2 2 1 2 2 1 2 1 1 1 2 2 1 1 1 2 1 2 2 1 2 2 2 2 2 1 1 2 1 1 1 1 2 2 1 1 2 2 2 2 1 1 2 2 2 2 1 1 1 1 1 2 2 2 2 2 1 1 1 1 2 2 2 2 2 2 1 1 1 2 2 1 1 1 1 1 2 2 1 2 2 1 2 2 2 2 2 1 1 1 1 1 1 1 2 1 1 2 2 2 2 1 2 1 1 2 2 2 2 2 2 1 2 2 2 2 1 1 1 2 1 1 2 2 2 2 1 1 2 2 2 2 1 1 2 1 1 1 2 2 2 1 1 2 1 1 1 1 1 1 1 1 2 2 2 2 1 2 2 2
95 0 2 2 1 1 1 2 2 1 2 1 1 2 2 1 2 1 1 1 2 1 2 2 2 2 2 1 2 2 2 1 1 2 1 2 2 2 1 1 1 1 2 1 2 1 1 1 1 1 2 1 2 2 2 2 2 1 2 2 2 2 2 1 2 2 2 2 2 2 1 2 2 1 1 1 2 2 1 2 1 1 2 2 1 1 2 2 2 1 2 2 1 1 1 2 1 2 1 2 2 1 1 1 2 2 1 1 2 2 2 2 2 2 2 2 1 2 2 1 1 1 1 1 2 2 1 1 1 1 1 1 2 2 1 2 1 2 2 2 1 2 1 1 1 2 2 1 1 2 1 1 1 2 1 2 1 2 1 2 1 1 1 1 1 1 1 2 2 1 2 2 2 2 2 2 1 1 1 2 2 2 2 1 2 1 1 2 2 2 2 2 1 1 2 2 1 2 1 1 1 2 2 2 1 1 1 1 1 1 2 2 1 1 2 2 1 1 2 2 1 1 1 2 1 1 1 2 2 1 2 1
68 0 1 1 1 2 2 2 2 2 2 1 1 1 1 2 1 2 2 2 1 1 2 2 2 2 1 2 2 1 1 1 2 1 2 2 2 1 2 1 1 1 1 1 2 1 1 1 1 1 2 2 2 1 2 1 1 2 2 2 1 2 1 2 2 2 2 1 2 2 1 1 1 1 2 2 2 2 2 1 1 2 2 1 1 1 2 2 1 2 1 1 2 2 1 1 1 2 1 1 2 2 2 2 2 1 2 2 2 2 2 2 2 1 2 1 2 1 1 2 1 1 2 2 1 1 2 1 2 2 1 1 2 2 2 1 2 2 1 2 2 1 1 1 1 1 1 2 2 2 2 2 1 1 2 2 2 1 1 1 1 1 1 2 1 1 2 2 1 2 2 1 2 2 2 1 1 1 2 2 2 1 1 2 1 2 1 2 1 1 2 1 1 2 2 2 2 2 1 1 1 1 2 2 1 1 1 1 1 1 2 2 1 1 2 2 1 1 1 1 1 1 1 1 2 2 1 2 2 1 2 2
60 0 2 1 1 2 1 2 1 1 2 2 2 2 2 2 2 2 1 1 1 1 2 1 2 2 2 1 1 2 1 1 1 1 2 1 2 2 1 1 1 1 1 1 2 2 1 1 1 1 2 1 1 1 2 2 1 2 2 1 1 1 2 2 2 2 2 2 2 2 1 1 2 2 1 2 2 2 1 1 1 1 1 2 1 1 2 1 1 1 1 2 1 2 2 1 1 2 1 1 1 2 2 2 2 1 2 2 2 2 2 2 2 1 2 2 1 1 2 2 1 1 1 2 2 1 1 1 1 2 1 1 2 2 1 2 1 2 2 2 1 2 2 1 1 1 1 2 2 1 1 1 2 2 1 2 1 2 1 2 1 1 2 2 1 1 2 1 2 2 1 2 1 2 2 1 1 1 2 2 1 1 2 2 1 1 1 1 1 1 2 2 2 1 1 2 1 1 1 1 2 1 2 2 1 1 2 2 1 2 1 2 1 2 2 2 1 2 1 1 1 2 2 1 2 1 2 1 2 2 2 2
138 0 1 1 1 2 2 2 1 2 2 1 2 1 2 1 2 1 1 2 1 1 2 2 2 2 2 1 1 2 1 1 1 2 1 2 1 2 1 1 1 2 1 1 1 1 2 2 2 1 1 2 1 2 1 2 2 2 2 1 1 1 2 1 2 1 2 2 2 2 2 2 1 2 2 1 2 2 2 1 1 1 2 2 1 1 2 2 2 1 2 1 2 2 1 1 1 1 2 2 2 2 1 2 2 1 2 2 1 2 2 2 1 1 1 2 1 1 2 2 1 1 2 1 2 2 1 2 1 1 1 1 2 2 2 1 2 1 2 2 1 1 1 2 1 1 1 1 2 2 1 1 2 2 2 1 2 1 1 1 1 1 1 1 1 2 2 1 1 2 2 1 2 2 2 2 1 1 1 2 2 2 1 2 2 2 2 2 1 1 1 2 1 2 2 2 2 2 1 1 2 1 2 2 1 1 2 2 2 1 2 2 2 2 1 1 1 1 1 1 2 1 1 1 1 2 1 2 1 1 2 2
143 0 1 2 2 1 1 1 1 2 2 1 2 1 1 2 2 1 2 2 1 1 2 1 1 1 1 1 1 2 1 1 2 2 1 1 1 1 1 1 2 1 1 1 1 1 2 2 1 1 2 2 2 2 1 2 1 2 2 1 1 1 2 2 2 2 2 2 2 2 1 1 1 2 2 1 2 1 1 2 2 1 2 2 1 1 2 2 2 2 1 2 2 2 2 1 1 2 2 1 1 2 1 2 1 1 1 2 2 2 2 2 2 1 1 1 2 1 2 2 1 1 1 1 1 2 1 2 2 1 2 1 2 2 2 2 2 2 1 1 2 1 1 2 1 1 2 1 1 2 1 1 1 2 1 2 1 2 1 2 1 1 2 1 1 1 2 1 2 2 2 2 2 1 2 1 1 2 1 2 1 2 2 1 2 2 2 2 1 1 2 2 2 2 2 1 2 2 1 2 1 2 2 2 1 1 2 1 1 1 2 2 1 1 2 2 1 2 1 1 2 1 1 2 1 2 2 2 2 2 2 2
32 0 1 2 1 1 2 2 1 1 1 2 1 2 1 2 1 1 2 2 1 1 2 2 2 1 1 2 2 2 1 1 1 1 2 2 2 2 2 1 1 2 1 2 1 1 1 2 1 2 1 2 1 2 2 1 2 1 1 2 1 2 2 1 2 2 1 2 1 1 1 1 1 2 1 1 2 2 1 1 1 1 1 2 1 1 1 1 1 1 2 2 2 2 1 1 2 2 2 2 1 1 1 1 2 2 1 2 2 2 2 2 1 1 1 1 2 2 2 2 2 1 2 2 1 1 1 2 2 1 1 2 2 1 2 2 2 2 2 2 2 2 2 2 2 1 2 1 2 2 1 1 1 1 1 2 2 1 1 2 1 1 1 1 1 1 1 1 2 2 2 1 1 2 1 1 2 1 2 2 1 1 2 2 2 2 2 2 1 2 2 1 2 1 2 1 2 1 1 1 1 2 2 2 1 1 1 1 1 1 2 1 2 1 2 1 2 1 1 1 1 2 2 2 2 2 2 2 1 2 2 2
157 0 2 1 1 2 1 1 2 2 1 2 1 1 1 1 1 1 2 2 1 1 2 2 1 2 1 2 2 2 2 1 1 1 1 2 2 2 2 1 1 1 1 1 2 1 1 1 1 1 1 2 2 1 2 2 1 2 2 2 1 2 1 2 2 2 2 1 2 2 1 1 1 2 1 1 2 2 2 1 2 1 2 2 1 1 2 2 1 1 1 2 1 2 1 1 2 2 1 1 1 1 1 1 2 2 1 2 2 2 1 2 2 1 2 1 1 1 2 1 1 1 1 1 2 2 1 2 2 1 1 1 2 2 2 2 2 2 2 2 1 1 2 2 1 1 2 1 1 2 2 1 1 2 2 1 1 2 2 1 1 1 2 1 2 2 1 1 2 2 2 2 1 2 2 2 2 1 2 1 2 2 2 1 2 2 2 2 1 1 2 2 1 2 1 1 2 2 1 2 2 2 1 2 1 1 1 2 1 2 2 2 1 1 1 2 1 2 2 1 1 1 2 1 1 1 2 2 1 1 1 1
140 0 2 2 1 1 1 1 1 2 1 2 2 2 2 2 1 1 2 2 1 1 2 1 2 2 1 1 2 2 2 1 1 1 1 1 1 2 1 1 1 1 1 2 2 2 1 1 1 1 1 1 2 2 2 2 1 2 1 1 1 2 2 1 2 2 2 1 2 1 1 1 1 2 1 2 1 2 1 2 1 1 1 2 1 1 1 1 1 1 2 2 1 2 2 2 1 1 1 1 1 2 1 1 2 2 2 2 2 1 2 2 1 1 1 1 2 1 2 2 1 1 2 2 2 2 2 1 1 1 1 1 2 2 1 2 1 1 2 2 2 1 2 1 2 1 1 1 2 2 1 1 1 2 2 1 2 1 1 1 1 1 1 1 1 1 2 1 1 2 2 2 2 2 2 2 1 1 1 2 1 2 1 1 2 2 2 2 1 1 2 2 2 1 1 2 2 2 1 1 2 2 2 2 1 1 1 1 1 2 2 2 1 2 2 2 2 1 1 1 2 2 1 1 1 1 1 1 2 2 2 2
116 0 2 1 1 2 1 2 2 2 2 2 2 2 2 1 1 1 2 1 1 1 2 2 2 2 2 2 1 1 2 1 1 1 2 2 2 1 1 1 1 1 1 1 2 1 2 1 1 1 1 2 2 2 2 2 2 2 1 2 1 1 2 1 2 2 1 2 1 2 1 1 2 2 1 1 2 2 1 1 1 2 1 2 1 2 2 2 2 2 1 2 1 2 2 1 2 1 1 1 1 2 1 1 2 1 2 1 2 1 2 2 2 1 2 1 1 2 2 2 1 1 1 1 1 2 1 2 2 1 2 1 2 2 2 1 2 1 2 2 1 1 2 2 1 1 2 1 2 2 1 1 2 2 2 1 1 1 1 1 1 1 1 2 2 1 1 2 2 2 1 1 2 2 2 1 1 1 1 2 1 1 1 2 2 1 2 1 1 1 2 2 1 1 2 2 2 2 1 1 2 2 2 2 1 1 1 1 1 2 2 2 1 1 2 2 1 2 1 2 1 1 1 1 2 1 2 2 1 2 1 2
19 0 1 2 1 1 2 2 1 1 2 2 2 2 1 2 1 1 2 2 1 1 2 2 2 1 2 2 2 2 1 1 1 1 2 2 2 2 1 1 2 1 1 1 1 1 2 1 1 1 1 2 2 1 2 2 2 2 2 2 2 2 1 1 1 2 2 2 2 2 1 1 1 2 1 2 1 2 1 1 1 1 2 1 1 1 1 1 1 1 2 2 2 1 2 2 2 1 2 1 2 1 1 1 2 2 2 2 2 2 2 2 2 2 1 2 2 2 2 1 2 1 2 2 2 1 2 2 1 1 1 1 2 2 1 2 2 2 2 1 2 1 2 1 1 1 1 2 2 1 1 2 1 2 1 1 2 1 2 2 1 1 2 2 1 2 2 1 2 2 1 2 2 2 2 2 1 1 1 1 2 1 1 1 2 2 2 2 1 2 2 2 2 2 1 1 2 2 1 1 1 2 1 2 1 2 2 1 2 1 2 1 1 1 2 1 1 2 2 2 2 1 2 1 1 1 2 2 2 1 2 2
132 0 1 2 1 1 2 2 1 1 1 2 1 2 1 2 1 1 2 2 1 1 2 2 2 1 1 2 2 2 1 1 1 1 2 2 2 2 2 1 1 2 1 2 1 1 1 2 1 2 1 2 1 2 2 1 2 1 1 2 1 2 2 1 2 2 1 2 1 1 1 1 1 2 1 1 2 2 1 1 1 1 1 2 1 1 1 1 1 1 2 2 2 2 1 1 2 2 2 2 1 1 1 1 2 2 1 2 2 2 2 2 1 1 1 1 2 2 2 2 2 1 2 2 1 1 1 2 2 1 1 2 2 1 2 2 2 2 2 2 2 2 2 2 2 1 2 1 2 2 1 1 1 1 2 1 1 2 2 1 1 1 1 1 1 1 1 1 2 2 1 2 2 1 1 1 1 2 2 2 1 1 2 2 2 2 2 2 1 2 2 1 2 1 2 1 2 1 1 1 1 2 2 2 1 1 1 1 1 1 2 1 2 1 2 1 2 1 1 1 1 2 2 2 2 2 2 2 1 2 2 2
7 0 1 1 2 2 2 2 2 2 1 2 2 2 2 2 1 2 1 2 1 1 2 2 2 2 2 2 2 1 2 2 1 1 1 2 2 2 1 1 1 1 1 1 1 1 2 2 1 1 2 1 2 1 1 1 1 1 2 1 1 1 2 1 2 2 1 1 2 1 1 2 2 2 2 1 2 2 1 2 1 1 2 2 1 1 2 2 2 2 2 1 2 1 1 1 1 1 2 1 2 1 1 1 2 2 2 1 1 1 1 2 2 1 1 2 1 1 2 2 1 1 2 1 1 2 1 2 2 1 2 1 2 2 2 1 2 1 2 2 1 1 1 2 1 1 2 1 1 2 1 1 2 2 2 1 2 1 1 1 1 1 1 2 1 1 1 2 2 2 2 1 2 2 2 1 1 1 2 2 2 1 1 2 2 1 1 1 1 1 2 2 1 1 1 2 2 1 1 1 2 1 2 2 1 1 2 2 1 2 2 2 1 2 1 2 1 2 1 1 1 2 1 1 1 1 1 1 2 2 2 2
87 0 1 2 1 1 2 2 1 1 2 2 1 2 1 2 1 1 2 2 1 1 2 2 2 1 1 2 2 2 1 1 2 1 1 2 2 2 1 1 1 2 1 2 1 1 1 1 2 1 2 2 2 2 2 1 1 1 2 1 1 1 2 2 2 2 2 2 2 2 2 2 1 2 1 1 2 2 1 1 2 1 2 2 1 1 1 2 2 2 2 1 1 2 1 1 2 1 1 2 1 2 1 2 2 1 2 2 1 2 2 2 1 2 1 1 1 1 2 2 1 1 2 2 2 1 2 2 1 1 1 2 2 1 1 2 1 2 1 2 1 2 1 2 1 1 1 1 2 2 1 1 1 1 1 1 1 2 2 1 1 1 1 1 2 1 1 1 2 2 2 2 2 1 1 1 1 2 2 2 2 1 1 2 2 2 1 2 1 1 2 2 1 2 2 2 2 2 2 1 2 1 2 2 2 1 1 1 1 1 2 2 1 2 2 2 1 2 1 1 2 1 1 2 2 2 2 2 2 1 2 1
194 0 2 2 1 1 2 1 2 1 1 1 2 1 1 2 2 2 2 2 2 2 1 2 2 2 1 2 2 1 1 2 2 1 2 1 2 2 1 1 1 1 1 1 2 1 1 2 1 2 1 2 2 2 2 1 2 1 2 2 2 2 1 1 1 2 2 2 2 2 2 1 2 2 1 1 2 2 1 1 1 2 2 1 1 1 2 1 2 2 2 2 1 1 2 1 1 1 2 1 1 2 1 1 2 2 2 2 2 1 2 1 1 2 1 2 1 1 2 2 1 1 2 1 1 1 1 1 2 2 1 2 2 2 2 2 2 2 2 1 1 2 1 1 1 1 1 1 2 2 2 1 1 2 1 2 1 1 1 2 1 1 1 2 1 1 2 1 1 2 2 2 2 1 1 1 1 2 2 2 1 2 2 1 2 2 2 2 1 1 2 2 2 1 2 2 2 2 1 1 1 2 2 2 1 1 1 1 1 1 2 2 1 1 1 2 1 2 1 1 2 1 1 2 2 2 1 2 1 1 2 1
4 0 1 1 1 1 1 2 1 1 1 1 1 2 2 2 2 2 2 1 1 2 2 1 2 2 2 2 1 1 1 1 1 1 1 2 2 2 1 1 1 1 1 1 2 2 1 1 1 1 1 2 1 1 1 2 1 2 1 2 1 1 2 1 2 2 2 2 2 2 1 2 2 2 1 2 2 2 1 2 1 2 2 2 1 2 1 2 2 2 2 1 2 2 2 2 1 2 2 2 1 2 1 2 2 2 1 1 2 1 2 2 1 2 2 2 2 2 1 1 1 1 1 2 2 2 2 2 1 1 1 1 2 2 2 1 2 1 2 1 1 1 1 1 1 1 1 1 2 2 1 1 2 1 1 1 2 1 2 1 1 1 1 1 1 2 1 1 2 2 2 2 1 2 1 1 2 1 2 2 2 1 1 2 2 2 2 2 2 2 1 1 1 2 1 1 1 2 1 1 2 2 2 2 1 1 1 1 1 2 2 2 1 2 2 2 1 1 1 1 1 1 1 1 2 1 2 2 2 1 2 2
40 0 2 2 1 1 1 2 2 2 1 2 2 2 2 1 1 1 1 2 2 1 2 2 2 2 2 2 2 1 2 2 1 1 1 2 2 2 1 1 1 1 1 1 1 1 1 2 1 2 2 2 2 2 1 2 1 1 2 1 1 1 1 2 1 1 2 2 2 2 1 2 2 1 2 2 1 2 2 2 2 2 2 2 1 1 2 1 2 2 1 2 2 1 1 2 1 1 1 1 2 1 1 1 2 2 1 2 1 1 1 1 2 2 1 1 1 2 2 2 1 1 2 2 2 1 2 2 1 2 1 1 2 2 2 2 2 2 1 1 1 2 1 1 1 1 2 1 1 2 1 2 1 1 1 2 1 1 2 1 1 1 2 1 1 1 1 2 2 1 2 2 2 1 1 1 1 2 2 2 2 2 1 1 2 1 2 1 2 2 1 2 2 1 2 1 2 2 1 1 1 2 2 2 1 1 1 2 1 1 2 2 1 1 1 2 1 1 1 1 1 1 2 1 2 1 2 2 2 2 2 2
181 0 1 1 2 2 2 1 2 2 2 1 2 2 2 2 1 1 1 2 2 1 1 2 2 2 1 2 2 1 1 1 1 2 1 1 1 2 1 1 1 1 1 1 1 2 2 1 1 1 2 1 2 1 1 1 1 1 2 2 2 1 1 1 2 2 1 2 2 2 1 1 2 2 1 2 1 1 2 1 1 1 1 2 1 1 2 2 2 2 1 1 2 2 1 2 1 2 1 1 2 2 1 2 2 1 1 2 1 2 1 2 2 1 1 1 1 1 2 2 1 1 2 1 2 2 2 2 1 1 1 1 2 2 2 2 2 2 1 2 2 1 1 2 1 1 1 1 2 2 1 1 2 2 1 1 2 1 1 1 1 2 1 1 1 2 1 1 2 2 2 1 1 2 1 1 2 1 2 2 2 2 1 1 2 1 2 1 1 2 2 2 1 1 2 2 2 2 2 1 2 2 2 2 1 1 1 1 1 1 2 2 1 1 2 2 2 1 1 2 1 2 2 2 2 1 2 2 1 1 2 1
78 0 2 2 1 1 1 1 1 1 2 2 1 2 2 1 2 1 1 2 2 1 2 2 2 2 2 2 1 1 1 1 1 1 2 1 1 2 1 1 1 1 1 2 1 1 2 2 1 1 2 2 2 2 1 2 1 2 2 2 2 1 1 1 1 2 2 2 2 1 2 2 2 2 1 2 1 2 1 2 1 2 2 2 1 1 2 2 1 2 2 2 1 2 2 2 2 1 2 2 1 1 1 1 2 1 2 1 2 2 2 2 2 1 1 1 2 2 2 2 1 1 2 2 1 2 2 2 1 2 1 1 2 2 2 2 2 2 2 1 1 2 2 1 1 1 2 1 1 1 1 1 2 1 2 1 2 2 1 1 1 2 1 1 1 2 1 1 2 2 2 1 2 1 2 2 1 1 2 1 1 2 2 1 1 1 1 1 2 2 1 2 2 1 2 1 2 2 1 1 2 2 2 2 2 2 1 1 1 1 2 2 1 1 1 2 1 1 1 2 2 2 1 2 1 1 1 2 2 1 2 1
93 0 1 1 2 1 2 2 2 2 2 1 2 2 2 1 1 1 1 2 2 1 2 2 2 2 2 2 2 1 2 1 2 1 2 2 2 1 1 1 1 1 1 1 1 2 2 1 1 1 1 1 1 2 1 2 1 2 2 2 2 2 1 1 2 1 2 2 1 2 2 2 1 2 2 1 2 2 2 2 2 2 2 2 1 1 2 1 1 1 2 1 2 1 2 1 2 2 1 1 2 2 1 1 2 2 2 1 1 2 1 2 2 2 2 2 2 2 1 2 1 1 2 2 1 1 1 1 2 2 1 2 2 1 2 2 1 2 2 1 2 2 1 1 1 1 1 1 1 2 1 1 2 1 1 2 1 2 1 1 2 1 1 1 2 2 1 1 2 1 1 1 2 2 2 1 1 1 1 1 1 2 1 1 1 1 1 1 1 1 1 2 2 1 1 2 2 2 1 1 2 1 2 2 1 1 1 1 1 1 2 2 1 1 2 2 1 1 1 1 2 1 1 1 2 2 1 1 1 1 2 2
167 0 1 1 2 2 2 2 1 1 2 2 1 2 1 2 1 1 1 2 1 1 2 2 1 1 2 2 2 1 1 1 1 1 2 1 2 1 1 1 1 1 1 1 2 1 2 2 1 1 2 1 2 2 2 2 2 1 1 1 2 1 1 1 1 2 1 2 2 1 2 1 2 2 1 2 1 2 1 1 1 1 2 2 1 1 2 2 1 2 2 1 1 2 2 2 2 2 2 1 1 1 1 1 2 2 2 2 2 1 2 1 2 2 2 1 1 1 2 1 1 2 2 1 1 1 1 2 2 1 1 2 2 1 2 2 2 2 2 2 1 1 2 2 1 1 2 1 2 2 2 1 2 1 1 2 2 2 1 1 1 1 2 1 1 2 1 1 2 2 2 2 1 2 2 2 1 1 2 2 2 1 1 2 2 2 2 2 1 2 1 1 1 1 2 1 2 2 2 1 1 2 1 2 1 1 1 1 2 1 2 2 2 2 2 1 1 1 1 1 2 1 1 1 1 1 1 1 2 1 2 2
180 0 2 2 1 1 1 2 2 2 1 1 2 1 2 2 1 1 1 2 2 1 2 2 2 2 2 1 2 2 2 1 1 1 1 2 1 2 1 1 1 1 1 1 2 1 1 2 1 1 2 2 2 2 1 2 1 2 2 2 2 1 1 2 2 2 1 2 1 1 2 2 2 2 1 1 2 1 2 1 2 1 2 2 1 1 1 2 1 2 2 1 2 2 2 1 1 1 1 2 2 1 1 1 2 2 2 1 1 2 2 2 1 2 1 1 1 1 2 2 1 1 2 2 2 1 2 2 1 2 1 1 2 1 2 2 2 2 1 1 1 2 1 1 1 1 2 1 1 2 1 1 1 2 1 1 1 1 2 1 1 2 2 1 1 2 1 1 2 2 2 1 1 2 1 1 2 1 2 2 2 1 1 2 2 2 1 2 1 2 2 1 1 2 2 2 2 2 2 1 2 1 2 2 1 1 2 1 1 1 2 2 1 1 2 2 1 1 2 1 1 2 2 1 1 1 2 2 1 2 1 2
187 0 1 2 1 1 2 2 1 1 2 2 1 2 1 2 1 1 2 2 1 1 2 2 2 1 1 2 2 2 1 1 2 1 1 2 2 2 1 1 1 2 1 2 1 1 1 1 1 2 2 2 2 2 1 2 1 1 1 2 1 1 2 2 2 2 2 2 2 2 2 2 2 1 1 1 2 2 1 1 1 2 2 2 1 1 1 2 2 2 2 1 1 2 1 1 2 1 1 2 1 2 1 2 2 1 2 2 1 2 2 2 1 2 1 1 1 1 2 2 1 1 2 2 2 1 2 2 1 1 1 2 2 1 1 2 1 2 1 2 1 2 1 2 1 1 1 1 2 2 1 1 1 1 1 1 1 2 2 1 1 1 1 1 2 1 1 1 2 2 2 2 2 1 1 1 1 2 2 2 2 1 1 2 2 2 1 2 1 1 2 2 1 2 2 2 2 2 2 1 2 1 2 2 2 1 1 1 1 1 2 2 1 2 2 2 1 2 1 1 2 1 1 2 2 2 2 2 1 2 1 2
46 0 2 2 1 1 1 1 2 1 2 1 2 1 2 2 2 2 1 2 1 2 2 1 2 2 2 2 1 1 2 1 1 2 1 1 1 1 2 1 2 1 2 1 1 1 2 1 1 1 2 2 1 2 2 1 1 1 2 2 1 2 1 1 2 2 2 2 1 1 1 1 1 2 2 1 2 2 1 2 2 1 2 2 1 1 2 1 2 1 2 1 1 2 2 1 1 2 2 2 1 1 1 1 2 2 1 2 2 2 2 2 2 2 2 2 2 1 1 2 1 1 2 2 1 2 1 2 2 1 2 1 2 2 1 1 2 1 2 2 1 1 2 1 1 1 1 1 1 2 2 1 2 1 1 1 1 2 1 1 1 1 1 1 1 1 2 1 2 2 2 2 2 2 1 2 1 1 2 2 2 2 1 2 1 2 1 2 2 1 2 1 1 1 1 2 2 2 1 1 1 2 2 2 1 2 2 1 1 2 1 2 1 2 2 2 1 2 2 1 1 2 1 1 1 1 2 1 1 2 2 2
142 0 2 1 1 2 2 2 2 2 2 2 2 2 1 2 1 2 2 1 1 1 2 2 1 2 1 2 2 1 1 2 1 1 1 2 1 2 1 1 1 1 1 1 1 1 2 1 1 1 2 2 2 2 2 2 2 2 2 1 1 2 2 1 2 1 1 1 2 2 1 1 1 2 2 1 2 2 1 1 2 2 1 2 1 1 2 1 1 1 2 1 2 1 2 2 1 1 1 1 2 2 1 1 2 2 1 2 1 1 1 2 2 2 2 2 1 2 2 1 1 1 2 2 2 1 2 1 1 2 2 1 1 2 1 2 1 2 2 2 1 1 1 2 1 1 1 2 2 1 2 2 2 1 1 1 1 1 1 2 1 1 1 1 2 1 2 2 2 1 2 2 2 2 1 2 1 1 1 2 2 2 1 1 2 1 2 1 1 2 2 2 2 1 2 2 2 2 1 1 2 2 2 2 1 1 1 1 1 1 1 2 1 1 1 2 1 1 1 1 2 1 2 1 2 2 2 1 2 2 2 2
61 0 1 2 2 1 2 2 1 1 1 1 1 2 1 1 1 1 2 1 1 1 2 2 1 2 1 1 2 2 1 1 1 2 1 2 1 2 1 1 1 1 1 2 1 2 2 1 1 1 2 2 2 2 2 2 1 2 2 2 1 2 1 2 2 2 2 1 2 1 1 1 2 2 1 2 2 2 1 1 1 1 2 1 1 1 2 1 2 1 2 2 1 1 1 2 1 1 1 1 2 1 1 1 2 2 1 2 1 2 2 2 2 1 2 1 1 2 2 2 1 1 1 1 2 2 2 1 1 1 1 1 2 2 2 2 2 2 1 2 1 2 1 1 1 2 1 2 2 2 2 1 1 2 2 1 1 1 1 1 1 2 2 2 1 1 1 2 2 2 2 1 1 2 2 1 1 1 1 2 2 1 1 2 1 2 1 2 2 1 2 1 1 1 2 2 2 1 1 1 2 1 2 2 1 1 1 2 1 1 2 2 1 1 1 1 1 2 1 1 1 1 1 1 1 2 1 2 2 2 2 2
128 0 2 1 1 2 1 2 2 1 2 1 1 2 1 2 1 2 2 2 1 1 2 1 2 2 2 2 2 1 1 1 2 2 1 1 2 1 1 1 1 1 1 1 2 1 1 2 1 1 1 2 1 2 1 2 1 2 2 1 1 1 1 2 2 2 2 2 2 2 1 1 1 2 1 1 1 2 1 1 2 2 1 2 1 1 2 1 2 1 2 2 1 1 2 1 1 2 2 2 2 1 1 1 1 2 1 1 2 2 2 2 1 2 2 1 1 2 2 2 2 1 1 2 2 1 1 1 2 2 1 1 2 2 2 2 2 2 2 2 1 2 2 1 1 1 2 2 1 2 2 2 1 1 2 1 1 1 2 2 1 1 2 2 2 1 1 1 2 2 2 2 1 1 2 1 2 1 2 2 2 1 2 2 2 1 2 1 1 1 2 2 1 1 2 2 2 1 1 1 2 1 2 2 1 1 1 1 2 2 2 2 2 2 2 2 1 2 1 1 2 2 1 1 1 1 1 2 2 1 2 2
10 0 1 2 2 1 2 1 1 2 1 2 1 2 1 1 1 1 1 1 2 1 2 2 2 2 2 2 2 1 1 1 2 1 2 2 2 1 1 1 1 1 1 1 1 1 2 1 1 1 1 2 2 2 2 2 1 2 1 1 1 1 1 2 2 2 2 1 2 2 1 1 2 2 2 2 2 2 1 1 2 2 2 1 1 1 1 2 1 2 1 1 2 2 1 2 1 1 1 1 2 1 1 1 2 2 2 2 2 2 2 2 1 1 1 1 1 2 2 2 1 1 2 1 1 2 1 1 2 1 2 1 2 2 2 2 2 1 1 1 1 1 1 1 1 1 1 2 2 1 1 1 1 2 1 2 2 1 2 1 1 1 2 1 1 1 2 2 2 1 1 2 2 2 2 2 1 1 2 2 1 2 2 1 1 2 1 2 1 2 2 1 1 1 2 1 2 1 2 1 2 2 2 2 2 1 1 2 1 2 2 2 1 1 2 2 1 2 2 2 1 1 1 1 2 2 1 2 1 2 2 2
115 0 1 1 1 1 2 2 2 2 1 1 1 1 1 1 1 1 1 2 1 1 2 2 2 2 2 2 1 1 1 1 1 1 1 2 2 1 1 1 1 1 1 2 1 1 2 2 1 1 2 2 2 2 1 1 1 1 2 2 2 2 1 1 1 2 2 2 1 2 1 1 2 2 2 1 2 2 1 1 1 1 2 2 1 1 2 1 2 1 2 2 2 2 2 2 1 1 2 1 1 2 1 1 2 2 2 2 2 1 2 2 2 2 1 1 2 2 2 2 2 2 2 2 1 1 1 1 2 2 2 2 2 1 2 2 2 1 2 2 1 2 1 1 1 1 2 2 2 1 1 1 2 2 1 2 1 2 1 1 2 1 2 1 1 1 1 1 2 2 2 2 2 2 1 1 1 1 2 2 1 2 2 1 2 2 2 2 1 2 2 1 1 1 1 1 2 1 1 1 2 2 2 2 1 1 1 2 2 2 2 2 2 1 2 2 1 2 1 1 2 2 1 1 1 1 1 2 2 2 2 2
127 0 2 1 1 2 2 2 2 2 2 1 2 2 2 2 1 1 1 2 2 1 2 2 2 2 2 2 2 2 1 2 2 1 1 1 2 1 1 1 1 1 2 1 1 1 2 2 1 1 2 2 2 1 2 2 1 2 1 1 1 1 1 2 2 2 2 2 1 2 1 2 2 2 1 1 2 2 2 1 2 1 2 2 1 1 2 2 2 1 1 2 2 2 1 1 1 2 2 1 1 2 1 1 2 1 1 1 2 1 2 2 2 1 1 1 2 2 2 2 1 1 2 2 2 1 1 2 1 2 2 1 1 2 1 2 2 2 1 2 2 2 1 2 1 1 1 1 2 2 1 1 2 2 2 2 2 1 2 1 1 2 2 1 1 1 1 1 2 2 2 1 1 2 1 1 1 1 2 2 1 1 2 2 2 2 2 2 1 2 2 1 2 2 2 2 2 2 1 1 1 1 2 2 1 1 1 1 1 1 2 1 1 1 1 1 1 2 1 2 1 1 2 1 2 1 2 1 2 2 2 2
176 0 1 1 1 2 2 1 2 1 2 2 2 2 2 2 2 2 1 2 1 1 2 1 2 2 1 2 2 2 1 2 2 1 2 1 2 2 1 2 2 1 1 1 1 1 2 1 1 1 2 2 2 2 2 2 1 2 2 1 2 2 1 1 1 2 2 2 2 2 2 1 1 1 1 2 2 2 2 2 1 1 2 2 1 1 1 2 1 1 2 1 2 2 1 1 2 1 2 2 1 2 1 1 2 1 1 1 2 1 2 2 2 2 2 1 1 1 2 2 1 1 2 1 1 2 1 2 2 1 2 1 1 2 2 2 1 2 2 1 2 1 2 2 2 1 1 1 2 2 1 1 1 2 2 2 1 2 1 2 1 1 1 1 1 1 2 2 1 1 2 2 2 2 1 2 1 1 2 2 2 1 1 1 2 2 2 2 1 2 1 1 2 2 2 2 2 2 1 1 1 1 2 1 1 1 1 1 1 1 2 2 1 1 2 2 2 1 1 1 1 1 1 1 1 1 1 1 2 1 2 1
153 0 2 1 1 2 1 1 1 2 1 1 1 1 1 1 1 1 2 2 1 1 2 2 1 2 1 1 1 2 1 1 2 2 2 1 2 2 1 1 1 1 1 1 1 2 1 1 1 1 2 1 2 1 2 1 2 1 2 2 1 1 2 1 2 2 1 2 2 2 1 1 1 1 1 1 2 1 2 1 2 2 2 1 1 1 2 2 1 1 1 2 1 1 1 1 2 2 1 2 1 1 1 1 2 2 1 1 2 2 1 2 2 2 2 1 1 1 2 2 1 1 1 1 1 2 1 2 2 1 2 1 2 2 2 2 2 2 1 2 2 1 1 2 1 1 1 1 2 2 1 1 2 2 2 1 1 2 1 1 1 1 1 1 1 2 1 1 2 2 2 2 1 2 1 2 1 1 2 1 1 2 2 1 2 2 2 2 1 1 2 2 2 2 2 1 2 2 1 2 1 2 2 2 1 1 2 1 1 1 1 2 1 1 2 2 1 2 1 2 2 1 1 2 1 1 2 2 2 1 2 1
121 0 1 2 2 1 2 2 1 1 1 1 1 1 2 1 1 1 2 2 2 1 1 2 2 2 2 2 2 2 1 1 1 1 1 1 1 2 2 1 2 1 2 1 1 2 2 1 1 1 2 2 1 2 2 1 1 1 2 2 1 1 1 1 2 2 2 2 1 2 1 1 2 2 1 2 2 1 2 1 1 1 2 1 2 1 1 2 1 1 2 2 2 2 1 2 2 2 1 1 2 1 2 1 1 2 2 2 2 1 2 1 1 2 2 1 1 2 2 2 1 1 2 2 1 2 1 2 2 1 1 1 2 2 2 1 2 2 2 2 1 1 2 2 1 1 1 2 2 2 2 1 1 2 2 1 1 2 1 2 1 1 1 2 1 2 2 1 2 2 2 2 2 1 1 2 1 2 2 2 1 2 2 2 2 2 2 2 1 1 1 1 2 1 1 1 2 2 1 1 2 2 2 1 1 1 2 1 2 1 2 2 2 1 2 2 2 1 1 1 2 1 1 1 1 2 1 2 2 2 2 2
53 0 2 1 1 2 1 1 1 2 1 1 1 1 1 1 1 1 2 2 1 1 2 2 2 1 1 1 2 1 1 1 2 2 1 2 2 2 1 1 1 1 1 1 2 1 1 1 1 1 1 2 1 2 1 2 1 2 2 2 1 1 1 2 2 2 1 2 2 2 1 1 1 1 1 1 2 1 2 1 2 2 2 1 1 1 2 2 1 1 1 2 1 1 1 1 2 2 1 2 1 1 1 1 2 2 1 1 2 2 1 2 2 2 2 1 1 1 2 2 1 1 1 1 1 2 1 2 2 1 2 1 2 2 2 2 2 2 2 1 1 2 2 1 1 1 1 1 2 2 1 1 2 2 1 2 2 1 1 1 1 1 1 1 2 1 1 1 2 2 2 2 2 1 2 1 1 1 1 2 2 1 1 2 2 2 2 2 1 1 2 2 2 2 1 2 2 2 2 1 2 1 2 2 1 1 1 2 1 1 2 1 1 1 2 2 2 1 2 1 1 2 2 1 1 1 2 2 1 2 1 2
149 0 1 2 2 1 2 1 1 1 2 2 1 2 1 1 1 1 2 1 1 1 1 1 2 1 2 2 2 1 1 1 1 1 1 1 2 2 1 1 2 1 2 1 2 2 2 1 1 1 1 1 2 1 2 1 2 1 2 2 1 2 1 1 1 1 1 2 2 2 2 1 2 1 2 2 2 2 1 2 2 2 2 2 2 1 2 2 2 2 2 1 1 1 1 2 1 1 1 1 1 2 1 1 1 1 2 1 1 1 2 2 1 2 1 1 2 1 2 2 1 1 1 1 2 2 2 1 1 1 2 1 1 2 2 2 2 2 2 2 1 1 2 2 1 1 1 2 2 2 1 1 1 1 1 2 1 1 1 1 1 2 1 2 1 1 1 1 2 2 2 1 2 2 2 1 1 1 1 2 2 1 2 2 2 2 1 2 2 2 2 1 1 1 2 1 1 1 1 1 1 2 2 2 1 1 1 1 1 1 2 1 1 1 2 1 1 1 2 1 1 2 1 2 1 2 1 2 2 2 2 2
49 0 2 1 1 2 1 2 2 2 2 2 2 1 2 1 1 1 2 2 1 1 2 2 2 2 2 2 2 2 2 2 1 1 2 1 1 2 1 1 1 1 1 1 1 1 2 2 1 1 1 2 2 2 2 2 2 1 1 2 1 1 1 1 2 2 2 2 2 2 1 1 2 2 2 2 2 2 1 1 1 2 1 1 1 1 2 2 1 2 1 1 1 2 2 2 1 1 1 1 1 2 1 1 2 1 2 1 2 1 2 2 1 1 1 1 2 2 2 2 1 1 2 2 1 1 1 1 2 2 1 2 2 2 2 2 1 2 2 1 2 2 1 1 1 1 2 1 1 2 1 1 1 1 1 2 1 1 1 1 1 1 2 2 1 1 2 2 2 2 2 1 2 2 2 1 1 1 1 2 1 2 2 2 2 2 2 2 1 1 2 1 2 1 2 2 2 2 1 1 1 2 2 2 1 1 2 1 1 1 2 2 1 1 2 2 1 1 1 2 1 2 1 2 1 1 2 2 2 1 2 1
101 0 1 1 1 1 2 2 2 1 1 1 1 1 1 2 2 1 2 2 1 1 2 2 1 2 1 2 2 2 1 2 1 1 2 1 2 2 1 1 1 1 1 1 1 1 2 2 1 1 1 1 2 1 2 1 2 1 1 1 1 1 1 1 2 2 2 1 2 2 2 2 2 1 1 2 2 2 1 1 1 2 2 1 1 1 2 1 1 2 2 2 2 1 1 2 2 1 1 1 2 2 1 2 2 2 2 2 2 2 2 2 1 2 1 2 2 2 2 2 1 1 2 2 1 2 1 2 2 1 2 1 2 2 2 1 2 1 2 1 1 1 2 1 1 1 2 1 2 2 1 1 2 1 2 1 1 1 1 2 1 1 2 1 1 2 2 1 2 2 1 2 2 2 1 1 1 1 2 2 1 2 2 1 1 2 1 1 1 1 2 2 1 1 2 1 2 2 1 1 2 1 2 2 1 1 2 1 1 1 2 2 1 1 2 2 1 2 1 2 2 1 1 2 1 1 2 2 2 1 2 2
98 0 1 2 1 1 2 1 1 1 2 2 2 1 1 2 1 1 2 2 1 1 2 2 2 1 2 2 1 2 2 2 1 1 1 1 2 1 2 1 1 1 1 1 2 2 1 1 1 1 2 1 2 2 1 2 1 2 2 1 2 1 1 1 2 2 2 2 2 2 1 1 2 1 1 2 2 2 2 2 2 1 1 1 1 1 2 2 2 1 1 2 1 1 2 2 2 1 1 1 2 2 2 1 2 2 2 1 2 2 2 2 2 1 2 1 1 1 2 2 1 1 2 1 2 2 1 1 1 2 1 1 2 2 2 2 2 2 2 2 1 1 1 2 1 1 1 1 2 2 1 1 2 2 2 1 1 1 1 1 1 1 1 1 1 1 2 1 2 2 2 2 2 2 1 2 1 1 2 2 2 1 2 2 1 2 1 2 1 2 2 1 1 1 1 1 2 2 1 1 2 1 2 2 1 1 1 1 1 1 2 2 1 1 2 2 1 1 1 1 1 2 2 1 1 2 2 1 2 1 2 2
107 0 1 1 2 2 2 2 2 2 1 2 2 2 2 2 1 2 1 2 1 1 2 2 2 2 2 2 2 1 2 2 1 1 1 2 2 2 1 1 1 1 1 1 1 1 2 2 1 1 2 1 2 1 1 1 1 1 2 1 1 1 2 1 2 2 1 1 2 1 1 2 2 2 1 2 2 2 2 1 1 1 2 2 1 1 2 2 2 2 1 2 1 2 1 1 1 1 1 2 1 2 1 1 2 2 1 2 1 1 2 1 1 2 2 1 1 1 2 2 1 1 2 1 1 2 1 2 2 1 2 1 2 2 2 1 2 1 2 2 1 1 1 2 1 1 2 1 1 2 1 1 2 2 2 1 2 1 1 1 1 1 1 2 1 1 1 2 2 2 1 2 2 2 1 2 1 1 2 2 1 2 2 1 1 2 1 1 1 1 2 2 1 1 2 1 1 2 1 1 1 2 2 2 1 1 2 2 2 1 2 2 2 1 2 1 2 1 1 1 2 1 1 1 1 1 1 1 2 2 2 2
99 0 1 1 1 2 2 2 2 2 1 2 1 1 2 2 1 1 1 2 2 1 1 2 2 2 1 2 2 2 1 2 1 2 2 2 2 2 2 1 1 1 1 1 1 1 1 2 1 1 1 2 1 2 2 2 2 1 1 1 1 2 2 1 2 2 1 2 1 1 1 1 1 1 1 1 2 2 1 1 1 1 1 1 1 1 2 2 1 1 1 1 2 2 1 2 2 1 2 1 1 2 1 1 2 2 1 2 2 2 2 2 1 2 1 2 2 1 2 2 1 2 2 1 1 1 1 2 1 1 2 2 1 1 2 2 2 2 2 2 1 1 1 2 1 1 2 1 1 2 2 1 1 2 2 1 1 2 1 1 1 1 1 1 2 1 1 1 2 2 2 2 2 2 1 2 1 1 2 2 1 2 2 1 2 2 2 2 2 1 1 1 2 2 1 1 1 2 1 1 2 2 2 2 1 1 2 2 2 2 2 2 1 2 2 2 1 2 1 1 2 2 1 1 2 1 2 1 2 2 2 2
3 0 1 2 2 1 2 1 1 1 1 1 2 1 2 2 1 1 2 2 1 1 2 2 2 2 2 2 2 1 1 1 2 1 2 1 2 2 1 2 1 1 2 1 1 1 2 1 1 1 2 2 2 2 2 2 1 2 2 2 1 1 1 2 1 2 2 1 2 2 1 2 2 2 2 2 1 2 1 1 1 2 2 2 1 2 2 1 2 1 1 2 2 2 2 1 2 1 1 1 1 2 1 1 2 2 1 2 2 2 2 2 1 1 2 1 2 1 1 2 1 1 2 1 1 2 1 1 2 2 1 1 2 2 2 2 2 2 2 1 1 2 2 1 1 1 2 1 1 2 1 2 2 1 2 1 2 2 2 1 1 1 1 2 1 2 1 1 2 2 2 2 2 2 1 2 1 1 2 2 1 1 2 2 2 2 2 2 1 1 2 1 2 1 2 1 2 1 1 1 2 2 1 2 1 1 1 2 1 2 2 2 1 1 2 2 1 2 1 2 2 1 1 1 2 2 1 2 1 2 2 2
188 0 2 2 1 1 2 1 2 1 1 2 2 2 1 1 2 1 2 2 2 1 1 2 2 2 1 2 2 1 2 1 1 2 1 2 1 2 1 2 1 2 1 1 1 1 2 2 1 1 2 2 2 2 2 2 1 2 1 2 1 1 2 1 2 2 1 2 2 1 2 2 1 2 2 2 1 1 2 1 1 1 1 2 1 1 1 2 1 1 2 2 1 1 2 2 2 1 2 1 1 2 1 1 2 2 2 2 2 1 2 2 2 1 1 1 2 1 2 2 1 1 2 2 1 2 1 2 2 2 1 1 2 2 2 2 2 2 2 1 1 2 1 1 1 1 1 1 2 1 2 1 1 1 1 1 1 2 1 1 1 2 1 1 1 2 2 1 1 2 2 1 2 1 1 2 1 1 1 2 2 1 1 2 1 2 1 2 2 1 2 2 1 1 1 1 2 2 1 1 2 2 2 2 2 1 1 1 1 1 2 2 1 1 2 2 1 1 2 1 2 2 2 1 1 2 2 2 1 1 1 1
104 0 1 1 1 1 1 2 1 1 1 1 1 2 2 2 2 2 2 1 1 2 2 1 2 2 2 2 1 1 1 1 1 1 1 2 2 2 1 1 1 1 1 1 2 2 1 1 1 1 1 2 1 1 2 1 2 1 2 1 1 1 2 1 2 2 2 2 2 2 1 2 2 2 1 2 2 2 1 2 1 2 2 2 1 2 1 2 2 2 2 1 2 2 2 2 1 2 2 2 1 2 1 2 2 2 1 1 2 1 2 2 1 2 2 2 2 2 1 1 1 1 1 2 2 2 2 2 1 1 1 1 2 2 2 1 2 1 2 1 1 1 1 1 1 1 1 1 2 2 1 1 2 1 1 1 2 1 2 1 1 1 1 1 1 2 1 1 2 2 2 2 1 2 1 1 2 1 2 2 2 1 1 2 2 2 2 2 2 2 1 1 1 2 1 1 1 2 1 1 2 2 2 2 1 1 1 1 1 2 2 2 1 2 2 2 1 1 1 1 1 1 1 1 2 1 2 2 2 1 2 2
33 0 1 2 1 1 2 1 2 2 1 2 2 2 2 2 1 1 2 1 1 1 2 1 2 1 2 2 1 2 2 2 1 1 1 1 2 2 1 1 1 2 1 1 1 1 1 1 1 1 2 2 2 2 1 1 1 1 2 2 1 2 1 1 2 2 2 2 2 2 1 1 2 2 1 1 2 2 1 1 1 1 1 2 1 1 2 1 1 1 1 2 1 2 2 2 1 1 1 1 2 2 1 1 2 2 1 2 1 1 2 2 1 1 1 1 1 1 2 2 2 1 2 1 1 2 1 1 2 2 2 1 2 1 1 2 2 2 2 1 1 2 2 1 1 1 1 1 2 2 1 1 2 2 2 1 1 1 1 1 1 1 2 1 1 2 2 1 2 2 1 1 2 1 1 2 1 1 2 1 1 2 2 2 1 2 1 2 1 1 2 2 1 2 1 2 2 2 1 1 2 2 2 2 1 2 1 2 1 1 2 2 1 1 1 2 1 2 1 2 1 1 1 1 1 1 2 2 2 2 2 2
197 0 1 2 2 1 1 2 1 2 2 2 2 2 2 2 2 1 2 1 1 2 1 2 2 2 2 2 2 1 2 1 1 1 1 2 2 2 2 1 1 1 1 1 1 1 1 2 1 1 2 2 2 2 2 2 2 2 1 2 2 1 1 2 2 2 2 2 2 2 2 1 2 2 2 2 1 2 2 1 1 1 2 1 1 1 2 2 1 2 1 1 2 2 2 1 2 1 2 1 1 1 1 1 2 1 1 1 2 2 2 2 2 2 1 1 2 2 2 2 2 2 1 2 2 2 2 2 1 1 1 1 2 2 2 2 2 2 2 1 1 1 2 2 1 1 1 1 2 2 1 1 2 2 1 2 2 2 1 2 1 1 1 1 2 1 1 2 2 1 2 2 2 2 1 2 1 1 2 2 2 1 1 1 1 2 1 2 2 2 2 1 1 2 2 2 2 2 1 1 1 1 1 1 1 1 2 1 1 1 2 2 1 1 2 2 2 1 1 1 1 1 1 1 1 1 1 1 2 1 2 1
42 0 2 1 1 2 2 2 2 2 2 2 2 2 2 1 2 1 1 2 1 1 2 2 2 1 2 1 1 2 2 1 1 1 2 1 2 1 1 1 1 1 1 1 1 1 2 1 1 1 2 2 2 2 2 2 2 2 2 1 1 2 2 1 2 1 1 1 2 2 1 1 1 2 2 1 2 2 1 1 2 2 1 2 1 1 2 1 1 1 2 1 2 1 2 2 1 1 1 1 2 2 1 1 2 2 1 2 1 1 1 2 2 2 2 2 1 2 2 1 1 1 2 2 2 1 2 1 1 2 2 1 1 2 1 2 1 2 2 2 1 1 1 2 1 1 1 2 2 1 2 2 2 1 1 1 1 1 1 2 1 1 1 1 2 1 2 2 2 1 2 2 2 2 1 2 1 1 1 2 2 2 1 1 2 1 2 1 1 2 2 2 2 1 2 2 2 2 1 1 2 2 2 2 1 1 1 1 1 1 1 2 1 1 1 2 1 1 1 1 2 1 2 1 2 2 2 1 2 2 2 2
84 0 2 1 1 1 1 2 1 2 2 2 1 1 2 2 1 1 2 1 1 2 2 2 2 2 2 1 2 2 2 1 1 1 1 2 2 2 1 1 1 1 1 1 1 1 2 2 1 1 1 2 1 1 2 2 2 1 1 2 2 1 1 1 2 2 2 2 2 2 1 1 1 1 2 1 2 1 1 1 1 1 1 2 1 1 2 1 2 1 2 2 2 2 1 2 1 1 2 2 2 1 1 1 2 2 1 1 2 2 2 2 1 2 1 1 2 2 2 2 2 1 1 2 2 1 1 1 1 2 1 1 2 2 1 2 1 2 2 2 1 2 2 1 1 2 1 2 2 1 1 2 2 1 1 2 1 1 2 1 1 1 2 1 1 2 1 1 2 2 2 2 1 2 1 2 1 1 2 1 1 1 2 1 2 2 2 2 1 2 1 1 2 1 2 1 2 1 1 1 1 2 2 2 1 1 1 1 1 1 1 2 1 1 1 2 1 2 1 1 2 1 2 1 2 1 2 2 2 2 2 2
139 0 2 1 1 1 1 2 2 1 2 1 2 2 2 2 1 1 2 1 1 1 2 2 1 2 2 2 2 2 1 1 1 1 2 1 2 2 1 1 2 1 2 2 1 2 1 1 2 1 2 1 2 2 2 2 1 2 2 1 1 2 2 1 2 2 1 1 2 1 1 1 1 2 1 2 2 2 1 2 1 1 2 2 1 1 1 1 2 1 1 2 2 1 2 2 1 1 2 1 1 1 1 1 2 2 1 1 1 1 2 2 1 2 2 1 1 1 2 2 1 1 2 2 2 2 2 2 1 1 1 2 2 1 2 2 2 1 1 2 2 2 1 1 1 1 1 1 2 2 1 1 2 2 1 2 1 1 1 2 2 1 1 2 2 2 1 1 2 2 1 2 2 2 1 2 1 1 2 1 1 1 2 1 2 2 2 2 1 1 2 2 1 1 1 2 2 1 2 1 2 1 2 2 1 1 2 1 1 1 2 2 1 1 2 2 1 2 1 2 1 1 1 2 1 1 2 2 2 1 2 1
154 0 2 1 1 1 1 2 1 2 1 1 1 2 1 2 1 1 1 2 1 1 1 2 2 2 1 2 2 1 1 2 1 1 2 1 1 2 1 1 1 2 1 1 1 1 1 1 1 1 2 2 2 2 2 1 2 1 1 2 1 2 1 1 1 2 2 2 2 1 2 1 2 1 1 2 2 2 1 1 1 2 2 2 1 2 2 2 2 2 1 2 2 2 1 1 1 1 1 1 2 2 1 2 2 2 1 2 2 1 2 2 2 1 2 2 1 1 2 2 1 1 1 2 1 1 1 1 2 2 2 2 2 1 2 2 2 1 1 2 2 2 1 2 1 2 1 1 2 2 1 1 2 1 2 2 1 1 1 1 1 1 1 1 1 1 1 2 2 1 2 2 2 2 1 1 1 1 2 2 1 2 2 1 2 2 2 2 1 1 2 1 2 2 2 2 2 2 1 1 1 1 2 2 1 1 2 1 1 1 1 2 1 1 2 2 1 1 2 1 1 1 1 1 1 1 1 2 2 1 2 2
103 0 1 2 2 1 2 1 1 2 1 1 1 2 1 2 1 1 2 1 1 1 2 2 2 2 1 2 2 1 1 1 1 2 2 2 2 2 2 1 1 2 1 1 2 1 1 1 1 2 2 2 2 1 2 2 2 2 2 2 2 1 1 1 2 1 1 2 2 2 1 1 2 2 2 1 1 1 2 1 1 1 2 2 1 1 2 1 2 2 2 1 2 2 2 2 1 1 2 1 1 2 1 1 2 2 2 1 2 1 2 2 2 1 2 1 1 2 2 2 1 1 1 1 2 2 2 1 1 1 1 1 2 2 2 2 2 2 2 1 2 1 1 1 2 1 2 1 2 2 1 2 2 1 1 2 1 1 1 1 1 1 2 2 1 1 2 1 2 2 1 2 2 1 1 2 1 1 1 1 2 2 2 1 2 1 2 1 1 2 1 2 1 1 1 1 2 1 1 1 2 2 1 2 1 1 2 1 1 1 1 1 1 1 1 1 2 1 2 1 1 2 2 2 1 1 2 2 1 2 1 2
133 0 1 2 1 1 2 1 2 2 1 2 2 2 2 2 1 1 1 2 1 1 1 2 1 2 2 2 2 1 2 2 1 1 1 1 2 2 1 1 1 2 1 1 1 1 1 1 1 1 2 2 2 2 1 1 1 1 2 2 1 2 1 1 2 2 2 2 2 2 1 1 2 2 1 1 2 2 1 1 1 1 1 2 1 1 2 1 1 1 1 2 1 2 2 2 1 1 1 1 2 2 1 1 2 2 1 2 1 1 2 2 1 1 1 1 1 1 2 2 2 1 2 1 1 2 1 1 2 2 2 1 2 1 1 2 2 2 2 1 1 2 2 1 1 1 1 1 2 2 1 1 2 2 2 1 1 1 1 1 1 1 2 1 1 2 2 1 2 2 1 1 2 1 1 2 1 1 2 1 1 2 2 2 1 2 1 2 1 1 2 2 1 2 1 2 2 2 1 1 2 2 2 2 1 2 1 2 1 1 2 2 1 1 1 2 1 2 1 2 1 1 1 1 1 1 2 2 2 2 2 2
74 0 2 1 1 2 1 2 2 2 1 2 1 2 2 2 2 1 1 2 1 1 1 2 1 1 2 2 2 1 2 2 1 1 2 1 2 2 1 1 1 1 1 1 1 1 2 1 2 1 2 2 2 2 2 2 1 2 1 1 1 1 2 2 1 2 2 2 2 2 2 2 1 1 2 2 2 1 2 2 2 1 2 1 1 1 2 1 2 1 1 2 1 1 2 2 1 1 2 1 1 1 2 2 2 2 2 2 2 2 1 2 2 2 2 2 2 1 1 2 1 1 1 1 1 2 1 2 2 1 1 1 1 2 2 1 2 1 1 2 2 1 1 2 1 1 2 1 1 2 2 1 1 2 2 1 2 1 1 1 1 1 1 1 2 2 1 1 2 2 1 1 1 2 2 2 1 1 1 1 2 1 2 1 2 2 2 2 1 1 2 2 2 1 2 2 2 2 1 1 2 2 2 2 1 1 1 2 1 1 1 1 1 1 1 2 1 1 1 2 2 1 2 1 2 1 2 2 2 1 2 2
137 0 2 2 1 1 1 1 2 1 2 1 1 1 1 2 1 2 2 2 1 1 2 2 1 2 1 2 2 2 1 1 1 1 1 1 1 1 1 1 1 1 1 1 1 1 2 2 1 1 2 2 2 2 2 2 1 2 2 2 1 1 1 2 2 2 2 2 2 2 1 1 2 2 2 1 2 2 2 1 2 1 1 1 1 1 1 1 1 1 2 2 1 1 2 2 1 1 1 1 2 1 2 1 1 2 2 2 2 2 2 2 1 1 2 1 1 2 2 2 1 1 1 2 1 1 2 1 1 2 1 2 2 2 2 2 2 2 1 2 1 1 2 2 1 1 2 1 1 2 1 2 2 2 2 1 2 1 2 1 1 1 1 1 1 1 1 1 2 2 2 2 2 2 1 2 1 1 2 1 2 1 1 2 1 2 1 2 2 1 1 2 2 2 2 2 2 2 1 1 1 1 2 2 1 1 1 2 1 1 2 2 1 1 2 2 2 1 1 2 1 1 1 2 1 1 1 2 2 1 2 2
73 0 1 2 1 1 2 2 2 2 2 2 1 2 1 2 1 1 2 2 1 1 2 1 2 2 1 1 2 2 1 1 2 1 2 1 2 2 2 1 1 1 1 1 2 1 1 2 1 1 2 2 2 2 2 2 1 1 2 2 1 1 1 1 2 2 2 2 2 2 1 1 2 1 2 2 1 2 1 2 1 2 2 2 1 1 2 2 2 1 1 2 2 2 2 2 1 2 2 1 1 1 1 1 2 2 1 2 1 1 2 1 2 2 2 1 1 1 2 2 1 1 2 2 1 1 2 2 2 2 1 1 2 2 2 2 2 2 1 1 2 2 1 1 1 1 1 1 2 2 2 1 1 2 2 2 2 1 1 1 1 2 1 1 1 1 2 1 1 2 2 1 2 2 2 1 1 1 2 2 1 2 2 1 1 2 1 2 1 1 1 2 2 2 1 2 2 2 1 1 2 1 2 2 1 1 1 1 1 1 2 2 1 2 1 2 1 2 2 1 2 1 2 2 1 2 2 2 1 1 1 2
94 0 2 2 1 1 2 1 2 1 1 1 2 1 1 2 2 2 2 2 2 2 1 2 2 2 1 2 2 1 1 2 2 1 2 1 2 2 1 1 1 1 1 1 2 1 1 2 1 2 1 2 2 2 2 1 2 1 2 2 2 2 1 1 1 2 2 2 2 2 2 1 2 2 1 1 2 2 1 1 1 2 2 1 1 1 2 1 2 2 2 2 1 1 2 1 1 1 2 1 1 2 1 1 2 2 2 2 2 1 2 1 1 2 1 2 1 1 2 2 1 1 2 1 1 1 1 1 2 2 1 2 2 2 2 2 2 2 2 1 1 2 1 1 1 1 1 1 2 2 2 1 1 2 1 2 1 1 1 2 1 1 1 2 1 1 2 1 1 2 2 2 2 1 1 1 1 2 2 2 1 2 2 1 2 2 2 2 1 1 2 2 2 1 2 2 2 2 1 1 1 2 2 2 1 1 1 1 1 1 2 2 1 1 1 2 1 2 1 1 2 1 1 2 2 2 1 2 1 1 2 1
130 0 2 1 1 2 1 2 2 2 2 2 2 2 2 2 2 2 1 2 2 1 2 2 2 2 1 1 2 2 1 2 2 2 2 2 1 2 1 1 1 1 1 1 1 1 2 2 1 1 1 2 1 2 1 1 2 2 2 2 1 1 2 1 2 2 2 1 2 2 1 1 2 2 1 2 2 2 1 2 1 1 2 2 1 1 1 1 2 1 1 1 2 2 2 1 1 1 2 1 1 2 1 2 2 1 1 2 1 2 2 2 2 2 1 2 1 1 2 2 1 1 1 2 2 1 1 1 1 2 1 2 2 2 2 2 2 2 2 2 2 1 2 1 2 1 2 1 2 2 1 1 1 2 2 1 1 1 1 1 2 2 1 1 1 2 1 1 2 2 1 1 2 2 1 1 1 1 2 2 1 1 2 2 2 2 2 2 2 1 1 2 2 1 2 1 2 2 1 2 1 2 2 2 1 1 1 2 1 1 2 2 1 1 1 2 1 1 1 1 1 1 2 1 2 1 2 2 2 2 2 2
165 0 1 1 2 2 1 2 1 2 1 1 1 2 2 1 1 1 2 1 1 2 2 2 2 2 2 1 2 2 2 1 1 1 1 2 2 1 1 1 1 1 1 2 1 1 2 2 1 1 2 2 2 2 1 2 1 1 2 1 1 1 2 1 2 2 1 2 2 1 1 1 2 2 2 1 2 2 1 1 2 1 2 2 1 1 2 2 2 1 1 1 2 2 1 1 2 1 2 1 1 1 1 1 2 2 1 2 2 2 2 2 2 2 2 2 2 2 1 1 1 1 1 2 2 1 2 2 1 2 1 1 2 2 2 2 2 2 1 2 1 2 2 2 1 1 1 2 2 1 1 1 2 1 2 2 2 1 1 1 1 1 1 1 1 1 1 1 2 2 2 2 2 2 1 2 1 2 2 1 1 2 2 1 2 1 2 1 1 2 2 2 2 1 2 1 2 2 1 1 1 1 2 2 1 1 1 2 2 1 2 1 2 1 2 2 2 1 1 2 2 1 1 1 1 1 1 2 2 1 2 2
81 0 1 1 2 2 2 1 2 2 2 1 2 2 2 2 1 1 1 2 2 1 1 2 2 2 1 2 2 1 1 1 2 1 1 1 2 1 1 1 1 1 1 1 2 1 1 2 1 1 1 2 1 2 1 1 1 1 2 2 1 2 1 1 2 2 2 1 2 2 1 1 2 2 1 2 1 1 2 1 1 1 1 2 1 1 2 2 2 2 1 1 2 2 1 2 1 2 1 1 2 2 1 2 2 1 1 2 1 2 1 2 2 1 1 1 1 1 2 2 1 1 2 1 2 2 2 2 1 1 1 1 2 2 2 2 2 2 1 2 2 1 1 2 1 1 1 1 2 2 1 1 2 2 1 1 1 2 1 1 2 1 1 1 2 1 1 1 2 2 1 2 2 1 1 1 1 2 2 2 2 2 1 1 1 2 1 2 2 1 2 2 1 1 2 2 2 2 1 2 2 2 2 2 1 1 1 1 1 1 2 2 1 1 2 2 1 2 2 1 2 1 2 2 1 2 2 2 1 1 1 2
85 0 2 1 1 1 1 2 2 1 2 1 2 1 2 1 1 2 2 2 2 2 1 1 2 2 1 1 2 2 1 2 1 1 2 1 2 1 1 1 1 1 1 1 1 1 1 1 1 1 2 2 2 2 2 2 2 2 2 2 2 2 1 1 2 2 2 1 2 1 2 1 1 1 1 1 2 2 1 2 2 2 2 2 1 1 1 2 2 2 2 1 1 1 2 1 1 1 1 2 2 1 2 1 2 2 2 1 2 2 2 2 2 1 2 2 2 2 2 1 1 1 1 2 2 2 1 2 1 1 1 1 2 2 1 1 1 2 2 2 1 1 2 2 1 1 1 1 2 2 1 1 2 1 2 1 2 1 2 1 1 2 1 1 2 2 1 1 2 2 2 1 2 1 2 2 1 1 1 1 1 2 1 1 2 1 2 1 1 2 1 2 1 1 1 1 1 2 1 1 2 2 2 1 1 1 2 1 2 1 2 2 1 1 2 2 2 1 2 1 1 1 1 1 2 2 2 2 2 2 2 2
166 0 1 1 2 1 2 2 2 2 1 1 2 1 1 2 1 1 2 1 1 2 1 1 2 2 1 1 2 2 1 1 1 1 2 1 2 2 1 1 1 1 1 1 1 1 1 1 1 1 2 2 2 2 2 2 2 1 2 2 1 1 1 1 2 2 1 2 2 2 1 1 2 1 1 2 1 2 1 2 1 2 2 2 1 1 2 1 2 2 2 2 2 2 1 2 1 1 2 2 2 1 1 1 1 2 1 1 2 2 2 2 1 2 1 2 1 2 2 2 1 1 2 2 1 1 1 2 2 1 1 1 2 2 2 2 2 2 1 1 2 2 1 1 1 1 1 1 2 2 2 2 1 1 2 2 2 2 1 1 1 1 1 1 1 1 2 1 1 2 2 2 2 1 2 1 1 2 1 2 1 2 1 1 2 2 2 2 1 1 2 2 2 1 1 2 2 2 1 1 2 2 2 2 1 2 1 1 1 1 2 2 1 1 2 1 1 1 1 1 1 2 1 1 1 1 2 2 1 2 2 2
189 0 1 2 2 1 1 2 1 1 2 2 2 2 2 2 1 2 2 1 1 1 2 2 2 2 2 1 1 2 1 1 1 1 2 1 2 2 1 1 1 1 1 1 1 1 1 2 1 1 2 1 1 2 2 2 1 2 2 2 2 2 1 1 2 1 1 1 2 2 1 1 2 2 2 2 1 1 1 2 1 2 2 2 1 1 1 2 2 1 2 1 1 2 2 1 1 1 1 1 2 1 2 1 2 2 2 2 2 2 2 2 2 2 2 2 2 2 2 1 1 1 1 2 1 2 2 2 1 1 1 2 2 1 2 1 2 1 1 2 1 1 2 1 1 1 1 1 2 2 1 2 2 2 2 1 2 1 1 1 1 1 1 1 1 2 1 2 2 2 2 2 2 2 1 1 1 1 2 1 1 2 2 1 2 2 2 2 1 1 2 2 2 2 2 1 2 2 1 2 1 2 2 2 1 2 1 1 1 1 2 2 1 1 2 1 1 1 1 1 2 2 1 1 1 1 2 1 1 2 2 2
12 0 2 2 1 1 2 1 2 1 2 1 2 1 2 2 1 1 1 2 2 1 1 2 2 2 2 2 2 1 1 1 1 1 1 1 2 1 2 1 2 1 1 2 1 1 1 1 2 1 2 2 2 2 2 2 1 2 1 2 1 1 2 2 2 1 2 2 2 2 2 2 2 2 1 1 2 2 1 1 2 1 2 2 2 1 2 2 2 2 2 2 1 1 1 1 2 1 2 1 1 2 1 1 2 2 1 1 2 1 2 1 1 2 1 1 1 1 1 2 2 1 2 2 2 2 2 2 1 1 2 2 1 1 1 2 1 1 2 2 2 2 1 1 1 1 2 2 1 1 1 2 2 1 2 1 1 1 1 1 1 1 1 2 1 1 2 2 1 2 2 1 2 2 2 1 1 1 2 2 2 1 1 2 1 1 2 1 2 1 2 2 1 1 2 1 2 2 1 1 2 1 2 2 1 1 1 1 1 1 2 2 1 1 1 2 1 1 1 2 1 1 2 2 2 1 2 2 2 1 2 1
14 0 1 2 1 1 2 1 2 2 1 2 2 2 2 1 1 2 2 2 1 1 2 2 2 1 2 2 2 1 2 1 1 2 1 2 1 2 1 1 1 1 1 1 1 2 2 1 1 1 2 1 2 2 2 2 1 1 2 2 1 2 2 1 1 2 2 2 2 2 1 1 2 2 2 2 1 2 1 1 1 2 2 2 2 1 1 2 1 2 2 1 2 2 1 2 2 1 2 2 2 1 1 1 1 2 1 2 2 2 2 2 1 2 1 2 1 1 2 2 1 1 2 1 2 2 2 1 1 1 1 1 2 2 1 2 1 2 1 2 1 1 1 1 1 2 1 1 2 2 2 1 1 2 2 1 1 1 1 1 2 2 2 2 1 1 1 1 2 2 1 1 2 2 1 1 1 1 2 2 1 1 2 2 2 1 2 1 2 1 1 2 1 1 1 2 1 2 1 2 2 2 2 2 1 2 1 1 1 1 2 1 2 1 2 1 1 1 1 1 2 2 1 2 1 2 2 2 2 2 1 2
156 0 2 2 1 1 1 1 2 1 1 2 2 1 1 2 1 1 1 2 2 1 2 2 2 2 1 2 2 1 1 1 1 2 2 2 1 2 1 1 2 1 1 1 2 1 1 2 1 1 1 1 2 2 2 2 2 2 1 2 2 1 1 2 2 2 1 1 1 2 1 1 2 2 2 2 2 1 2 2 1 2 2 2 1 1 2 2 1 2 2 1 2 2 2 2 1 1 1 1 1 2 1 1 2 2 1 2 2 1 2 1 1 2 1 1 2 1 2 1 1 2 1 1 2 2 1 1 1 2 1 1 2 2 2 2 2 2 1 2 2 1 1 2 1 1 1 2 2 1 1 2 1 1 1 2 2 2 1 1 1 2 1 2 1 2 2 1 1 2 2 2 2 2 2 2 1 1 1 1 2 1 1 1 1 2 1 2 2 1 2 1 1 1 1 1 2 2 1 1 1 2 2 2 1 1 1 1 2 2 2 2 2 2 2 2 1 1 1 1 2 2 1 1 1 1 1 1 2 2 2 2
109 0 1 1 1 1 2 2 2 2 2 2 2 2 1 2 1 2 1 2 1 2 2 2 2 2 2 2 1 1 1 2 1 1 2 1 1 1 1 2 2 1 1 1 2 2 1 1 1 1 2 1 2 1 2 1 2 2 2 1 1 1 2 1 2 2 1 1 1 2 1 2 2 1 2 2 2 2 1 2 2 1 2 1 1 1 2 1 2 1 1 2 2 1 2 2 1 1 1 1 2 2 1 1 2 2 1 2 2 1 2 2 1 1 1 1 1 1 2 2 1 1 2 2 2 2 2 1 1 2 1 1 2 2 1 2 2 2 1 2 2 2 1 2 1 1 1 2 2 1 1 2 1 1 1 2 2 1 1 2 1 1 1 2 1 1 1 1 2 2 2 2 1 1 1 1 1 1 1 2 1 1 1 2 2 2 2 2 1 1 2 1 1 1 2 2 1 1 1 1 1 1 2 2 1 1 1 2 1 1 2 2 1 1 2 2 1 1 2 2 1 2 2 2 1 1 2 2 1 1 1 1
27 0 2 1 1 2 2 2 2 2 2 1 2 2 2 2 1 1 1 2 2 1 2 2 2 2 2 2 2 2 1 2 2 1 1 1 2 1 1 1 1 1 2 1 1 1 2 2 1 1 2 2 2 1 2 2 2 1 1 1 1 1 2 1 2 2 2 2 2 1 2 1 2 2 1 1 2 2 1 2 1 2 2 2 1 1 2 2 2 1 1 2 2 2 1 1 1 2 2 1 1 2 1 1 2 1 1 1 2 1 2 2 2 1 1 1 2 2 2 2 1 1 2 2 2 1 1 2 1 2 2 1 1 2 1 2 2 2 1 2 2 2 1 2 1 1 1 1 2 2 1 1 2 2 2 2 2 1 2 1 1 2 2 1 1 1 1 1 2 2 2 1 1 2 1 1 1 1 2 2 1 1 2 2 2 2 2 2 1 2 2 1 2 2 2 2 2 2 1 1 1 1 2 2 1 1 1 1 1 1 1 2 1 1 1 1 2 1 2 1 1 1 1 2 1 2 1 2 2 2 2 2
173 0 2 1 1 2 2 1 1 2 2 1 2 2 2 2 1 1 2 1 1 2 2 2 1 2 2 2 2 1 2 2 1 1 2 1 1 1 1 1 1 1 1 1 1 2 1 1 1 1 2 1 2 2 2 2 2 2 2 1 2 2 1 2 2 2 1 2 2 1 2 1 2 1 2 2 1 2 1 1 2 2 2 1 2 1 2 2 2 2 2 1 2 2 1 1 1 2 2 1 2 2 1 2 1 1 1 2 2 2 2 2 1 1 2 1 1 1 2 1 2 2 2 1 1 2 2 2 1 1 2 2 1 1 2 2 2 1 2 2 2 1 2 1 1 1 1 1 2 2 1 2 1 1 1 2 2 2 1 1 1 1 1 1 1 1 1 2 2 1 2 2 1 2 1 2 2 1 2 1 1 1 2 1 1 2 1 2 1 1 2 2 1 2 2 1 2 2 1 1 1 2 2 2 1 1 1 1 1 1 2 2 1 1 2 2 1 1 1 1 1 1 1 1 2 1 1 2 2 1 2 2
141 0 1 2 1 1 2 1 2 2 2 2 1 2 1 2 2 2 1 2 1 1 2 1 1 2 2 2 1 1 1 1 2 2 2 1 1 1 1 1 1 1 2 1 1 1 2 2 1 1 2 1 2 2 2 2 1 1 1 2 1 1 2 1 2 1 1 2 2 2 1 1 2 2 2 2 1 1 1 2 2 2 1 2 1 2 2 2 2 2 1 2 2 1 1 1 1 2 1 2 1 2 1 1 2 2 2 1 2 2 2 2 1 1 1 2 1 2 2 1 1 1 2 2 1 2 1 2 2 1 1 1 2 2 2 2 2 2 2 1 2 1 1 1 1 1 1 2 2 2 1 1 2 2 2 2 2 2 1 2 1 1 1 1 1 2 1 1 2 2 2 2 1 2 1 2 1 1 2 1 1 2 2 1 1 2 2 1 1 2 2 2 1 1 1 2 2 1 1 1 2 1 1 2 2 1 1 1 1 1 1 2 1 1 2 2 1 1 2 2 1 1 1 2 1 1 2 2 2 2 2 2
120 0 1 2 2 1 2 1 2 2 2 2 2 2 2 2 1 2 1 2 2 2 1 2 2 2 1 2 2 1 1 2 1 1 2 1 2 2 1 1 1 1 1 1 1 1 1 2 1 2 2 2 2 2 2 2 1 1 2 1 2 1 1 2 1 2 2 2 2 2 1 2 2 2 2 1 1 2 1 1 1 2 2 2 1 1 2 2 2 1 1 2 2 1 2 1 2 2 2 1 1 2 1 2 2 1 1 2 2 2 2 2 1 1 1 1 1 1 1 2 2 1 2 1 2 2 2 1 1 1 1 1 2 2 2 2 2 2 1 2 2 2 1 1 1 2 1 2 2 1 1 2 2 1 1 2 1 2 1 2 2 1 1 1 2 1 1 2 2 1 1 2 2 2 1 2 1 1 2 2 2 2 1 1 1 1 1 2 2 2 2 2 1 1 2 2 2 2 1 1 2 2 2 2 1 1 1 1 1 1 2 2 1 1 2 2 1 1 2 2 2 1 2 2 1 1 2 2 1 1 1 1
5 0 2 2 1 1 1 1 2 2 2 1 2 1 1 2 1 2 2 1 1 1 2 2 2 2 2 2 1 1 1 1 1 1 2 2 1 2 1 2 1 2 2 1 1 1 2 2 1 1 2 1 2 1 1 2 1 2 2 2 2 2 1 1 2 2 2 1 2 1 2 2 1 1 1 2 2 2 1 2 2 2 2 2 1 1 1 2 1 2 2 2 2 1 2 1 1 1 1 1 2 2 1 1 2 2 2 1 1 1 2 1 1 2 1 1 1 1 2 2 1 1 2 1 1 2 1 1 2 1 2 1 2 2 1 2 1 1 2 2 1 2 1 1 1 1 1 2 2 1 1 1 2 2 1 2 1 2 1 1 1 1 1 1 1 1 1 1 2 2 2 2 2 2 2 1 1 1 2 1 1 1 1 1 2 2 2 2 1 1 2 1 1 1 1 2 2 1 1 1 2 1 2 2 1 1 2 2 1 1 2 2 1 1 2 1 2 2 1 1 1 1 2 1 2 2 2 2 2 2 2 2
195 0 2 2 1 1 1 2 2 1 2 1 1 2 2 1 2 1 1 1 2 1 2 2 2 2 2 1 2 2 2 1 1 2 1 2 2 2 1 1 1 1 1 2 2 1 1 1 1 1 2 1 2 2 2 2 2 1 2 2 2 2 2 1 2 2 2 2 2 2 1 2 2 1 1 1 2 2 1 2 1 1 2 2 1 1 2 2 2 1 2 2 1 1 1 2 1 2 1 2 2 1 1 1 2 2 1 1 2 2 2 2 2 2 2 2 1 2 2 1 1 1 1 1 2 2 1 1 1 1 1 1 2 2 1 2 1 2 2 2 1 2 1 1 1 2 2 1 1 2 1 1 1 2 1 2 1 2 1 2 1 1 1 1 1 1 1 2 2 1 2 2 2 2 2 2 1 1 1 2 2 2 2 1 2 1 1 2 2 2 2 2 1 1 2 2 1 2 1 1 1 2 2 2 1 1 1 1 1 1 2 2 1 1 2 2 1 1 2 2 1 1 1 2 1 1 1 2 2 1 2 1
158 0 1 1 1 2 2 2 1 2 2 2 2 2 2 2 1 2 2 2 1 1 2 2 2 2 2 2 1 1 1 2 1 1 1 1 2 2 1 1 1 1 1 1 1 1 1 2 1 1 2 1 2 1 2 1 2 1 1 1 1 1 2 1 2 2 2 1 2 1 2 2 2 1 1 2 2 2 2 1 1 2 2 1 1 1 2 1 2 1 1 2 1 1 1 2 1 1 1 2 1 2 1 2 2 1 1 2 1 2 2 2 1 1 2 1 1 2 2 2 1 1 2 1 2 2 1 2 1 1 2 1 1 2 2 1 1 1 2 2 2 1 1 2 2 1 1 1 2 2 1 1 1 2 1 1 1 1 1 1 2 1 2 1 1 1 1 1 2 2 2 2 2 2 2 2 1 1 2 1 2 2 2 2 2 2 2 1 1 2 2 2 2 1 2 2 2 1 1 1 1 1 2 2 1 1 2 1 1 1 2 2 2 1 1 2 1 1 1 2 1 1 1 1 2 1 2 1 1 2 2 2
200 0 1 1 2 1 1 2 1 2 2 2 2 2 2 2 1 2 2 2 1 1 2 1 1 2 2 2 1 1 1 1 1 2 2 1 2 1 1 1 1 1 1 1 1 1 2 2 1 1 2 1 2 1 2 1 2 2 2 2 1 1 2 2 2 2 2 2 1 1 1 2 2 2 2 1 2 2 1 1 2 1 2 2 2 2 2 2 2 2 2 2 2 1 2 1 2 2 2 2 1 2 1 1 2 2 1 1 2 2 2 2 2 1 1 2 2 1 2 2 2 1 1 2 1 2 1 2 2 1 1 1 2 2 1 2 2 2 1 2 2 1 1 2 1 1 2 1 1 2 2 1 1 1 2 2 1 1 1 1 1 1 1 2 2 1 1 2 2 2 2 2 2 1 2 2 1 1 1 2 2 1 1 2 2 1 1 1 2 1 2 2 1 1 2 2 1 2 1 1 1 2 1 2 1 1 1 2 1 2 2 2 1 1 2 2 1 2 1 2 2 1 1 1 2 2 1 2 1 2 2 2
135 0 2 2 1 1 1 1 1 1 1 1 2 2 2 2 2 1 1 1 1 2 2 1 2 2 2 2 1 2 1 2 1 1 1 2 2 2 1 1 1 1 1 1 1 1 2 2 1 1 2 2 1 2 2 2 2 2 2 2 2 1 1 2 2 2 2 2 2 1 1 2 2 2 1 1 2 1 2 1 2 2 2 2 1 2 2 2 2 2 2 1 1 2 1 2 2 1 2 1 1 1 1 1 2 2 1 1 2 1 2 2 2 1 2 2 2 1 1 2 1 1 1 1 1 2 1 1 2 1 2 1 2 2 2 2 2 2 1 1 1 2 1 1 1 1 1 2 2 2 1 2 1 1 1 2 1 2 2 1 1 1 2 1 2 2 1 1 2 2 1 2 2 2 1 2 1 1 2 2 1 1 2 2 1 2 1 2 1 2 2 1 1 1 2 1 2 2 1 1 2 2 2 2 1 1 1 1 1 1 2 2 1 2 2 1 2 1 2 1 1 1 2 1 1 1 2 1 1 1 2 2
159 0 2 2 1 1 1 1 2 2 1 2 1 2 2 2 1 2 2 2 1 1 1 2 2 2 2 2 2 2 1 2 1 1 1 1 2 2 1 1 1 1 1 2 1 2 1 1 1 1 2 2 2 2 2 1 2 1 1 2 1 2 2 1 2 2 1 2 2 2 2 1 1 2 1 2 2 2 1 2 2 1 2 2 1 2 1 1 1 1 2 2 2 2 2 2 1 2 1 2 2 1 1 1 2 2 2 2 1 2 2 2 1 1 1 1 1 2 2 2 1 1 1 1 2 2 1 1 1 1 1 1 2 2 2 2 2 2 1 2 1 2 1 2 1 2 2 2 1 2 1 1 2 1 1 2 1 1 1 2 1 1 1 1 1 1 1 2 2 1 2 2 2 2 2 2 1 2 2 2 2 2 1 1 2 2 2 1 1 1 1 2 1 1 1 1 2 2 1 1 2 2 1 2 1 1 1 2 1 2 2 2 1 2 2 2 1 2 1 1 1 2 1 1 2 1 2 1 2 2 2 2
97 0 1 2 2 1 1 2 1 2 2 2 2 2 2 2 2 1 2 1 1 2 1 2 2 2 2 2 2 1 2 1 1 1 1 2 2 2 2 1 1 1 1 1 1 1 1 2 1 1 2 2 2 2 2 2 2 2 1 2 2 1 2 1 2 2 2 2 2 2 1 2 2 2 2 2 1 2 2 1 1 1 2 1 1 1 2 2 1 2 1 1 2 2 2 1 2 1 2 1 1 1 1 1 2 1 1 1 2 2 2 2 2 2 1 1 2 2 2 2 2 2 1 2 2 2 2 2 1 1 1 1 2 2 2 2 2 2 1 2 1 1 2 2 1 1 1 1 2 2 1 1 2 2 2 1 2 2 2 1 1 1 1 1 1 2 2 1 1 2 2 2 2 2 2 1 1 1 2 2 1 2 1 1 2 1 2 1 2 2 1 2 2 1 2 2 2 2 1 1 1 1 1 1 1 1 1 2 1 1 2 2 1 1 2 2 1 2 1 1 1 1 1 1 1 1 1 1 1 2 1 2
163 0 2 2 1 1 1 1 2 2 1 1 2 1 2 2 1 1 2 2 1 2 2 2 2 2 1 2 2 1 1 1 1 1 1 1 2 2 1 1 1 2 1 1 1 1 2 1 1 1 1 2 1 2 2 1 2 1 2 2 2 2 1 1 2 2 2 2 2 1 1 1 2 2 1 1 2 2 2 2 1 2 2 2 1 1 1 2 1 2 1 2 1 2 2 1 2 2 1 1 1 2 1 2 2 1 2 2 2 2 2 2 1 1 1 1 2 1 2 2 1 2 1 1 2 1 1 1 1 2 1 2 2 2 2 2 2 2 2 1 1 2 1 1 1 1 1 1 2 2 1 1 2 1 2 2 1 1 1 1 1 1 2 1 1 1 2 1 2 2 1 2 2 2 1 2 1 1 2 2 1 2 2 1 2 2 2 1 2 1 1 2 2 1 1 1 2 1 1 1 2 2 2 2 1 2 1 1 2 1 2 2 2 1 2 2 2 1 1 1 2 2 1 1 1 1 1 2 2 2 2 2
110 0 2 1 1 2 1 2 1 1 2 1 2 1 1 2 1 1 2 2 1 1 2 2 2 2 2 1 2 2 2 1 1 1 1 2 2 2 1 2 1 1 1 1 2 1 1 2 1 1 2 2 2 2 2 2 1 2 2 1 1 1 1 1 1 2 2 2 2 2 1 2 2 2 1 1 2 2 1 1 1 1 2 1 1 1 2 2 2 2 2 1 1 2 2 2 1 1 1 2 1 2 1 1 2 2 2 2 2 1 2 1 1 2 1 2 2 2 2 1 1 1 1 1 2 2 2 2 1 1 1 1 2 2 2 2 2 2 1 1 1 1 1 1 1 1 2 1 2 2 1 2 2 1 2 2 2 1 2 1 1 1 1 2 2 1 1 1 2 2 2 2 2 1 2 2 1 1 1 1 1 2 1 1 2 1 2 1 1 2 1 2 1 1 2 1 1 1 1 1 2 2 2 2 1 1 2 1 2 1 2 2 1 1 2 2 2 1 2 2 1 2 1 2 2 1 2 2 2 1 2 1
52 0 2 1 1 1 1 2 2 1 1 1 2 2 1 2 1 1 1 1 2 1 2 2 2 2 2 2 2 2 1 1 1 1 1 1 2 1 1 1 1 1 2 1 2 2 1 1 1 1 1 1 2 1 2 2 2 2 1 1 2 1 1 2 2 2 1 2 2 1 1 1 1 2 2 1 2 1 2 1 2 1 2 2 1 1 2 1 2 1 1 1 2 1 2 1 1 2 1 1 1 1 1 1 2 2 1 2 1 2 2 2 1 2 2 2 1 2 2 1 1 1 1 2 1 2 1 2 2 1 2 2 2 1 2 2 2 1 1 2 2 2 1 1 1 1 1 2 2 1 1 1 1 1 2 1 1 1 1 2 1 1 2 2 1 1 2 2 2 2 1 1 2 2 1 2 1 1 2 2 1 1 2 2 1 1 1 1 1 2 2 1 1 2 2 2 2 2 1 1 2 2 2 2 1 2 2 1 2 1 2 2 2 1 2 1 2 1 1 1 2 2 1 1 1 1 1 1 2 2 2 2
162 0 2 1 1 1 1 2 2 2 2 2 1 2 2 1 1 1 2 2 1 1 2 2 1 2 2 1 2 2 1 1 1 2 1 1 1 2 1 1 2 1 2 1 1 1 1 1 2 1 2 2 2 2 1 1 2 1 1 2 1 1 1 1 2 2 2 1 2 2 1 1 2 1 2 2 2 2 2 2 2 2 2 2 1 1 2 2 2 2 1 1 1 1 2 1 2 1 1 1 1 2 1 2 2 1 2 2 2 2 2 2 2 1 2 2 1 1 2 2 1 1 1 2 2 1 2 1 1 2 1 2 2 1 2 2 2 1 2 2 1 2 2 2 1 2 1 1 2 2 1 1 2 1 1 2 2 1 1 1 1 1 1 1 1 2 1 1 2 2 2 2 2 2 2 1 1 1 2 2 2 2 2 1 2 2 2 2 2 1 2 1 1 1 2 2 2 2 1 1 2 2 2 2 1 1 1 2 1 2 2 2 1 2 2 2 1 2 2 1 2 2 2 1 1 1 2 1 1 2 1 2
70 0 1 1 1 2 2 2 2 2 1 1 2 2 2 2 1 2 2 2 1 1 2 1 1 2 2 2 2 2 1 2 2 1 1 2 1 2 1 1 2 1 2 1 1 2 2 2 1 1 2 2 2 2 2 2 2 2 2 1 2 2 1 1 2 1 2 1 1 2 1 1 1 2 1 2 2 1 1 1 2 2 2 2 1 1 1 2 1 2 2 2 2 1 1 2 1 1 1 1 1 1 1 1 2 2 2 2 2 1 2 1 1 1 1 1 1 1 2 2 1 1 2 2 1 1 1 1 2 2 2 2 2 2 2 2 2 2 2 2 1 1 1 1 1 1 2 2 2 1 1 1 2 2 1 2 1 2 1 2 2 1 2 2 2 1 1 1 2 2 2 2 1 1 2 2 2 1 2 2 2 1 2 2 2 1 2 1 1 1 2 2 2 2 2 1 2 1 1 1 1 1 2 2 1 1 2 1 1 1 2 2 1 1 1 2 1 1 1 2 2 1 1 2 1 1 2 2 1 1 2 1
129 0 2 1 1 2 1 2 2 2 1 1 2 1 1 2 1 1 1 1 1 1 2 2 2 1 2 1 2 2 1 1 1 1 1 1 2 1 1 1 1 1 1 1 1 2 2 1 1 1 1 2 2 2 2 1 1 1 2 2 1 1 2 1 2 2 2 2 2 2 1 1 2 2 2 2 1 1 1 1 1 1 2 1 2 1 2 2 2 1 2 2 1 2 1 2 1 2 1 1 1 1 1 1 2 2 2 2 2 1 2 1 2 2 2 1 2 2 1 2 1 1 1 2 1 1 1 2 2 2 2 1 2 2 2 2 2 2 1 2 2 2 1 2 1 1 1 2 2 1 1 1 2 2 2 1 2 1 1 2 1 1 1 2 2 2 1 1 2 2 2 1 2 2 2 2 1 1 2 2 1 1 2 2 2 2 2 2 1 2 1 1 2 1 1 1 2 1 1 1 2 2 2 2 1 1 1 1 1 1 2 2 1 1 2 2 1 1 1 1 1 2 1 1 1 2 2 2 2 1 2 1
17 0 2 1 1 2 2 2 2 1 2 2 1 2 1 1 1 1 1 2 1 1 2 2 2 1 2 1 1 2 1 1 1 1 2 2 2 2 1 2 1 1 1 1 2 1 1 2 1 2 2 2 1 2 2 2 1 1 2 2 2 2 1 1 1 2 2 1 1 1 1 1 2 1 2 1 2 2 1 2 2 2 2 2 2 1 2 2 2 2 2 1 1 2 1 1 2 2 2 2 2 1 1 1 2 2 1 1 2 2 2 2 1 2 1 2 2 2 2 1 1 1 2 1 2 2 2 2 1 1 1 1 2 2 2 1 2 1 1 2 1 1 1 2 1 1 1 1 2 2 1 1 2 2 1 2 2 2 1 1 1 1 1 1 1 1 2 1 1 2 2 2 2 2 1 2 1 1 1 2 2 2 1 1 1 1 1 1 1 2 2 2 1 1 2 2 2 2 1 1 1 2 2 2 1 1 1 1 1 1 2 2 1 1 2 2 1 1 1 2 1 1 1 1 1 2 2 1 1 1 2 2
23 0 1 1 1 1 2 2 2 2 1 2 1 1 2 2 2 1 2 2 2 1 1 1 2 2 2 2 1 2 1 1 2 1 1 1 1 2 1 2 1 2 2 1 1 1 2 1 1 1 1 2 1 1 1 2 2 1 2 2 1 2 1 1 1 2 2 1 2 2 1 1 2 2 2 2 2 1 1 1 1 1 2 2 1 1 1 2 1 1 2 2 2 2 2 1 1 2 2 1 1 2 1 2 1 1 1 2 1 1 2 1 2 2 1 1 1 1 2 2 1 1 2 2 1 1 1 1 2 2 2 1 1 2 2 2 1 2 1 1 2 1 2 1 2 1 1 2 2 1 1 1 1 2 2 2 2 2 1 1 1 1 1 1 1 1 1 2 2 1 2 2 2 2 2 1 1 1 2 2 2 2 1 1 2 1 2 1 1 2 2 1 1 1 2 2 2 2 1 2 1 1 1 1 1 1 2 2 2 2 2 2 1 1 2 2 1 1 2 2 2 2 2 2 1 1 2 2 2 2 2 2
119 0 1 2 1 1 2 2 1 1 2 2 2 2 1 2 1 1 2 2 1 1 2 2 2 1 2 2 2 2 1 1 1 1 2 2 2 2 1 1 1 2 1 1 1 1 1 2 1 1 2 1 1 2 2 2 2 2 2 2 2 2 1 1 2 1 2 2 2 2 1 1 2 1 2 1 2 1 1 1 1 1 1 2 1 1 1 1 1 1 2 2 2 1 2 2 2 1 2 1 2 1 1 1 2 2 2 2 2 2 2 2 2 2 1 2 2 2 2 1 2 1 2 2 2 1 2 2 1 1 1 1 2 2 1 2 2 2 2 1 2 1 2 1 1 1 1 2 2 1 1 2 1 2 1 1 2 1 2 2 1 1 2 2 1 2 2 1 2 2 1 2 2 2 2 2 1 1 1 1 2 1 1 1 2 2 2 2 1 2 2 2 2 2 1 1 2 2 1 1 1 2 1 2 1 2 2 1 2 1 2 1 1 1 2 1 1 2 2 2 2 1 2 1 1 1 2 2 2 1 2 2
80 0 2 2 1 1 1 2 2 2 1 1 2 1 2 2 1 1 2 1 1 2 2 2 2 2 1 2 2 2 1 2 1 1 2 1 2 1 1 1 1 1 1 1 1 2 2 1 1 1 2 2 2 2 2 1 2 1 2 2 1 2 2 1 2 2 2 1 1 1 2 2 2 2 1 1 1 2 1 2 1 2 2 2 1 1 1 2 1 2 2 1 2 2 2 1 1 1 1 2 2 1 1 1 2 2 2 1 1 2 2 2 1 2 1 1 1 1 2 2 1 1 2 2 2 1 2 2 1 2 1 1 2 1 2 2 2 2 1 1 1 2 1 1 1 1 2 1 1 2 1 1 1 2 1 1 1 1 2 1 1 2 2 1 1 2 1 1 2 2 2 1 1 2 1 1 2 1 2 2 2 1 1 2 2 2 1 2 1 2 2 1 1 2 2 2 2 2 2 1 2 1 2 2 1 1 1 2 1 1 2 2 1 1 2 2 1 1 1 2 2 1 1 2 1 1 2 2 2 1 2 1
44 0 2 2 1 1 2 1 1 2 1 2 1 2 2 1 1 1 2 2 1 1 1 2 2 2 1 2 2 2 1 1 1 1 2 1 2 2 1 1 1 1 1 1 1 1 1 2 1 1 2 2 2 2 1 1 1 1 2 2 2 1 1 2 2 2 1 1 1 1 2 1 1 2 2 2 2 1 2 1 1 1 2 2 1 1 2 2 2 2 1 1 1 2 1 2 1 2 1 1 1 1 1 1 2 2 1 1 1 2 2 2 1 1 2 2 2 1 1 2 1 1 2 1 1 2 2 1 2 1 1 1 2 2 2 2 2 2 2 2 1 1 1 1 1 2 2 2 2 2 2 1 2 2 1 1 1 1 1 1 1 1 1 2 1 1 2 1 2 2 1 2 2 1 1 1 1 2 2 2 1 1 2 1 2 1 2 1 1 1 1 2 1 2 1 1 1 1 1 1 2 2 2 2 2 1 1 2 1 2 2 2 1 1 1 2 1 1 1 1 2 2 1 1 2 1 2 2 1 2 1 2
170 0 1 1 1 2 2 2 2 2 1 1 2 2 2 2 1 2 2 2 1 1 2 1 1 2 2 2 2 2 1 2 1 2 2 1 2 1 1 1 1 2 1 2 2 1 2 2 1 1 2 2 2 2 2 2 2 2 1 2 2 2 1 1 2 1 2 1 1 2 1 1 1 2 1 2 2 1 1 1 2 2 2 2 1 1 1 2 1 2 2 2 2 1 1 2 1 1 1 1 1 1 1 1 2 2 2 2 2 1 2 1 1 1 1 1 1 1 2 2 1 1 2 2 1 1 1 1 2 2 2 2 2 2 2 2 2 2 2 2 1 1 1 1 1 1 2 2 2 1 1 1 2 2 1 2 1 2 1 2 2 1 2 2 2 1 1 1 2 2 2 2 1 1 2 2 2 1 2 2 2 1 2 2 2 1 2 1 1 1 2 2 2 2 2 1 2 1 1 1 1 1 2 2 1 1 2 1 1 1 2 2 1 1 1 2 1 1 1 2 2 1 1 2 1 1 2 2 1 1 2 1
161 0 1 2 2 1 2 2 1 1 1 1 1 2 1 1 1 1 2 1 1 1 2 2 1 2 1 1 2 2 1 1 1 2 1 2 1 2 1 1 1 1 1 2 1 2 2 1 1 1 2 2 2 2 2 2 1 2 2 2 1 2 1 2 2 2 1 2 1 2 1 1 2 2 2 1 2 2 1 1 1 1 2 1 1 1 2 1 2 1 2 2 1 1 1 2 1 1 1 1 2 1 1 1 2 2 1 2 1 2 2 2 2 1 2 1 1 2 2 2 1 1 1 1 2 2 2 1 1 1 1 1 2 2 2 2 2 2 1 2 1 2 1 1 1 2 1 2 2 2 2 1 1 2 2 1 1 1 1 1 1 2 2 2 1 1 1 2 2 2 2 1 1 2 2 1 1 1 1 2 2 1 1 2 1 2 1 2 2 1 2 1 1 1 2 2 2 1 1 1 2 1 2 2 1 1 1 2 1 1 2 2 1 1 1 1 1 2 1 1 1 1 1 1 1 2 1 2 2 2 2 2
117 0 2 1 1 2 2 2 2 1 2 2 1 2 1 1 1 1 1 2 1 1 2 2 2 1 2 1 1 2 1 1 1 1 2 2 2 2 2 1 1 1 1 1 1 2 2 1 2 1 2 2 2 1 2 2 1 1 2 2 2 2 1 1 1 2 2 1 1 1 1 1 2 1 2 1 2 2 1 2 2 2 2 2 2 1 2 2 2 2 2 1 1 2 1 1 2 2 2 2 2 1 1 1 2 2 1 1 2 2 2 2 1 2 1 2 2 2 2 1 1 1 2 1 2 2 2 2 1 1 1 1 2 2 2 1 2 1 1 2 1 1 1 2 1 1 1 1 2 2 1 1 2 2 2 1 2 2 1 1 1 1 1 1 1 1 1 2 2 1 2 2 2 2 2 1 1 1 2 1 2 2 1 1 1 1 1 1 2 1 2 2 1 1 2 2 2 2 1 1 2 1 2 2 1 1 1 1 1 1 2 2 1 1 2 2 1 1 2 1 1 1 1 1 2 1 1 2 1 1 2 2
184 0 2 1 1 1 1 2 1 2 2 2 1 1 2 2 1 1 2 1 1 2 2 2 2 2 2 1 2 2 2 1 1 1 1 2 2 2 1 1 1 1 1 1 1 1 2 2 1 1 1 2 1 1 2 2 2 1 1 2 2 1 1 1 2 2 2 2 2 2 1 1 1 1 1 2 1 2 1 1 1 1 2 1 1 1 1 2 1 2 2 2 2 2 2 1 1 1 2 2 2 1 1 1 2 2 1 1 2 2 2 2 1 2 1 1 2 2 2 2 2 1 1 2 2 1 1 1 1 2 1 1 2 2 1 2 1 2 2 2 1 2 2 1 1 2 1 2 2 1 1 2 2 1 1 2 1 1 2 1 1 1 2 1 1 2 1 1 2 2 2 2 1 2 1 2 1 1 2 1 1 1 2 1 2 2 2 2 1 2 1 1 2 1 2 1 2 1 1 1 1 2 2 2 1 1 1 1 1 1 2 1 1 1 2 1 2 1 1 1 1 2 1 2 1 2 2 2 2 2 2 2
43 0 1 2 2 1 1 1 1 2 2 1 2 1 1 2 2 1 2 2 1 1 2 1 1 1 1 1 1 2 1 1 2 2 1 1 1 1 1 1 1 2 1 1 1 1 2 2 1 1 2 2 2 2 2 1 2 1 1 2 1 1 2 2 2 2 2 2 2 2 1 1 1 2 2 1 2 1 1 2 2 1 2 2 1 1 2 2 2 2 1 2 2 2 2 1 1 2 2 1 1 2 1 2 1 1 1 2 2 2 2 2 2 1 1 1 2 1 2 2 1 1 1 1 2 1 2 1 1 2 1 2 2 2 2 2 2 2 1 1 1 2 1 2 1 1 2 1 1 2 1 1 1 2 1 2 1 2 1 2 1 1 2 1 1 1 2 1 2 2 2 2 2 1 2 1 1 2 1 2 1 2 2 1 2 2 2 2 1 1 2 2 2 2 2 1 2 2 1 2 1 2 2 2 1 1 2 1 1 1 2 2 1 1 2 2 1 2 1 1 2 1 1 2 1 2 2 2 2 2 2 2
146 0 2 2 1 2 2 2 1 1 1 1 1 2 1 2 1 1 2 2 2 1 1 2 2 2 2 2 2 1 1 1 1 1 1 1 2 2 2 2 1 1 1 1 1 2 2 1 2 1 2 2 2 2 2 2 1 1 2 1 2 1 1 1 2 1 1 2 1 2 1 1 2 1 2 2 2 2 2 1 2 2 2 2 1 1 2 2 1 2 1 1 2 2 1 2 1 1 2 1 1 1 1 1 2 2 1 2 2 2 2 2 1 1 2 1 1 2 2 2 1 1 2 1 2 1 2 1 1 1 1 1 2 2 1 2 2 2 2 2 1 1 2 2 1 1 2 1 2 2 1 1 2 1 1 1 2 1 2 2 1 1 2 1 2 2 1 1 2 2 2 2 1 2 2 1 2 1 2 2 2 2 2 1 2 2 2 1 1 1 2 1 2 1 2 2 1 2 1 1 1 2 2 2 1 2 1 1 1 1 2 2 1 1 2 1 1 1 2 1 2 2 2 1 1 2 2 2 1 2 1 2
