0.7681195
0.735445
0.7421599
0.7124845
0.705157
0.7373876
0.6890098
0.6962333
0.6961517
0.7106047
0.6859509
0.7130128
0.6600615
0.7425388
0.7450071
0.7422599
0.6928427
0.6881719
0.8140093
0.7201525
0.7171698
0.6881233
0.7268991
0.7084512
0.7310811
0.7062411
0.6723055
0.6987342
0.7229892
0.7238407
0.6849821
0.6187011
0.6933405
0.7178007
0.6824078
0.6471497
0.7073092
0.7195115
0.717686
0.7068347
0.7556057
0.7660159
0.7147146
0.6619775
0.6975961
0.7102753
0.7097902
0.7050117
0.6729907
0.7890219
0.7222142
0.7231568
0.6841017
0.6868859
0.7245478
0.7232045
0.7021731
0.7468686
0.7466587
0.6687493
0.6929908
0.7686947
0.7108039
0.6616934
0.6455737
0.7296555
0.7115334
0.7231114
0.7306948
0.6568869
0.7013235
0.6721601
0.7143547
0.6787571
0.673616
0.708204
0.6767605
0.7047382
0.7031594
0.6353272
0.7205967
0.6350206
0.6473424
0.6485666
0.6820096
0.7276297
0.6734647
0.6987048
0.715379
0.683917
0.6498667
0.7041931
0.7411595
0.729495
0.6783964
0.689729
0.6834858
0.680428
0.6556483
0.6612602
0.6963222
0.6684738
0.6817857
0.6639293
0.7196953
0.6890779
0.7253056
0.6492228
0.6703765
0.6873315
0.7453535
0.6800619
0.6753967
0.6717773
0.714956
0.6942053
0.6735766
0.6957391
0.6877903
0.6385841
0.6839915
0.7279804
0.6725333
0.6667741
0.6950211
0.6712244
0.6819907
0.7008916
0.6905925
0.7529371
0.7250483
0.6859522
0.7238787
0.6700988
0.6830461
0.765553
0.6775715
0.7023277
0.6661925
0.714469
0.6935455
0.6858586
0.6961291
0.7104629
0.7638525
0.6995868
0.6579245
0.6919982
0.7303643
0.6397656
0.6840672
0.6508082
0.7133653
0.6815968
0.7070207
0.771708
0.7069705
0.7035713
0.6918331
0.7043501
0.7612481
0.6915982
0.733072
0.6992949
0.7519902
0.7077473
0.7026801
0.7296383
0.7546319
0.7018729
0.7242978
0.6927818
0.7041058
0.6796224
0.6656593
0.6555343
0.6864556
0.684968
0.702041
0.7093843
0.67653
0.7412616
0.7077384
0.741574
0.6899636
0.7161652
0.6840775
0.6841616
0.7115003
0.6734222
0.6835003
0.6625909
0.6898423
0.7076808
0.6647446
0.6646577
0.7077253
0.6616623
0.7099781
0.6730819
0.7142878
0.716458
0.6868555
0.7580723
0.7075078
0.6943515
0.730184
0.6875382
0.629118
0.7184246
0.6984927
0.6961142
0.6439493
0.6710465
0.7101445
0.6830518
0.6915292
0.7113202
0.6634639
0.6915916
0.7026968
0.7196994
0.6718927
0.7000981
0.6709101
0.6765169
0.6886488
0.6793164
0.6716995
0.736372
0.7079981
0.6646744
0.6911552
0.6779534
0.71911
0.704518
0.6951881
0.6859136
0.6700883
0.6908732
0.7012295
0.7217898
0.6919153
0.6886769
0.7366813
0.6937485
0.7465163
0.7589331
0.7531146
0.67003
0.6962755
0.7028387
0.6987509
0.7028013
0.7171524
0.6805338
0.7070917
0.6570534
0.7031634
0.7463347
0.7309995
0.6771123
0.6972795
0.6731835
0.7073273
0.7278772
0.691249
0.7332761
0.7105664
0.7115045
0.7148132
0.7141298
0.7055164
0.6644959
0.7171255
0.6602668
0.716904
0.6921101
0.7011926
0.6923731
0.6616809
0.6952016
0.6778792
0.684717
0.6467425
0.6828274
0.6808194
0.6644524
0.7357941
0.7411878
0.6750942
0.6642253
0.6979179
0.7371694
0.7075266
0.6915718
0.7295523
0.7170176
0.678626
0.703323
0.7022951
0.6815205
0.6660994
0.6751756
0.6765399
0.6815761
0.6682543
0.7646707
0.6790335
0.6673276
0.7088251
0.7059498
0.6517681
0.6741856
0.6493505
0.6846679
0.6380697
0.6524093
0.7168539
0.6669169
0.695164
0.6684166
0.6954614
0.6992838
0.6910489
0.6423726
0.7430488
0.665554
0.6835679
0.7159722
0.7315151
0.7270401
0.7424778
0.6983326
0.6960619
0.6530488
0.6786309
0.6590009
0.6913441
0.6767978
0.662029
0.7392221
0.6790824
0.6996441
0.7225396
0.7131678
0.6738127
0.6875346
0.6605631
0.6856492
0.7089892
0.7501879
0.693849
0.6831423
0.6732244
0.7077052
0.7018116
0.6931844
0.7303384
0.6993051
0.6800034
0.6797487
0.7058526
0.6983117
0.6800934
0.7036799
0.7145968
0.6334452
0.6443505
0.7280438
0.7152324
0.6964592
0.6997171
0.7378021
0.6550662
0.6575852
0.7001629
0.7294565
0.7028911
0.7853961
0.7200371
0.687124
0.6609888
0.6644595
0.6927656
0.6870859
0.6930832
0.6998212
0.6488615
0.6720421
0.6994899
0.6553995
0.6948622
0.6784042
0.7026569
0.7504655
0.7329962
0.6632684
0.6677082
0.6808874
0.6378696
0.7142506
0.6450257
0.6820901
0.657281
0.6831864
0.6849669
0.6981575
0.6347225
0.6623347
0.7131869
0.6603151
0.6592277
0.6387042
0.7153922
0.6989235
0.7013547
0.6684554
0.6892056
0.6913857
0.6641155
0.7010349
0.6626573
0.6558918
0.6929191
0.694694
0.6987713
0.7247519
0.7163506
0.6566309
0.6949616
0.6676953
0.6365789
0.6892741
0.6644574
0.6619986
0.6835392
0.7157147
0.7101298
0.7517293
0.7146675
0.6798335
0.7051232
0.6745411
0.70085
0.7227085
0.7357938
0.7120907
0.6341354
0.7096235
0.6706239
0.6875511
0.6474048
0.6739267
0.6813996
0.6548029
0.6982377
0.6792378
0.6829897
0.7104908
0.6653552
0.749533
0.6965331
0.7175164
0.7039095
0.7368891
0.6529135
0.716312
0.6596065
0.6341154
0.6584072
0.6843463
0.6761863
0.6901865
0.7222961
0.6676786
0.6596254
0.6862125
0.6920237
0.6777639
0.6558571
0.6958092
0.690744
0.6758525
0.7190142
0.6526692
0.6653604
0.6519218
0.7253847
0.6804644
0.7019989
0.6780278
0.654837
0.7069024
0.6849335
0.6981239
0.6726714
0.6757031
0.7031414
0.6723845
0.7234133
0.6678023
0.6399767
0.677088
0.7282941
0.7373606
0.6787939
0.6876413
0.6894032
0.6828975
0.6667277
0.6841147
0.7088808
0.63741
0.6586197
0.7183194
0.6851672
0.6548225
0.6944113
0.6776257
0.6769255
0.6596853
0.6837842
0.7052326
0.7026973
0.6399998
0.713973
0.6855086
0.6575882
0.7122673
0.7129132
0.6427456
0.7253238
0.7012163
0.674549
0.6944138
0.7198132
0.6980755
0.657129
0.6503187
0.6861883
0.6931942
0.641562
0.7009016
0.6497428
0.7214478
0.6917466
0.6953414
0.6686636
0.6929798
0.6699948
0.7007491
0.6975468
0.7319523
0.7062199
0.6832381
0.7175191
0.691171
0.6465253
0.6501035
0.7272474
0.7035062
0.7013739
0.6960147
0.6961379
0.7223153
0.6642338
0.6931838
0.6963535
0.6480035
0.6847456
0.6598994
0.6691987
0.6570668
0.7416147
0.7455126
0.7124374
0.7467988
0.712142
0.7253434
0.7246187
0.7016474
0.6776683
0.6918841
0.6566712
0.7238708
0.7625499
0.7082493
0.7025874
0.6418213
0.6865101
0.6847112
0.7131974
0.6660935
0.667168
0.6792567
0.7263293
0.6972309
0.7167249
0.6783758
0.666127
0.7039132
0.6828842
0.727991
0.6937531
0.7320515
0.6725332
0.6753954
0.7737466
0.7040726
0.6788016
0.7140997
0.7749137
0.6846603
0.7083604
0.6916639
0.7090537
0.6840249
0.6814125
0.7085866
0.6904819
0.6812714
0.6767948
0.6775133
0.735092
0.6910416
0.6784286
0.6987925
0.7053151
0.681934
0.6990857
0.7318821
0.7104644
0.726511
0.6792117
0.7083343
0.6186359
0.6519507
0.6942758
0.6539449
0.6738532
0.6922636
0.6355333
0.7593937
0.6665984
0.7236553
0.6463255
0.6590453
0.706867
0.6377049
0.6512285
0.6543001
0.6980024
0.6426969
0.686298
0.7001548
0.6914317
0.7241345
0.7388305
0.6940591
0.6970123
0.672767
0.6961705
0.6836945
0.7063071
0.6842859
0.6852011
0.6886636
0.6493759
0.7317968
0.6911992
0.6682858
0.7090403
0.6474532
0.6826903
0.7352917
0.7474297
0.6876407
0.6551572
0.6670362
0.6857501
0.6590706
0.6584482
0.7184401
0.7134952
0.6917067
0.6854184
0.6885846
0.7137188
0.6757351
0.7185828
0.6848702
0.7112015
0.7089371
0.6832753
0.7254627
0.749385
0.7020527
0.7072863
0.7262232
0.6551082
0.6585091
0.6825212
0.6931664
0.6546863
0.7153079
0.6649826
0.684599
0.6851919
0.6927698
0.6764434
0.6455403
0.6762024
0.7223586
0.6586778
0.7202327
0.6861061
0.7072509
0.7075338
0.7465217
0.690915
0.6853151
0.7034079
0.6862339
0.6533665
0.6803329
0.639523
0.7066585
0.6355095
0.6961812
0.7060093
0.6600771
0.6965772
0.6585183
0.7138197
0.6997229
0.7148996
0.6322591
0.6727972
0.6505131
0.7062682
0.7084755
0.6709044
0.6739436
0.7395582
0.6825895
0.7132002
0.7265973
0.6970828
0.7210723
0.6653029
0.7147999
0.7331657
0.6854446
0.6542414
0.6769053
0.6397418
0.6843104
0.6324739
0.7167645
0.6866615
0.7363759
0.701498
0.6646831
0.6983074
0.6799523
0.691335
0.6366397
0.707543
0.6782694
0.70535
0.695859
0.6193269
0.7144686
0.6504153
0.7222179
0.6756797
0.6912812
0.7042295
0.6988475
0.7000632
0.7067878
0.7127473
0.7049952
0.7141145
0.6504397
0.6866319
0.6663851
0.6722113
0.6829498
0.6979806
0.7144841
0.7114032
0.7220048
0.7249931
0.7410131
0.6978988
0.6844764
0.6840305
0.6751434
0.648531
0.7002259
0.7016625
0.7285345
0.684009
0.7137549
0.676065
0.7270561
0.6941084
0.6616825
0.6816931
0.7010997
0.706414
0.7034938
0.7022405
0.6796203
0.7222762
0.7064212
0.7170405
0.726755
0.7152957
0.7314503
0.7340883
0.7477453
0.6709193
0.6938445
0.6895818
0.7453071
0.6903865
0.6910035
0.6660277
0.6898111
0.7154006
0.7102269
0.6923644
0.6991332
0.7005121
0.7080391
0.6602057
0.6968813
0.703819
0.7588294
0.7357226
0.7056104
0.7083225
0.6747414
0.7175963
0.7264905
0.6680991
0.714588
0.710647
0.6672848
0.6658726
0.690236
0.6838
0.7486332
0.6567091
0.6811593
0.6665917
0.6728071
0.6676427
0.7222857
0.7207417
0.7281578
0.7345536
0.6865508
0.7356676
0.6957442
0.6909377
0.7313196
0.7171805
0.688187
0.7476334
0.7928876
0.7123585
0.7086343
0.6969786
0.7155383
0.7265136
0.6816376
0.6539664
0.7228315
0.6902152
0.6999108
0.7184821
0.6274023
0.754471
0.727172
0.720029
0.6985117
0.6860003
0.6575544
0.7069974
0.6980143
0.7221457
0.7049798
0.6494324
0.6646793
0.6933764
0.713249
0.7135494
0.7056504
0.688128
0.7205055
0.7262241
0.6888363
0.7213529
0.7286659
0.7371999
0.7459122
0.7434066
0.6848353
0.7168692
0.7016715
0.6686764
0.7160697
0.6738509
0.6570152
0.6469978
0.6554166
0.6923259
0.7270913
0.7298541
0.6350307
0.6699967
0.7077347
0.6743519
0.6850005
0.6849018
0.6471755
0.7531024
0.6870608
0.7286844
0.7041427
0.6718004
0.7290025
0.7078859
0.6531874
0.7639803
0.6670371
0.6902941
0.7261496
0.6786798
0.7144444
0.7155649
0.7153684
0.6964086
0.7452823
0.7110964
0.7176438
0.6919727
0.6942905
0.6874153
0.6733821
0.6821995
0.7198581
0.6781353
0.714581
0.7488108
0.6857825
0.6603807
0.6726058
0.656956
0.6791335
0.6692384
0.7093524
0.7256555
0.698006
0.661509
0.7106148
0.6547054
0.6895126
0.7352805
0.6846837
0.6782671
0.6942585
0.6447233
0.6870368
0.6351832
0.6767932
0.7269315
0.7027629
0.7071628
0.6468242
0.7093026
0.6602975
0.5903541
0.7223994
0.642698
0.651626
0.7378618
0.6784362
0.6664324
0.6604445
0.7437317
0.6910608
0.6863886
0.6586956
0.6879634
0.6615153
0.6355329
0.6381043
0.6418043
0.6744264
0.6856245
0.6923585
0.7338476
0.718224
0.711972
0.6961154
0.6964111
0.6578584
0.6921296
0.6910456
0.7036691
0.6721284
0.7098283
0.6853187
0.6844951
0.6557361
0.6693581
0.7088245
0.6948203
0.6863708
0.6697008
0.7116415
0.6974249
0.717529
0.6886501
0.7203279
0.7148827
0.7477007
0.7167202
0.7002881
0.7204803
0.7008637
0.7113876
0.676008
0.6878098
0.6748921
0.7176376
0.6834562
0.6189536
0.6849436
0.6918976
0.7135513
0.6434247
0.6389212
0.7005567
0.7182171
0.739175
0.6994373
0.6748083
0.6916938
0.7633654
0.7661688
0.6973039
0.6695546
0.6957408
0.7217924
0.7327225
0.6898682
0.7323643
0.6567569
0.6814557
0.6784662
0.712878
0.697999
0.6957188
0.7159424
0.6673647
0.706533
0.6815024
0.6756368
0.6595389
0.6920829
0.6775327
0.6713354
0.6900108
0.6630713
0.6684494
0.6854805
0.6846264
0.7286674
0.7348398
0.6791681
0.7301848
0.6937489
0.7000776
0.6732089
0.6901427
0.6184114
0.7150585
0.6292526
0.6964963
0.7298817
0.6833887
0.7237704
0.688092
0.7057875
0.6759672
0.7055658
0.7013104
0.6813241
0.7076697
0.7412489
0.6731053
0.7209995
0.6970832
0.6639563
0.6221092
0.7221618
0.7014431
0.7031349
0.66098
0.7063283
0.6304951
0.7093314
0.6748829
0.6903888
0.6661549
0.6845577
0.6776144
0.6969282
0.7050235
0.6965481
0.6909671
0.7437986
0.7288086
0.7122019
0.7524541
0.7039622
0.720877
0.7318376
0.7088187
0.6947808
0.7089203
0.7681442
0.6668309
0.708861
0.6799104
0.7682204
0.6887583
0.6449313
0.7116552
0.679416
0.704645
0.7019523
0.6776947
0.6301338
0.707095
0.6526379
0.7563487
0.7152787
0.6778316
0.7064615
0.7106571
0.6926835
0.7421627
0.7394485
0.6779984
0.6623166
0.686397
0.6802474
0.6845323
0.7062232
0.6783625
0.6690237
0.6846916
0.7169205
0.7026477
0.6856563
0.6515028
0.70578
0.6803003
0.6916903
0.7002738
0.6357381
0.6597966
0.7343863
0.6741759
0.6969567
0.6738946
0.6586396
0.6591405
0.6755835
0.6950501
0.6779268
0.7354994
0.702265
0.6990014
0.7103203
0.6694592
0.6855227
0.671787
0.7040189
0.6946235
0.6978966
0.6969254
0.6958061
0.6762464
0.7063134
0.709535
0.728173
0.7011673
0.7339708
0.7297893
0.7060515
0.6992036
0.6699668
0.7270428
0.711347
0.6506029
0.6565893
0.7455865
0.7037465
0.7057887
0.7359357
0.6706756
0.7422284
0.6928564
0.6723778
0.7142549
0.6876473
0.6777686
0.7061747
0.6666439
0.6639331
0.6859455
0.638588
0.7016086
0.7449759
0.7326545
0.6910404
0.6676221
0.7313908
0.7076733
0.6689734
0.7169202
0.6864015
0.7351222
0.6596991
0.6746828
0.7303413
0.6190208
0.6658699
0.6772685
0.6444713
0.6730546
0.6470851
0.6724136
0.6839018
0.7133571
0.6545613
0.7106467
0.7246202
0.6805152
0.6719757
0.7334905
0.6485518
0.6932269
0.6903391
0.6835066
0.692842
0.6667006
0.6862201
0.6706852
0.6978378
0.7055542
0.6899026
0.689626
0.6737939
0.6985434
0.6898766
0.7314196
0.7073916
0.7290449
0.696599
0.7174025
0.704038
0.6771546
0.6937415
0.7120587
0.7305896
0.6892998
0.739187
0.726036
0.6757044
0.6966327
0.6997655
0.6672573
0.6271186
0.7483361
0.6764664
0.6648051
0.7104776
0.6820657
0.6577696
0.671227
0.6325766
0.6181351
0.698349
0.6665462
0.7433602
0.7330617
0.6523595
0.6707782
0.7184801
0.6405804
0.6781766
0.6951637
0.6514025
0.6516474
0.7447558
0.7132327
0.6930729
0.701804
0.6882411
0.6740749
0.6813072
0.6978794
0.7152665
0.7098986
0.6690064
0.7036302
0.7083583
0.6998739
0.7247143
0.7181999
0.6814686
0.7024691
0.7020975
0.7140008
0.7143333
0.6626865
0.6836471
0.709241
0.678136
0.7376986
0.6767977
0.6886855
0.7029182
0.6777714
0.6751431
0.7209329
0.6658691
0.6720127
0.7028484
0.7022829
0.7128775
0.7295815
0.6577132
0.6851836
0.6899463
0.6522749
0.6689594
0.69483
0.6772514
0.67707
0.7070648
0.6953316
0.7181661
0.661414
0.7115291
0.669863
0.7314646
0.7562693
0.7286255
0.7818371
0.6883661
0.7502158
0.7449684
0.7135325
0.6469763
0.6559294
0.6880458
0.669613
0.6297396
0.6424524
0.7052878
0.6914251
0.6910656
0.6783113
0.6656566
0.7077078
0.6870919
0.6456911
0.6561539
0.736496
0.7264862
0.6527094
0.6879823
0.6692235
0.6607554
0.6664642
0.666479
0.6729271
0.6637594
0.6794567
0.6407693
0.6987212
0.6977892
0.7594138
0.7534295
0.7144817
0.733458
0.6873193
0.684873
0.6928471
0.6979451
0.6769538
0.7045991
0.6948731
0.6503415
0.6819248
0.6772509
0.7198736
0.7452676
0.7322034
0.8034582
0.6952019
0.6920187
0.705929
0.6956719
0.7132145
0.7579915
0.7132826
0.7613885
0.6941307
0.7137612
0.6776904
0.6863711
0.6220994
0.6627909
0.6947341
0.710902
0.654902
0.7119979
0.6788844
0.7137033
0.6855659
0.7113171
0.7460649
0.7531197
0.6754478
0.6776306
0.6820278
0.6982877
0.650391
0.6834565
0.645085
0.6688549
0.6793141
0.7245846
0.7018801
0.6648269
0.7257973
0.6988324
0.7021995
0.7342926
0.6829989
0.7145642
0.6823995
0.689898
0.68288
0.7257229
0.7106636
0.6820092
0.75268
0.6944361
0.7146589
0.7171296
0.7931213
0.6552217
0.6794332
0.7121426
0.7510454
0.7073622
0.6617574
0.7071574
0.6477771
0.6714262
0.6818607
0.6595813
0.6790867
0.664407
0.7096769
0.7024475
0.6856129
0.6709613
0.7404836
0.7244921
0.7369028
0.7229553
0.7024108
0.6835862
0.710773
0.6962149
0.6711959
0.6730442
0.6801637
0.7338748
0.6694971
0.6959388
0.7732602
0.741522
0.6535447
0.6906997
0.6788844
0.7707839
0.7367986
0.6708864
0.6523312
0.7241991
0.6709915
0.7384644
0.6763322
0.6609927
0.6933315
0.681996
0.6945019
0.6755729
0.6913464
0.6311462
0.6752624
0.6646487
0.7013915
0.6737414
0.6594419
0.6733071
0.6330369
0.7100654
0.6988782
0.7018941
0.6749257
0.6851661
0.7248999
0.6949453
0.699611
0.6785904
0.6802611
0.6830162
0.7004274
0.6903937
0.7133452
0.7154306
0.6839908
0.6998761
0.7146508
0.7158194
0.7467497
0.6942276
0.6802077
0.7333344
0.6808716
0.7195424
0.697573
0.7237073
0.7622053
0.7439203
0.7125489
0.6762254
0.6331744
0.6256358
0.6847356
0.6856471
0.6938537
0.6700182
0.6664954
0.6918877
0.7326806
0.7409815
0.6650106
0.740005
0.7110181
0.7167907
0.6641173
0.7234733
0.6620329
0.7038769
0.7195202
0.7274265
0.6927405
0.6953671
0.6850012
0.6703155
0.6589566
0.682361
0.6869133
0.7207566
0.6492621
0.67561
0.7665791
0.6870576
0.6562594
0.7208351
0.6963437
0.7495142
0.6893261
0.6742836
0.6808351
0.6875426
0.6903199
0.6866071
0.691449
0.7011239
0.713501
0.6813874
0.7183673
0.7621095
0.7252996
0.6727465
0.6634116
0.65517
0.7314707
0.7386849
0.7640365
0.7258976
0.717346
0.6807594
0.6847176
0.6660538
0.7400753
0.6190108
0.6781469
0.659024
0.7102046
0.7480091
0.710116
0.6638044
0.6840344
0.6985771
0.7063057
0.7306573
0.6700789
0.7069363
0.6969395
0.7639055
0.6645623
0.7117262
0.6850153
0.7398095
0.6574589
0.6719844
0.6427744
0.6576513
0.7070039
0.7311996
0.685116
0.7035354
0.7242571
0.6929967
0.7052248
0.6725174
0.6039676
0.689436
0.6712579
0.6912722
0.7648002
0.6942929
0.6700129
0.7067464
0.7057208
0.6735249
0.70237
0.7217566
0.718776
0.7223172
0.6983758
0.6619987
0.6945333
0.6973516
0.6758251
0.6987318
0.7119669
0.7201343
0.7126674
0.6701715
0.7016027
0.6863123
0.7451416
0.7217346
0.6546577
0.6927008
0.7094328
0.7225236
0.6414161
0.6945819
0.6723482
0.7048553
0.710362
0.6715479
0.7213312
0.6969835
0.6918609
0.7299435
0.6742965
0.6805518
0.6625513
0.720604
0.7067049
0.7450184
0.686465
0.6963711
0.6944444
0.6681568
0.6697572
0.7058906
0.6449284
0.696076
0.6993819
0.699536
0.6174001
0.662452
0.6991376
0.7181832
0.7034904
0.711133
0.7217798
0.6959179
0.692074
0.635636
0.6952296
0.7155709
0.687007
0.6646541
0.6688978
0.650222
0.6971706
0.6784732
0.732468
0.7026999
0.6849404
0.6533931
0.6813776
0.6831852
0.6800664
0.6397133
0.6768786
0.6745112
0.7289861
0.6855708
0.6571006
0.7549336
0.7268119
0.7031014
0.6665467
0.6994631
0.7453444
0.6585444
0.7077762
0.6386276
0.6957328
0.6861703
0.7206824
0.689581
0.6943004
0.712344
0.6674761
0.6603934
0.6897514
0.6621151
0.702386
0.6616515
0.6912794
0.6937154
0.6931116
0.6880693
0.6941267
0.6634747
0.7217742
0.6760281
0.7145709
0.6433319
0.6848755
0.6248893
0.6554386
0.6525223
0.695049
0.7174714
0.6909911
0.6431508
0.67316
0.6755943
0.6769684
0.6751775
0.6926305
0.6976411
0.7087265
0.7122254
0.67218
0.6875364
0.6901182
0.7007049
0.6692678
0.7079612
0.667786
0.6821855
0.67867
0.7359147
0.6872247
0.689505
0.6837446
0.7055494
0.6736453
0.6709026
0.6832123
0.62989
0.641341
0.6447037
0.6727762
0.7240404
0.6925333
0.6913702
0.6964238
0.666267
0.6718799
0.7032498
0.6892191
0.6986368
0.6979897
0.7203995
0.707839
0.6800755
0.6914008
0.7172383
0.6566191
0.7035044
0.6844204
0.6903362
0.6609286
0.6991137
0.6779517
0.7151449
0.683359
0.6875179
0.6989686
0.6548237
0.688329
0.6239278
0.6738244
0.7341039
0.6561066
0.6898293
0.6677775
0.7112847
0.6831829
0.7364991
0.6186154
0.6902694
0.714765
0.6849927
0.6600598
0.7111266
0.7443842
0.6958401
0.6967238
0.6515836
0.6966761
0.6642923
0.6742184
0.7121269
0.798932
0.7135865
0.6606534
0.6909739
0.6807252
0.6964347
0.7258143
0.7346501
0.714182
0.7370576
0.7396072
0.6851655
0.6830679
0.6949041
0.7056149
0.6809955
0.7082192
0.7237815
0.6580635
0.6782513
0.6964255
0.7278887
0.7430594
0.717184
0.6863407
0.654767
0.699784
0.6535695
0.696597
0.6348884
0.7203554
0.6966135
0.7084176
0.6401295
0.6466674
0.7100507
0.714088
0.6938421
0.667716
0.7623812
0.654276
0.6633749
0.7303443
0.6802942
0.720629
0.6923886
0.6944551
0.7402142
0.6722404
0.7484661
0.6853237
0.639157
0.6665162
0.67643
0.7221413
0.7189569
0.6815379
0.6807046
0.7280338
0.7143999
0.7191742
0.6732032
0.6853034
0.7059848
0.679846
0.6923418
0.6673324
0.7000126
0.7027785
0.6839677
0.7142669
0.686768
0.6874371
0.6881697
0.6544106
0.687796
0.6651442
0.670682
0.6659688
0.7112029
0.643386
0.674268
0.7205238
0.6866873
0.7095936
0.7019222
0.7102856
0.6960736
0.6748429
0.673297
0.71247
0.715644
0.6697906
0.6793936
0.704582
0.6239633
0.6639606
0.6917402
0.6756136
0.6569655
0.6897947
0.7196813
0.6691767
0.6970951
0.692416
0.7505204
0.7039877
0.6697013
0.657968
0.7325615
0.7573744
0.727691
0.7096762
0.7199881
0.6599677
0.7386114
0.6896019
0.6902616
0.6733866
0.7164118
0.7500945
0.6643636
0.6746668
0.7464004
0.6624529
0.7197092
0.7065501
0.7148011
0.6881162
0.6478306
0.6889879
0.7223288
0.6480957
0.6650961
0.6372009
0.715849
0.689329
0.7064988
0.6750211
0.7134222
0.7750964
0.671484
0.6299995
0.680152
0.6504957
0.7079459
0.6641922
0.700504
0.7159817
0.6611805
0.6872195
0.7173888
0.6787008
0.7012358
0.6982747
0.6676365
0.6733659
0.7007943
0.7095541
0.7118534
0.7290261
0.6513968
0.6628789
0.7041401
0.6979502
0.6924961
0.6580595
0.7360811
0.7109411
0.7459918
0.6891383
0.7577785
0.7062529
0.6872155
0.6965363
0.7527277
0.7308535
0.7187186
0.652614
0.6937792
0.6769848
0.6625718
0.7180611
0.7194042
0.6812827
0.6542018
0.6963927
0.7340649
0.7284881
0.6950199
0.7076976
0.7186986
0.7017194
0.7137958
0.672381
0.687407
0.6656104
0.7121398
0.6797594
0.6815381
0.6884037
0.6884848
0.7296117
0.6966881
0.6835841
0.6882959
0.7097273
0.7230449
0.6810473
0.7252792
0.6719501
0.6791099
0.6872562
0.6897588
0.7079515
0.7241997
0.6727219
0.7185383
0.6708514
0.7485479
0.6798472
0.6569057
0.6634134
0.7733554
0.6879353
0.6568614
0.6911389
0.7062888
0.6735529
0.6754475
0.6853723
0.6777031
0.671148
0.7112612
0.6872158
0.6847335
0.6869924
0.6875501
0.7122708
0.7184344
0.6755422
0.6873542
0.6808264
0.6510554
0.688765
0.6755103
0.6729195
0.6669363
0.704236
0.676511
0.6527323
0.6695467
0.6696537
0.7189276
0.6970038
0.735079
0.7018893
0.721041
0.7377804
0.7162888
0.7251915
0.7295609
0.6846528
0.7052452
0.6880624
0.6373177
0.6847922
0.6549501
0.6765555
0.6559669
0.6698404
0.6027145
0.6901697
0.6762441
0.6727042
0.6934406
0.6954204
0.6959691
0.6635023
0.6910729
0.6422462
0.6938137
0.6687427
0.6528019
0.6808986
0.6710147
0.6770609
0.6672806
0.7529293
0.6776033
0.6757536
0.6928827
0.6638053
0.6639436
0.6660234
0.6593423
0.6952058
0.7086475
0.6406008
0.6292895
0.6773622
0.6815149
0.7342619
0.6835454
0.6829012
0.6656522
0.6838788
0.6429931
0.6394231
0.6722163
0.7002278
0.6879051
0.6675813
0.6871249
0.6614361
0.6631708
0.686121
0.6665214
0.6732286
0.67843
0.6910582
0.7373781
0.6904737
0.6724714
0.6942897
0.7006915
0.6700105
0.7078971
0.6816763
0.724759
0.7136838
0.6845966
0.7113007
0.6625701
0.6790476
0.6652411
0.7313682
0.6946469
0.7251748
0.7365584
0.6971433
0.6507199
0.6589635
0.682703
0.7295782
0.7099232
0.7067279
0.6736845
0.6741327
0.6617206
0.6777231
0.6631706
0.6530708
0.6633493
0.7113897
0.6675537
0.6679234
0.6921905
0.6725381
0.7182114
0.6816219
0.7057177
0.6864225
0.7107532
0.6743525
0.6388481
0.6859697
0.660057
0.6938235
0.6476805
0.6494438
0.6394947
0.6952602
0.6921957
0.6963208
0.6875586
0.6537328
0.7073811
0.7512504
0.6499025
0.6978222
0.6733192
0.7319306
0.6976102
0.7031637
0.6611117
0.7162453
0.6976956
0.7012829
0.6628308
0.6944091
0.6988312
0.676475
0.6837609
0.7115439
0.7030459
0.684052
0.6865364
0.6707639
0.6692799
0.7305727
0.6534576
0.688261
0.7180165
0.6924007
0.6924768
0.6894814
0.720472
0.6717082
0.7224291
0.7120945
0.7043853
0.7321531
0.7239987
0.6925774
0.7039408
0.7160819
0.7404208
0.7135501
0.695527
0.6924197
0.718967
0.725914
0.7298794
0.7083187
0.6799659
0.7097374
0.7061257
0.7270033
0.7140299
0.7073501
0.71784
0.7640876
0.6713253
0.6361666
0.6746156
0.7112716
0.66887
0.7319658
0.6955699
0.7182907
0.7203789
0.7191064
0.6832072
0.740547
0.6825716
0.6891714
0.6533611
0.6616367
0.7291802
0.7178375
0.6888403
0.6805496
0.6480482
0.703615
0.7184339
0.7052645
0.7249483
0.7230598
0.6991215
0.6894177
0.6907271
0.6823317
0.696585
0.6849433
0.6801783
0.6756303
0.6386953
0.6587319
0.6735612
0.6741758
0.6835622
0.7115245
0.7721992
0.7362616
0.7298604
0.6934976
0.6998863
0.6967994
0.7042167
0.6714549
0.6788119
0.6496107
0.7393936
0.6933682
0.70149
0.6851009
0.645022
0.6821982
0.7110261
0.7055429
0.6972251
0.7334811
0.6707132
0.6404015
0.7247051
0.7121746
0.6892232
0.7096674
0.630001
0.7004101
0.6931954
0.713624
0.6802934
0.6809624
0.6971601
0.6994718
0.6609397
0.6963289
0.7154026
0.6644292
0.7333137
0.7323179
0.7219457
0.7004776
0.6991478
0.7486089
0.6810826
0.68641
0.7182426
0.7308205
0.7064896
0.7196145
0.6817574
0.6739102
0.6705864
0.7173856
0.6445731
0.6546697
0.6448564
0.7228435
0.6809766
0.711949
0.6970117
0.7127157
0.7546719
0.6838752
0.7022766
