1.39503
1.404355
1.329394
1.353104
1.353931
1.378938
1.350205
1.278212
1.206372
1.264729
1.175953
1.265253
1.23316
1.300884
1.284988
1.330145
1.453598
1.49031
1.467771
1.533402
1.517709
1.574839
1.606328
1.610128
1.625314
1.718038
1.696173
1.611773
1.587396
1.58572
1.618623
1.617735
1.607679
1.588033
1.664762
1.66952
1.573704
1.554643
1.615938
1.584986
1.541683
1.668354
1.558129
1.507822
1.633028
1.448609
1.525877
1.499531
1.516918
1.524437
1.590753
1.568546
1.710148
1.706294
1.694427
1.678331
1.698592
1.708099
1.706489
1.635732
1.536423
1.579147
1.564402
1.623116
1.649083
1.628688
1.487729
1.61278
1.592653
1.638068
1.642554
1.714514
1.736303
1.809334
1.868517
1.797261
1.760054
1.881054
1.873194
1.831387
1.869977
1.833938
1.788217
1.752707
1.70186
1.763779
1.809772
1.837977
1.804171
1.706524
1.759952
1.789259
1.791643
1.808204
1.807579
1.799041
1.769801
1.751371
1.804425
1.663676
1.558623
1.643527
1.757645
1.700151
1.73219
1.829328
1.730551
1.786826
1.777403
1.749632
1.848922
1.872939
1.779431
1.752826
1.746086
1.742332
1.733084
1.688604
1.802641
1.836031
1.85077
1.828972
1.75911
1.775045
1.828209
1.790034
1.771031
1.801747
1.856043
1.877098
1.937886
1.986661
1.972599
1.932322
1.9426
1.988573
1.996809
2.019443
2.048156
1.967541
1.935413
1.951014
1.912722
1.845132
1.988002
1.953697
1.945722
1.900765
1.856443
1.97165
1.94252
1.887222
1.858463
1.896216
2.016129
1.969705
1.838771
1.950624
2.011725
2.080998
2.1189
2.142251
2.233929
2.279842
2.303167
2.383926
2.455115
2.447206
2.367315
2.280275
2.233512
2.23828
2.274847
2.230649
2.172446
2.30357
2.312646
2.267143
2.373615
2.390792
2.460242
2.513389
2.595648
2.594296
2.576831
2.511333
2.502256
2.503258
2.3851
2.385079
2.384232
2.317084
2.271496
2.238797
2.350212
2.460853
2.422907
2.414387
2.381035
2.359123
2.345638
2.384932
2.37117
2.511136
2.496265
2.422764
2.497309
2.435538
2.343007
2.365774
2.345945
2.355809
2.310203
2.370125
2.337675
2.317288
2.352239
2.298947
2.300868
2.218158
2.137998
2.069362
2.002048
1.915889
1.866987
1.830236
1.812989
1.785438
1.864112
2.013009
1.859405
1.846035
1.782734
1.763477
1.750746
1.595075
1.566068
1.682418
1.666439
1.708402
1.741008
1.788591
1.717732
1.875318
1.897644
1.877377
1.935479
1.932324
1.976593
1.915465
1.844505
1.784225
1.793356
1.915482
1.936726
2.011055
1.888322
1.862629
1.742606
1.751804
1.778536
1.783853
1.732806
1.712294
1.684821
1.632509
1.563788
1.538249
1.59576
1.63866
1.729983
1.723226
1.746312
1.66101
1.558772
1.600449
1.607592
1.598778
1.67032
1.68311
1.623281
1.585079
1.621101
1.566375
1.463889
1.417809
1.53573
1.522367
1.505709
1.476938
1.440507
1.484592
1.481222
1.495733
1.533621
1.526801
1.453618
1.344638
1.292066
1.261322
1.198406
1.154431
1.248545
1.375287
1.393788
1.4043
1.362662
1.387517
1.404798
1.444993
1.328171
1.258119
1.262318
1.153377
1.209839
1.120943
1.147614
1.114936
1.039497
1.039678
0.9917531
1.036619
0.9443636
0.9593639
0.8612733
0.8920547
0.8824791
0.9251308
0.929699
0.9133502
0.9702575
1.073109
1.03301
1.049438
1.118015
1.181188
1.144648
1.108668
1.291625
1.293843
1.301008
1.376127
1.427853
1.407582
1.434578
1.544605
1.351337
1.365502
1.440383
1.345714
1.467428
1.500965
1.435032
1.431288
1.519367
1.493739
1.567628
1.597289
1.494013
1.494591
1.456504
1.438218
1.476258
1.464206
1.380712
1.405125
1.33128
1.267665
1.344092
1.299663
1.297961
1.268328
1.216742
1.244985
1.198316
1.307052
1.280578
1.22047
1.236797
1.219553
1.141057
1.144976
1.002739
1.024947
1.022366
1.052812
0.9958071
1.029682
1.076457
1.056709
1.040914
0.9780953
1.056359
1.177951
1.183152
1.089365
1.098157
1.225089
1.242152
1.190649
1.291056
1.289311
1.319839
1.325122
1.39888
1.447771
1.577877
1.584822
1.590677
1.544542
1.465142
1.542658
1.638779
1.645833
1.654362
1.565792
1.612967
1.574522
1.548971
1.494801
1.639483
1.726178
1.873266
1.823332
1.827949
1.747031
1.770824
1.62358
1.579258
1.625547
1.63115
1.663271
1.758449
1.770887
1.669757
1.643865
1.635632
1.724503
1.755263
1.748075
1.718505
1.719406
1.561183
1.507685
1.507483
1.544347
1.480163
1.449965
1.462368
1.338385
1.3401
1.407441
1.432536
1.471914
1.553622
1.542511
1.511604
1.383962
1.32952
1.352683
1.32101
1.35675
1.512878
1.529809
1.502152
1.483786
1.464671
1.596707
1.657411
1.742819
1.833536
1.902317
1.881275
1.963307
1.942732
2.035896
2.028353
1.985071
1.98426
1.786289
1.835573
1.801257
1.827099
1.898906
1.966672
1.850123
1.768206
1.738859
1.773416
1.754191
1.68779
1.686844
1.659035
1.713066
1.705528
1.72063
1.836379
1.771401
1.815758
1.833435
1.822062
1.848827
1.758531
1.838896
1.746297
1.690283
1.676819
1.673811
1.769874
1.821534
1.708018
1.656296
1.679806
1.682655
1.592328
1.531317
1.555487
1.55852
1.577573
1.636187
1.695605
1.646938
1.637155
1.672698
1.712371
1.689991
1.709376
1.786696
1.887013
1.897722
1.871175
1.845081
1.83772
1.775002
1.872167
1.969227
1.974364
2.045638
1.93951
2.055465
1.941796
1.823876
1.833672
1.804494
1.811813
1.699487
1.533175
1.575237
1.569694
1.653233
1.632008
1.648398
1.648094
1.668945
1.649422
1.577142
1.530841
1.51336
1.514998
1.532543
1.651168
1.621215
1.698727
1.649789
1.702274
1.777295
1.760371
1.723759
1.757881
1.655985
1.59896
1.532166
1.572742
1.622556
1.738931
1.73959
1.732649
1.78842
1.748011
1.649625
1.637019
1.646375
1.682172
1.504231
1.512163
1.527477
1.495798
1.448071
1.430985
1.352928
1.385565
1.331191
1.406139
1.422844
1.530197
1.492023
1.495744
1.39436
1.495612
1.571706
1.559062
1.435467
1.342989
1.426055
1.371395
1.401565
1.364882
1.338459
1.379372
1.39361
1.465175
1.453783
1.461632
1.490952
1.476635
1.517524
1.626586
1.688071
1.707045
1.659579
1.767076
1.828283
1.889627
1.80398
1.978388
2.036237
2.021281
1.982662
1.92013
1.857615
1.828937
1.775457
1.782178
1.738534
1.654332
1.670224
1.606872
1.493774
1.51711
1.478347
1.388723
1.389618
1.470684
1.450591
1.482359
1.540349
1.575572
1.615182
1.676432
1.672176
1.722408
1.739256
1.773065
1.79926
1.888022
1.944341
2.005385
2.090154
2.184647
2.137617
2.18276
2.191408
2.163148
2.24461
2.174204
2.145145
2.123235
2.160587
2.352732
2.212043
2.126484
2.229732
2.268011
2.309138
2.228892
2.242378
2.169229
2.134929
2.179878
2.165054
2.256693
2.255586
2.185785
2.235637
2.149068
2.153491
2.109403
1.994805
1.96199
2.00298
2.122605
2.073574
2.162015
2.253646
2.23077
2.252185
2.314373
2.310563
2.281616
2.418638
2.358879
2.466322
2.500733
2.555026
2.660451
2.693601
2.717384
2.734138
2.663136
2.763834
2.752591
2.747546
2.773174
2.718416
2.765434
2.777957
2.717213
2.608549
2.511401
2.411678
2.391165
2.198279
2.224095
2.226778
2.111141
2.085649
2.104065
2.259544
2.307201
2.301984
2.290351
2.364902
2.348419
2.293597
2.364928
2.477387
2.574102
2.573845
2.59231
2.604913
2.576876
2.663417
2.609518
2.697119
2.722579
2.587385
2.649999
2.606776
2.696288
2.701595
2.810877
2.737744
2.739155
2.731642
2.71265
2.694129
2.731758
2.698052
2.714778
2.679889
2.628518
2.590995
2.571128
2.492609
2.494795
2.555632
2.530422
2.500374
2.470359
2.450855
2.366784
2.315986
2.348298
2.425985
2.298867
2.313152
2.233609
2.147096
2.160256
2.055048
1.974505
1.941818
1.947962
2.018093
1.984452
2.047414
1.843848
1.854693
1.969298
1.902617
1.912881
1.937801
1.904294
1.954383
2.058637
2.089884
2.116775
2.097979
1.975667
1.913201
1.739869
1.753018
1.727217
1.798516
1.839439
1.844721
1.725475
1.806507
1.82655
1.907772
1.969965
1.963678
1.995268
1.888635
1.909635
1.924396
1.892398
1.711493
1.628659
1.678323
1.747955
1.738937
1.750789
1.681365
1.621389
1.566535
1.579691
1.666453
1.5993
1.510966
1.572255
1.581547
1.598134
1.562697
1.61928
1.585084
1.59761
1.552865
1.603547
1.651731
1.649736
1.675003
1.73299
1.62783
1.595246
1.541128
1.552291
1.537317
1.405836
1.315686
1.323401
1.303844
1.23099
1.223439
1.159024
0.9809735
1.012748
1.011195
0.9625025
1.020858
1.126591
1.161257
1.077917
1.140392
1.214796
1.307778
1.242059
1.324432
1.268858
1.226582
1.293397
1.30268
1.351349
1.370511
1.302376
1.299452
1.328685
1.307464
1.246352
1.226507
1.254097
1.268222
1.133188
1.287548
1.281449
1.22233
1.280108
1.284321
1.329323
1.27966
1.347398
1.374224
1.294471
1.220638
1.293511
1.347241
1.434649
1.559306
1.552823
1.59046
1.521993
1.575836
1.543426
1.492368
1.572683
1.592062
1.549458
1.563938
1.604827
1.556179
1.498518
1.640521
1.656642
1.679955
1.673496
1.642458
1.550351
1.523961
1.52688
1.525032
1.568969
1.589387
1.68836
1.664897
1.695095
1.617967
1.76831
1.708252
1.647865
1.672671
1.733102
1.652616
1.578389
1.533713
1.607763
1.633889
1.690267
1.630785
1.630418
1.575845
1.591752
1.636889
1.543745
1.468828
1.499164
1.495805
1.428482
1.350085
1.225035
1.2383
1.115929
1.115273
1.061662
1.084476
1.154955
1.186134
1.164526
1.177044
1.221102
1.246116
1.216246
1.166263
1.101871
1.056316
1.046027
1.008196
0.9065785
0.8076454
0.8354786
0.8178437
0.7456794
0.6887239
0.6858927
0.6518287
0.7081608
0.6822193
0.7162695
0.776537
0.8668264
0.8898732
0.9321565
0.9857153
1.033892
1.00996
1.064148
1.094762
1.08564
1.109156
1.099606
1.066956
1.012834
1.032678
1.022448
1.082353
0.94547
1.059463
0.9598087
1.069279
1.082844
1.095929
1.123821
1.153847
1.152263
1.106502
1.149502
1.237326
1.304155
1.223193
1.281102
1.186032
1.250803
1.219267
1.293006
1.346685
1.382683
1.422492
1.309663
1.279425
1.223367
1.165121
1.128829
1.157345
1.014081
0.9364098
0.8792335
0.9150967
0.8864872
0.8243639
0.7481121
0.7686739
0.6681333
0.7048524
0.7388638
0.8287606
0.7842387
0.7355077
0.7916687
0.7357571
0.7995773
0.7579423
0.7329443
0.6213753
0.689376
0.7298015
0.7678304
0.8588244
0.860978
0.9203596
0.8757007
0.8921349
0.7760214
0.7662438
0.7680443
0.7809005
0.713388
0.6740667
0.8025628
0.6764914
0.5964939
0.5560806
0.5950802
0.4976069
0.5679762
0.5295125
0.4980112
0.4402048
0.473796
0.3379962
0.3670573
0.367386
0.2726717
0.2741364
0.2764575
0.3911822
0.3978531
0.3573957
0.3745095
0.3593083
0.3997014
0.3581499
0.3139639
0.4111847
0.4347396
0.4793747
0.4314487
0.4384261
0.4331641
0.3327532
0.2409953
0.265921
0.2375539
0.3084284
0.3423291
0.3985556
0.38712
0.3067318
0.1581574
0.1527574
0.08977066
0.138549
0.1459556
0.1863879
0.1581395
0.1958279
0.1853694
0.2519885
0.2089043
0.1976852
0.1237031
0.1180879
0.1107185
0.04188427
0.02725844
0.02360674
0.0494242
-0.04769242
0.02360803
0.08724301
0.1004966
0.1238126
0.1712209
0.1679487
0.1322765
0.1471867
0.1740556
0.2419774
0.1760204
0.1127399
0.07006411
0.1212623
0.1324365
0.1494202
0.1653404
0.1656271
0.127692
0.1775536
0.1731407
0.08485413
0.09126925
0.1992976
0.2498083
0.3474067
0.3807917
0.4158975
0.2863465
0.2647355
0.2621846
0.3413299
0.3646037
0.2946146
0.3856567
0.3161785
0.324305
0.2880962
0.1552603
0.1006019
0.126062
0.2032811
0.09023826
0.008826947
0.06493467
0.08136524
0.1797269
0.1349487
0.1036296
0.07047615
0.05822495
0.02121447
0.1394404
0.1573608
0.08676224
0.1982903
0.1381323
0.1418562
0.3190198
0.4152197
0.3619243
0.3509292
0.3776118
0.2601533
0.335097
0.3044193
0.3026053
0.4489298
0.4704392
0.4488289
0.4346099
0.4102838
0.366488
0.3586851
0.3043995
0.2657957
0.2437943
0.3129084
0.4577045
0.4398473
0.4671852
0.4503262
0.4923254
0.5098429
0.5210481
0.5267904
0.575356
0.549983
0.5177744
0.629137
0.6716902
0.6945819
0.7374753
0.7088362
0.7735626
0.7816269
0.8187952
0.7751604
0.7737733
0.8233164
0.7834
0.8146243
0.8699202
0.910123
0.9883299
0.9422961
0.9771897
0.782527
0.8727546
0.8531452
0.9908548
0.9269587
0.9488346
0.9305382
0.9461616
0.8982891
0.7609074
0.7773854
0.6884968
0.6944997
0.703442
0.8362216
0.9096899
0.9321892
0.9956536
1.061526
1.145409
1.152772
1.142516
1.18932
1.155008
1.131828
1.233544
1.276858
1.277936
1.314444
1.321508
1.302117
1.208127
1.156627
1.097952
1.031239
0.9969823
1.061662
1.120022
1.127995
1.07573
0.9011104
0.942651
0.8729211
0.8772585
0.8547186
0.8224101
0.720711
0.6558223
0.658253
0.678062
0.6330862
0.7203381
0.6777651
0.7649894
0.798994
0.7381023
0.732591
0.6949545
0.7367496
0.6607166
0.642753
0.6126627
0.553857
0.4939831
0.4756328
0.4994986
0.6102689
0.6597973
0.6265279
0.6647019
0.6830933
0.8419357
0.7931928
0.7406402
0.681008
0.6520827
0.6421731
0.7010572
0.7096757
0.7352813
0.6198775
0.5333085
0.4811593
0.5908126
0.6218655
0.7116977
0.6942117
0.5448848
0.4741314
0.5222938
0.591326
0.5672507
0.5306341
0.4528537
0.4952039
0.4677911
0.3946768
0.2992222
0.2253491
0.2024542
0.1379901
0.09279457
0.08823924
0.05987442
0.1448227
0.1800428
0.1399946
0.1500585
0.17207
0.06029657
0.1250823
0.1212811
0.24216
0.3006545
0.283302
0.1713137
0.1524594
0.235683
0.3345901
0.3040257
0.4389422
0.5662436
0.6546349
0.6291358
0.7187797
0.7629295
0.7414225
0.7557973
0.6965221
0.727115
0.8210034
0.7889397
0.7119944
0.6679307
0.7806426
0.8242275
0.8709844
0.8322573
0.8018992
0.8373114
0.6986322
0.6815643
0.6727817
0.7421795
0.7864579
0.7877436
0.8610817
0.9054841
0.9367021
1.103432
1.096346
1.193072
1.255008
1.321357
1.436156
1.53195
1.590291
1.578052
1.505204
1.402424
1.450968
1.537309
1.621588
1.5634
1.533035
1.49173
1.528706
1.478324
1.462728
1.391344
1.488342
1.515859
1.504907
1.542701
1.595681
1.68444
1.732681
1.79207
1.658367
1.672555
1.62527
1.612676
1.629844
1.634953
1.643925
1.623684
1.614668
1.581154
1.667738
1.688834
1.747285
1.654661
1.654098
1.6881
1.750632
1.839657
1.900256
2.005846
2.093018
2.252936
2.167324
2.154332
2.226167
2.31571
2.199665
2.133337
2.009361
1.919697
1.967084
1.980616
2.035315
2.130908
2.167899
2.116826
2.112274
2.119696
2.190496
2.16444
2.202222
2.207368
2.10404
2.177569
2.066213
2.136686
2.047443
2.041433
2.059101
2.180568
2.094269
2.145133
2.185575
2.218077
2.309574
2.325037
2.24132
2.143395
1.974972
1.962533
2.054323
2.11376
2.093649
2.084245
2.113103
2.08615
2.112733
2.107834
2.237655
2.293076
2.247908
2.285353
2.323552
2.201412
2.066411
2.237385
2.359395
2.318306
2.41659
2.436986
2.433534
2.469821
2.451317
2.405475
2.408055
2.357025
2.410862
2.500043
2.544098
2.575388
2.551372
2.533408
2.5232
2.551055
2.594746
2.569634
2.590755
2.547984
2.526007
2.510042
2.574429
2.587244
2.544359
2.581318
2.647413
2.628498
2.5869
2.548399
2.604135
2.603592
2.6385
2.707673
2.727258
2.777031
2.682419
2.624527
2.583862
2.434541
2.447055
2.481422
2.492867
2.472741
2.500284
2.463368
2.424349
2.400295
2.404929
2.399214
2.356087
2.319576
2.232413
2.17358
2.144986
2.187853
2.234108
2.260045
2.10564
2.074034
1.990824
2.015653
2.00546
2.117302
2.113947
2.157769
2.207075
2.313176
2.226121
2.266799
2.294376
2.429754
2.396838
2.337111
2.282725
2.369987
2.27633
2.305917
2.201314
2.175627
2.249739
2.211545
2.252709
2.334083
2.41209
2.382804
2.328619
2.405183
2.300015
2.246867
2.260025
2.171271
2.150244
2.27534
2.266714
2.270428
2.26281
2.321725
2.245238
2.23511
2.213489
2.261434
2.252346
2.309468
2.480674
2.525782
2.413387
2.415828
2.465255
2.385126
2.439984
2.478872
2.466214
2.576275
2.583059
2.407551
2.300736
2.487861
2.425358
2.4239
2.348365
2.402967
2.429563
2.442477
2.445745
2.390751
2.433502
2.458742
2.586477
2.649034
2.738495
2.776462
2.686629
2.615095
2.70357
2.649798
2.562626
2.443778
2.39044
2.317901
2.413104
2.446822
2.518136
2.411063
2.411096
2.260672
2.332118
2.317418
2.302658
2.254369
2.349051
2.341806
2.303333
2.200066
2.222465
2.299476
2.376859
2.307011
2.327515
2.295052
2.230789
2.169605
2.108935
2.048244
1.943786
1.965587
1.964002
1.975591
2.071073
2.059157
2.044068
2.073869
2.017908
2.014281
1.998376
1.917697
1.996951
2.0313
1.953071
1.917254
1.875165
1.924931
1.849304
1.836997
1.85187
1.942639
1.829569
1.781714
1.90333
1.933384
2.02388
2.062005
2.016966
1.960032
2.070879
2.123421
2.110203
2.113654
2.089255
2.065808
2.034989
2.190192
2.119717
2.227887
2.270438
2.238214
2.280536
2.218916
2.256239
2.269416
2.325609
2.276431
2.221834
2.092489
2.103352
2.100188
2.061627
2.135191
2.164685
2.185024
2.159636
2.123312
2.16658
2.148377
2.144682
2.128624
2.117901
2.022934
2.031594
2.004469
2.047842
2.090901
2.000651
2.065585
2.041813
2.063983
2.002158
1.964006
2.031271
2.027171
2.093614
2.149745
2.149147
2.185592
2.124676
2.133604
2.173513
2.198595
2.208205
2.15823
2.187771
2.195374
2.200406
2.235383
2.319586
2.402298
2.419734
2.397496
2.432748
2.496464
2.506429
2.54509
2.513239
2.525604
2.524793
2.456825
2.483497
2.501891
2.470348
2.572496
2.651147
2.640526
2.620175
2.56538
2.447146
2.44817
2.476656
2.592231
2.649938
2.704694
2.698905
2.707854
2.61746
2.523396
2.471989
2.368756
2.335985
2.346299
2.372707
2.366368
2.44295
2.410133
2.309895
2.221734
2.225808
2.097395
2.026339
2.01364
1.957018
1.938934
1.899844
1.891411
1.903766
1.929238
1.850453
1.835655
1.799363
1.8635
1.853485
1.943198
1.860742
1.716143
1.619615
1.620713
1.624919
1.678666
1.578924
1.627934
1.633343
1.587407
1.587807
1.638292
1.568706
1.599573
1.74238
1.74794
1.639347
1.590961
1.537477
1.58433
1.570124
1.679976
1.648849
1.583947
1.581172
1.541345
1.474408
1.470851
1.38567
1.459844
1.424361
1.410456
1.343399
1.308551
1.266367
1.309902
1.381275
1.443324
1.405489
1.322787
1.143469
1.164122
1.173377
1.171516
1.110694
1.117074
0.9916235
1.144206
1.130937
1.077194
1.043791
1.031944
1.006894
0.956277
0.9238023
1.00875
1.031821
1.047769
0.9565618
0.9411916
1.00777
0.954464
0.8498475
0.8544085
0.8067689
0.8563785
0.7911447
0.8097204
0.8209004
0.8209426
0.8174016
0.7824639
0.8929906
0.8969119
0.8651671
0.8539246
0.8494299
0.7606258
0.8820355
0.7738792
0.8505082
0.953584
1.03527
1.031959
1.062878
1.102717
1.154303
1.141023
1.076503
1.140521
1.233627
1.185548
1.262588
1.312546
1.327461
1.366255
1.344055
1.383321
1.40178
1.383133
1.336783
1.347548
1.413178
1.414282
1.362879
1.387082
1.414279
1.31638
1.363665
1.360594
1.417039
1.473576
1.469777
1.629774
1.582646
1.690003
1.621847
1.682766
1.785806
1.905096
1.902243
1.918188
1.969984
1.935787
2.003034
1.964201
2.044756
2.086172
2.152294
2.192875
2.166776
2.208647
2.14125
2.204942
2.271077
2.209696
2.228828
2.176351
2.138252
2.191562
2.112096
2.1278
2.001857
2.01494
2.029307
2.112647
2.168256
2.099943
2.14726
2.144011
2.174859
2.180038
2.105744
2.223531
2.237335
2.243961
2.190258
2.239674
2.311376
2.457525
2.594163
2.481446
2.506598
2.490289
2.642242
2.594775
2.588665
2.560239
2.677889
2.724745
2.667104
2.593904
2.742063
2.745543
2.746581
2.792748
2.836411
2.681179
2.639383
2.672458
2.871971
2.763149
2.824328
2.787712
2.731916
2.760046
2.813526
2.745664
2.772127
2.973332
2.858724
2.846204
2.746217
2.778861
2.629619
2.58224
2.48738
2.491418
2.547839
2.429509
2.508643
2.504811
2.595921
2.75624
2.719518
2.74393
2.664044
2.64222
2.64595
2.69781
2.701341
2.718688
2.623233
2.775988
2.732486
2.787102
2.770618
2.73016
2.719592
2.687266
2.758288
2.755022
2.84908
2.815487
2.86907
2.763421
2.783412
2.840843
2.816714
2.856373
2.859662
2.904931
2.954763
3.037339
2.973183
3.006519
3.124951
3.103164
2.964747
2.81598
2.904941
2.982488
3.121176
3.117303
3.015951
3.13403
3.233599
3.221207
3.250487
3.29905
3.2104
3.261909
3.153254
3.116586
3.070532
2.995579
3.083478
3.098574
3.077087
3.068853
3.07367
3.089788
3.10676
3.150157
3.163931
3.204862
3.21995
3.205239
3.205749
3.310759
3.229433
3.198084
3.049669
3.113949
3.103644
3.169264
3.110508
3.047896
3.088305
3.107897
3.155759
3.105987
3.008559
2.93169
2.836043
2.756648
2.858456
2.890311
2.985375
3.118195
3.008044
2.963144
2.983139
3.106152
3.134834
3.149071
3.233994
3.221905
3.280697
3.290526
3.180493
3.086632
3.129275
3.21513
3.218591
3.119888
3.034445
2.961259
3.013444
2.952082
2.968349
3.004404
3.043937
3.123419
3.044574
3.047146
3.102431
3.074742
3.235282
3.241609
3.252933
3.241066
3.239754
3.373639
3.369047
3.307377
3.237435
3.166996
3.111729
3.118965
3.091568
3.152428
3.022952
2.967773
3.073375
3.127939
3.010975
2.954758
2.882953
2.770723
2.814884
2.756156
2.671834
2.719551
2.731891
2.638305
2.697173
2.697179
2.649929
2.521692
2.464813
2.397282
2.401579
2.404173
2.387028
2.387371
2.262934
2.30318
2.121397
2.256044
2.25962
2.313387
2.354779
2.307817
2.340122
2.230915
2.292018
2.374069
2.377649
2.395863
2.402416
2.461761
2.499862
2.542671
2.560896
2.509863
2.417902
2.44871
2.456019
2.515713
2.397169
2.285996
2.198786
2.225382
2.322436
2.356861
2.39635
2.425449
2.449055
2.488209
2.459349
2.382514
2.298559
2.276563
2.340283
2.399089
2.363942
2.413357
2.276425
2.348
2.319674
2.341148
2.194793
2.187105
2.18316
2.172516
2.237344
2.18765
2.323706
2.2889
2.415123
2.472256
2.640387
2.707594
2.712259
2.669351
2.698713
2.807197
2.884381
2.982555
2.918215
2.911421
2.973073
2.962248
2.984189
2.926149
2.879659
2.970911
3.074856
3.142331
3.134732
3.087663
3.061224
3.055328
3.04004
3.090473
3.091421
3.245989
3.093082
3.124798
3.223714
3.230945
3.21761
3.186849
3.254914
3.184205
3.177854
3.201735
3.15088
3.100483
3.043386
3.017779
2.975965
2.994632
2.901743
2.873377
2.843199
2.795028
2.710325
2.698569
2.667357
2.654635
2.571472
2.488068
2.54056
2.569955
2.515203
2.546073
2.6071
2.613798
2.519054
2.481326
2.428123
2.433534
2.373118
2.30439
2.357074
2.351829
2.353775
2.2542
2.361289
2.314533
2.300957
2.358264
2.299813
2.295677
2.220954
2.22675
2.163398
2.16489
2.226467
2.269104
2.249505
2.267485
2.194182
2.165196
2.225495
2.154438
2.166467
2.126432
2.039495
2.017423
2.054118
2.115474
2.158589
2.110454
2.050172
2.005873
2.035116
2.013193
2.003969
1.97864
2.02362
1.990844
1.997773
1.971789
2.0398
2.074009
2.129314
2.126359
2.112526
2.184556
2.179606
2.187614
2.149581
2.17043
2.150825
2.185673
2.174271
2.122045
1.996007
1.963086
1.86498
1.789372
1.775465
1.760584
1.825924
1.779516
1.694759
1.723054
1.674256
1.726318
1.809678
1.826613
1.748855
1.729233
1.83618
1.839282
1.822749
1.82694
1.88099
1.998324
1.994562
2.07636
2.080703
1.949997
1.804645
1.795289
1.748816
1.839586
1.914872
1.86998
1.819065
1.785977
1.672554
1.636907
1.675613
1.677139
1.68943
1.664535
1.669699
1.606137
1.684535
1.654804
1.518981
1.471646
1.403861
1.369138
1.260588
1.260002
1.188507
1.169391
1.138369
1.111303
1.023079
0.9801126
0.9846852
0.9898912
0.9504754
0.9954887
1.024455
1.097032
1.032791
1.10082
1.099942
1.092132
1.21917
1.359092
1.386736
1.433057
1.387439
1.477815
1.554544
1.529715
1.508429
1.549315
1.493515
1.467553
1.426242
1.340207
1.298801
