0.000290763
0.000322933
0.0003395893
0.0003399105
0.0003732324
0.0003572026
0.0003367829
0.0004176121
0.0003792516
0.0004025603
0.000364775
0.0004070159
0.0004028116
0.0004118887
0.0003667021
0.000322769
0.0003499065
0.0003484618
0.0003569402
0.0003680346
0.0004064608
0.0004539093
0.0004269159
0.0004377398
0.0004300277
0.0004782616
0.0005115804
0.0004753389
0.0004662387
0.0004576818
0.0004827755
0.0005131295
0.0004732303
0.0004825467
0.0005758832
0.0005451023
0.0004621275
0.0004432683
0.0004165622
0.0004180903
0.0004532522
0.0004212641
0.0004291459
0.0003968208
0.0004526578
0.0004324346
0.0004552392
0.0004200464
0.0004209595
0.000421313
0.0004583522
0.0004498719
0.0004009537
0.0004475471
0.0004082085
0.0004529161
0.0004119489
0.0003641384
0.0003863677
0.000427808
0.0003684362
0.0003766261
0.0003902769
0.0005009549
0.000491834
0.0004979888
0.0005162672
0.0004719437
0.0004475563
0.0004612298
0.0004530915
0.0004572149
0.0004142802
0.0004237636
0.0004904801
0.000431746
0.0005078601
0.0004613301
0.000526168
0.0005549837
0.0005776699
0.00056161
0.0006343795
0.0006487941
0.0005918941
0.0005830123
0.0005734507
0.0005255493
0.0005004793
0.0004680947
0.0005102386
0.0005227498
0.0005040568
0.0004775509
0.0004859729
0.0006067014
0.0005734093
0.0005522451
0.0005884151
0.0005277054
0.0005232225
0.0005917056
0.0005791446
0.0005673924
0.0005188059
0.0005305623
0.0005547495
0.000518353
0.0005942085
0.0005834115
0.0006431928
0.0005474485
0.0006313476
0.0005842155
0.0005636472
0.0005269425
0.0005356557
0.0005268845
0.0005189606
0.0005525426
0.0005308107
0.0005106438
0.000479294
0.0006475401
0.0006116427
0.0005503081
0.0004833514
0.0004552631
0.0005109722
0.0004954336
0.0005162624
0.0004746976
0.000463258
0.0005076845
0.00047257
0.0004334911
0.0004979807
0.0004132803
0.0004220728
0.0003761951
0.0003786386
0.0003926336
0.0004020113
0.0004286736
0.0004468534
0.0004808702
0.0004587191
0.0005514373
0.0004812034
0.0005480202
0.0005199798
0.000496872
0.0004846721
0.0004625621
0.0004320984
0.0004193288
0.000446845
0.0004079461
0.0003662235
0.0004039824
0.0003804417
0.0003990301
0.0004019569
0.0003928906
0.0004575534
0.0004120057
0.0004487103
0.0004060651
0.0004086163
0.000423639
0.0004347842
0.0004438863
0.0004869127
0.0004936493
0.0004892046
0.0005170735
0.000543236
0.0005578071
0.0005592849
0.000540782
0.0004749772
0.0004630499
0.0004372269
0.0004375449
0.0004210734
0.0005326926
0.0005373224
0.0005399658
0.0005406919
0.0005435073
0.0005419583
0.0005420375
0.0005506547
0.0004983994
0.0005030742
0.0006210379
0.0004659845
0.0004280684
0.000478502
0.0004689051
0.0004513521
0.0004346011
0.0004608147
0.0004692201
0.000486089
0.0004755331
0.0004583904
0.0004993505
0.0004835643
0.000474916
0.000515137
0.0004399769
0.000498551
0.000499899
0.0004898161
0.0004954909
0.0005121964
0.0004790004
0.0005348586
0.0005495994
0.0005436587
0.0005587763
0.0005611206
0.0005432028
0.0005237476
0.0004804519
0.0004606064
0.0004532762
0.0004660105
0.0004553893
0.0004360203
0.0004483436
0.0005077795
0.0004569885
0.000422684
0.0004302056
0.0004357609
0.0004146111
0.0004937183
0.0004410976
0.0004600803
0.0003971654
0.0004148313
0.000442374
0.000390961
0.0004066013
0.0004535947
0.00041883
0.0004061139
0.000467837
0.0004503829
0.0004912585
0.0004902165
0.0005408646
0.0005494003
0.0005220836
0.0005248418
0.0005851251
0.0005472266
0.0005324123
0.0004878835
0.0005165496
0.0005834345
0.0005796205
0.0004876116
0.000486925
0.0005310137
0.0004668933
0.0004680098
0.0004933415
0.0004311647
0.0004476608
0.000494614
0.0005178614
0.0004912846
0.0004868441
0.0005982618
0.0004889528
0.0005583325
0.0005411303
0.0005510425
0.0005835722
0.0004873411
0.0005416094
0.0005570537
0.0005183372
0.0005147417
0.0005096449
0.0004829496
0.000455715
0.0004846498
0.0004480114
0.0004240315
0.0003899865
0.0004213848
0.0005105048
0.000426737
0.0003851068
0.0004579392
0.0004661129
0.0004928075
0.0004803327
0.0004880951
0.0005865638
0.0005705493
0.0005547327
0.0005277567
0.0005668664
0.0005483628
0.0005502854
0.0005811041
0.0005123428
0.0005514604
0.0004966071
0.0005242232
0.00051187
0.0005057567
0.0005120904
0.0004415195
0.0005074723
0.000533134
0.0005375094
0.0005235919
0.0004867886
0.0005479308
0.0005418023
0.0005119766
0.0005270033
0.0005508398
0.0005487238
0.0005928872
0.0005901343
0.0005770169
0.0004860584
0.0005088329
0.0005167054
0.0005188566
0.0005044783
0.0005160293
0.0005535597
0.0004888403
0.0005196567
0.000575743
0.00052464
0.0004883703
0.000544989
0.0005330967
0.0004906828
0.0005515072
0.0004876653
0.0005196481
0.0004444647
0.0004240398
0.0004502163
0.0004910653
0.0004723697
0.0004966275
0.0004636917
0.0004150256
0.0004412135
0.0004337754
0.0004970371
0.0004852182
0.0004670791
0.0004521387
0.0004532016
0.0004641651
0.0005332985
0.0005785188
0.0005725144
0.0004797314
0.0005175619
0.0004804153
0.0005167318
0.0005277416
0.0005362274
0.0004802532
0.0005286419
0.0005830348
0.0005416256
0.0005617224
0.0005536572
0.0005564442
0.0006494868
0.0006429982
0.0006654226
0.0006202472
0.0005672778
0.0006021642
0.0006280596
0.0006973403
0.0006517837
0.0006599662
0.0005909761
0.0006216596
0.0005975777
0.0006050194
0.0005918562
0.0006592329
0.000673324
0.0006508994
0.0006576009
0.0005743506
0.0005365798
0.0005456618
0.0005428216
0.0005719715
0.0005474674
0.0005688332
0.0005868189
0.000662551
0.0006808858
0.0006388795
0.0006739897
0.0006559392
0.0006078569
0.0005546501
0.0006298113
0.000628585
0.0005938701
0.0006162771
0.0006346917
0.00063771
0.0006310649
0.0006658907
0.0006121523
0.0005447945
0.000538982
0.0005712882
0.0005856019
0.000610227
0.0006409291
0.0006690596
0.0006637328
0.0006546161
0.0006436897
0.0006961708
0.0006326807
0.0006000434
0.0005795579
0.0005868323
0.0006237023
0.0005701565
0.0006138631
0.0006827279
0.0005715624
0.0005416041
0.0005996979
0.0006115434
0.0005216901
0.0005401098
0.000559225
0.0005934285
0.000549645
0.000570369
0.0005431181
0.0006146925
0.0006224645
0.0006003347
0.0005342352
0.0004776435
0.0005352956
0.0005530696
0.0005426796
0.0005791416
0.0005739195
0.0005739826
0.0005676677
0.0005712294
0.0005744452
0.0006430674
0.0006084945
0.0006631611
0.0006514771
0.0006579289
0.0006693587
0.000627085
0.0006420891
0.0006824342
0.0005997335
0.000582878
0.0005836852
0.0006067616
0.0005849039
0.0005413373
0.0005812343
0.0006479571
0.0006190908
0.0005561154
0.0005344516
0.0005567103
0.0005460156
0.0006010243
0.0006103301
0.0006042024
0.0006175194
0.0006018446
0.0006378429
0.0006015397
0.0006048071
0.0006328409
0.0006342862
0.0005722875
0.0005148369
0.0005288147
0.0005833566
0.0005587135
0.0006537484
0.0006434762
0.0006655021
0.0006568567
0.0006657399
0.000644306
0.0005864792
0.0005994412
0.0005976589
0.0005994238
0.0006314613
0.0006427631
0.0007155905
0.0006798026
0.0006469341
0.0006940948
0.0006939069
0.000646657
0.0005845919
0.0005850606
0.0005896874
0.0006199947
0.0006325756
0.00059677
0.0006362688
0.0006055842
0.0005653026
0.0006099785
0.00063888
0.00056248
0.0006430777
0.0006527417
0.0006741609
0.0006430864
0.0005832806
0.0006105194
0.0005728216
0.0006347565
0.0005894988
0.0005437109
0.0005906803
0.0005367156
0.0005249559
0.0005835045
0.0005764375
0.0005751139
0.0005316826
0.0004622804
0.0004431341
0.0004779757
0.0005348999
0.0005643264
0.0005225677
0.0005312776
0.0006061863
0.0005435055
0.0005191319
0.0005253475
0.0004752997
0.0005010412
0.0004584426
0.0005509964
0.000541194
0.0005328477
0.0005890057
0.0005756561
0.0005247374
0.0005368193
0.0004659955
0.0004415861
0.0004384208
0.0004765608
0.0004217906
0.0004597745
0.0005148085
0.0004418637
0.0004745498
0.0004979359
0.0004207491
0.0004530025
0.0005654102
0.0005546339
0.0005772632
0.0005398716
0.0004851396
0.0003960126
0.0004537974
0.0005339875
0.0005215082
0.0005469557
0.0005075189
0.0004753306
0.0004893964
0.0005592723
0.0005993456
0.0005534287
0.0004814143
0.0004605838
0.0004656534
0.0004418002
0.000441146
0.0004133082
0.00039814
0.0003992033
0.0004405751
0.0004754594
0.000500225
0.0004584836
0.0005216793
0.0005842649
0.0005828466
0.0005633573
0.0006327065
0.0005654252
0.0005165405
0.0004964719
0.0004660281
0.000524204
0.0005340996
0.0006236171
0.000622718
0.0006059812
0.0005944382
0.0005786247
0.0005528685
0.0005241731
0.000590935
0.0006233037
0.0006311241
0.0006240261
0.0006272494
0.0006474544
0.0006222779
0.0006029591
0.0005864447
0.0006100529
0.0006341403
0.0005853473
0.0006040501
0.000629731
0.0006012794
0.000595681
0.0006411886
0.0005772906
0.0006274206
0.0006190369
0.0005666366
0.0005269937
0.0004997498
0.0005161157
0.0005336377
0.0005392577
0.0005478989
0.0005877067
0.0006199145
0.0005746612
0.0006162835
0.0006248271
0.0006235914
0.0006118088
0.0007201183
0.0006199722
0.0006258756
0.0006660002
0.0007109789
0.0006475949
0.0006179443
0.0006392421
0.0006254631
0.0005717265
0.000557881
0.0005884264
0.0006342388
0.0005787505
0.0005729729
0.0006270802
0.000592722
0.000591303
0.0006233318
0.0005818937
0.0005302322
0.0004765135
0.0005413694
0.0005301675
0.0005454441
0.0005566062
0.0006110533
0.0005715946
0.000538815
0.0004578178
0.0005202626
0.0004905376
0.0004980684
0.0005359017
0.0005885954
0.0005884002
0.000649856
0.0006440906
0.0006454197
0.0006328798
0.0006434856
0.0006083813
0.0005661071
0.0006232407
0.0006897548
0.0006797477
0.0005983702
0.00055852
0.0005989666
0.0005925045
0.0005646443
0.0005151949
0.0005440881
0.0005397451
0.0005492926
0.0005251735
0.0005103437
0.0005389928
0.0005370962
0.0005547497
0.0004937725
0.0005647324
0.0005085526
0.0005228131
0.0006003831
0.000582289
0.0005698815
0.0005395634
0.0006222497
0.0005984041
0.0006139166
0.0006733278
0.0006133996
0.0006005502
0.0005815899
0.0005753585
0.0005276402
0.0005313743
0.0004715174
0.0004610624
0.0005611631
0.0005415521
0.0004762807
0.0005002145
0.0004575262
0.0004853662
0.0005597215
0.0005682971
0.0005375399
0.0005557775
0.0004942981
0.0005830014
0.0005123551
0.0004127069
0.0004557992
0.0004713504
0.0005580556
0.0005613093
0.0004701551
0.0005611097
0.0005713082
0.0005792811
0.000537249
0.0005773706
0.0005310899
0.0005551972
0.0005380866
0.0005829355
0.0005674079
0.0005472282
0.0005118014
0.000565659
0.0005393192
0.0005408342
0.0005939761
0.0005010268
0.0005285945
0.0005701617
0.0005126768
0.0004395688
0.0004842816
0.0004527045
0.0004556229
0.0004123804
0.0004369026
0.0004715645
0.0004823397
0.0004845076
0.0004903438
0.000451141
0.0004280898
0.0004585715
0.0005591398
0.0004964171
0.00047061
0.0004648182
0.0005016769
0.0004792542
0.0004464175
0.0004561715
0.0004995962
0.0004813371
0.0004949552
0.0006147918
0.0006649064
0.0005661485
0.0005553873
0.000536026
0.0005152089
0.0005242957
0.0004753024
0.0004663658
0.0004940361
0.0004892586
0.0004538058
0.0005015565
0.0005068718
0.0005701529
0.000498491
0.0005000029
0.000463356
0.0004147661
0.0004319599
0.0005636299
0.0005832329
0.0005345893
0.0004061475
0.000421307
0.0004049811
0.0004397387
0.0004843854
0.0004772597
0.0004922806
0.0004295798
0.000457795
0.0004009141
0.0004166798
0.0004884787
0.0004403836
0.0005074211
0.000413436
0.0004029611
0.0004292455
0.0003988952
0.0004663482
0.0005117331
0.0005177928
0.0005256812
0.0005043041
0.0005556978
0.0004917397
0.0004862505
0.0005358785
0.0005122189
0.0004087385
0.0004344471
0.0004591481
0.0004279582
0.0004375434
0.0004813737
0.0004804632
0.0004305026
0.0004241528
0.0004057632
0.0004091584
0.0003968312
0.0004046808
0.0004603947
0.0004207034
0.0004851935
0.0004550577
0.000475369
0.0004452538
0.0005017357
0.0005008294
0.0004784919
0.0005380245
0.0004694432
0.0005167772
0.0004601354
0.0004766037
0.0004641228
0.0004715929
0.0004884341
0.0004746134
0.0004822164
0.0005420751
0.0004991688
0.0004172615
0.000479331
0.0004867497
0.0005193237
0.0004501163
0.0004832411
0.0004522622
0.0004693592
0.0004752858
0.0004535169
0.0004492104
0.0004486037
0.000447319
0.0004222589
0.0004039847
0.0004506224
0.0004509099
0.0004435407
0.000460142
0.0004115389
0.0004197076
0.0004759268
0.0004939179
0.0005206092
0.0005116504
0.0005208756
0.000450673
0.0004328497
0.0004505663
0.0004764709
0.0004149142
0.0004593925
0.0004384679
0.0005143109
0.0004640113
0.0004187582
0.0003841838
0.0004436339
0.0004347908
0.0004236273
0.0004101668
0.00042238
0.0004458002
0.0003997012
0.0004152358
0.0004616852
0.000422485
0.0004468513
0.0004708352
0.0004535825
0.0004445672
0.0004301757
0.0003943657
0.0004041275
0.0004721581
0.0004551068
0.0004466415
0.0004883585
0.0005336302
0.000512822
0.0005061778
0.0005014689
0.0005012101
0.0005300627
0.0005364991
0.0005418968
0.0004497525
0.0004471526
0.0004671709
0.0005480223
0.0005862864
0.000575707
0.0005222642
0.0005184526
0.0006240357
0.0006896927
0.0006753547
0.0005856259
0.0005826665
0.0005662591
0.0005346228
0.0006395564
0.0005802873
0.0005951393
0.0006172157
0.0006107552
0.0004952852
0.0006173013
0.0006383893
0.0006524642
0.000640442
0.0007243822
0.0005901407
0.0006313757
0.0006443986
0.0006099243
0.0006411194
0.0006358346
0.0006836281
0.0006170184
0.0007021979
0.0006468946
0.0005621436
0.0006155838
0.0005939323
0.0005635222
0.000597513
0.000616902
0.0005797745
0.0006174523
0.0006213876
0.0005754262
0.0005215423
0.0005508178
0.0004652619
0.0004523077
0.0005107286
0.0005222308
0.0004706154
0.0004575379
0.0005099197
0.0004867117
0.0004757308
0.0004619713
0.0005129911
0.000557578
0.0004800463
0.0005094274
0.0004425508
0.0004832529
0.0004954226
0.0005120646
0.0004876903
0.0005431428
0.0004668301
0.0005020939
0.000506291
0.0005216723
0.0004738731
0.0004649357
0.0005098139
0.0005379742
0.0004655731
0.0004617044
0.0004599048
0.0004656321
0.0004378817
0.0005346872
0.0005447367
0.0006006644
0.0005737986
0.0005939559
0.0005077657
0.0005149468
0.0004530932
0.0004439511
0.0004451355
0.0004377657
0.0004066313
0.0004010317
0.0004302134
0.0004485562
0.0004824668
0.0004605575
0.0004688319
0.0004830406
0.0004504904
0.0004485589
0.0004892176
0.0004339247
0.000482904
0.0004969785
0.0004951527
0.0004891572
0.0006290213
0.000644167
0.0005919818
0.0006123906
0.00063519
0.0005964561
0.0006368221
0.000625803
0.0005908573
0.0006114687
0.000608059
0.0005734825
0.000558334
0.0005698363
0.0004921813
0.0004602797
0.0004270519
0.0004435718
0.0004480787
0.0004688315
0.0004949137
0.0004418587
0.0005410989
0.0005724435
0.0004997209
0.0005773038
0.0005819695
0.0005676421
0.0005498229
0.0005183066
0.0005005089
0.0005070272
0.00047079
0.0005537022
0.0006278853
0.0005700031
0.0005236553
0.0005431715
0.0005418234
0.0005275483
0.0005082765
0.0005684894
0.0005988364
0.000608514
0.0005787609
0.0005667935
0.0006201259
0.0005980873
0.0005929608
0.000500086
0.0005012419
0.0005213042
0.0005165512
0.0005497779
0.0004845292
0.0004911784
0.0005045822
0.0004521694
0.0005299229
0.0004866347
0.0004675252
0.0004408492
0.0004550796
0.0004850283
0.0004635466
0.0005214519
0.0004922555
0.0004794004
0.0004795315
0.0005349225
0.0006067873
0.0005426182
0.0006132512
0.0005841596
0.0005376062
0.0005402236
0.0005128721
0.000552951
0.0005828687
0.0006150425
0.0006024817
0.0005465777
0.0005081509
0.000601505
0.0005947856
0.0006052253
0.0006156835
0.0005974893
0.0005343422
0.0005269884
0.0004713076
0.0005496638
0.0005188654
0.0005408861
0.0005145408
0.0005725158
0.0006325089
0.0006459028
0.0006359461
0.0006597172
0.0005596119
0.0004890689
0.0005087565
0.0005123579
0.0005427434
0.0004938993
0.0005291377
0.0005621842
0.0005692046
0.0005543286
0.0004595041
0.0004900125
0.0005545603
0.0004987213
0.000481588
0.0005486468
0.0005535127
0.0005377907
0.0005193519
0.0005082823
0.0004846033
0.0005713682
0.0005447519
0.0006206893
0.0006306339
0.0005825569
0.0005745546
0.0004799544
0.0005220025
0.000497063
0.0004607769
0.0004799347
0.0004762037
0.0004862402
0.0004960228
0.0004916791
0.0004987121
0.0004674343
0.0004299578
0.000500322
0.000546163
0.0005658955
0.0005841801
0.0006193497
0.0006209955
0.0005873755
0.0005150173
0.0005877721
0.0005629588
0.0005820652
0.0004638573
0.0005132406
0.0005129677
0.0005259857
0.0006102165
0.0005951724
0.0005961347
0.0005329928
0.0004999569
0.0005392694
0.0005824013
0.0005784779
0.0005329009
0.0005031793
0.0005517534
0.0005594567
0.0005864445
0.0005401056
0.000515425
0.0005338593
0.0005580786
0.0005094252
0.0005010913
0.000505716
0.0005123527
0.0004739861
0.0005918736
0.0005137463
0.0005306808
0.0005822156
0.0005190988
0.0006023479
0.0005497302
0.0005556456
0.0004748684
0.0005040894
0.0005317429
0.0006218623
0.0005273446
0.0004652903
0.0005152193
0.0004188674
0.0004501712
0.0004656724
0.0004643962
0.0005128688
0.0005639876
0.0005891517
0.0005764016
0.0005823176
0.0005351247
0.0005397133
0.0005019768
0.0005291869
0.0005048108
0.0005431796
0.0005248867
0.0005115682
0.0005807995
0.0005265716
0.000491166
0.00048531
0.0005044652
0.0004278745
0.0004306249
0.0004466776
0.000493181
0.0005258341
0.0005304972
0.0005802811
0.0006178939
0.0006376629
0.0005622276
0.0006404214
0.0006205431
0.0006402312
0.0006800623
0.0007020664
0.0006926521
0.000708817
0.0007343808
0.0007319373
0.0007038004
0.0006546921
0.0006515848
0.0005634817
0.0006107189
0.0005847385
0.0006080711
0.0005643788
0.0006077592
0.0006574694
0.0006545083
0.000621077
0.0005624858
0.0006065947
0.0006200355
0.0006128165
0.000481425
0.0005574309
0.0005940408
0.0004657772
0.0004339356
0.0004811539
0.0004874769
0.0005501302
0.0004693459
0.0005251081
0.0005411631
0.0005067742
0.0004912072
0.0004640007
0.0004476756
0.000468634
0.000467157
0.0005478102
0.0005554455
0.0005635374
0.0005451559
0.0005266483
0.0005367923
0.0005473064
0.000539807
0.0005223792
0.0006050808
0.000629221
0.0006511317
0.0005752836
0.0006065905
0.0006305984
0.0005786438
0.0005379049
0.0005366054
0.0005467948
0.000484715
0.0005711753
0.0005833597
0.0005665474
0.0004899199
0.0005446452
0.0005227996
0.0005873536
0.0005729667
0.000470228
0.0005040858
0.0004092756
0.0003860154
0.0003932133
0.0004414207
0.0004224344
0.0004404477
0.0004419031
0.0004757394
0.000530102
0.00050146
0.0005971543
0.0005272374
0.0005737207
0.0006112804
0.0005895583
0.0005841465
0.0006443142
0.0005911123
0.0006325025
0.0006174492
0.0006134583
0.0005819069
0.0005651679
0.000612992
0.0006019395
0.000513746
0.0005971641
0.000601577
0.0005831805
0.0005725637
0.0006243359
0.0005576134
0.0006249553
0.0006951172
0.0006714007
0.0005341409
0.0006227671
0.0005761231
0.0005634349
0.0005445991
0.0005677261
0.0005737131
0.0005681162
0.0005606708
0.0006129269
0.0005605138
0.0005719598
0.0004943156
0.0005323745
0.0004860389
0.0004559516
0.0004935966
0.0004604583
0.0004721204
0.0005044024
0.0004640577
0.0005251644
0.00059889
0.0005498149
0.0005042065
0.0004643831
0.000504553
0.0005544955
0.0005759261
0.0004914514
0.0005574433
0.0006012736
0.0005618886
0.0006152391
0.0005915694
0.0005729599
0.0004912087
0.0005253182
0.0005235523
0.000498205
0.0004788398
0.0004917239
0.0005219222
0.000456549
0.0004735356
0.0005023921
0.0005508556
0.0005473698
0.0005921668
0.0005977633
0.0005144106
0.000544176
0.0006073452
0.0005787839
0.0005693136
0.0005571124
0.0006053737
0.0005967359
0.000552451
0.0005690319
0.0005644262
0.0005339608
0.0005231083
0.0004843262
0.0005500327
0.0004979262
0.0005082407
0.0005378602
0.0004581892
0.000477785
0.0004903966
0.0004586203
0.0004947556
0.000480334
0.0004605236
0.0005224697
0.0004865195
0.0003826959
0.000442449
0.0004668519
0.0004932206
0.0005087982
0.0005682091
0.0004943471
0.0004903496
0.0005201012
0.0005665139
0.000468064
0.000479002
0.0005244585
0.0005279174
0.0005764953
0.0004877581
0.0005521795
0.0005600347
0.0005558111
0.0005415957
0.0005921352
0.0005679887
0.0005280013
0.000575918
0.0005064098
0.0005573848
0.0004769765
0.0004598333
0.000428858
0.0005185503
0.0004664559
0.0005064059
0.0005275123
0.0003834731
0.0004460886
0.0004471188
0.0004601072
0.0004951483
0.0004120873
0.0004378664
0.0004323505
0.0004371207
0.000422905
0.0004584403
0.0004984648
0.0005104873
0.0005133043
0.0005478046
0.0005101986
0.0004901476
0.0005466855
0.0005572065
0.0006001671
0.0005278951
0.0005330871
0.000534489
0.0004666925
0.0004670239
0.0004272832
0.0004372442
0.0004842087
0.0004887706
0.0004542989
0.0004959204
0.0005353892
0.0004633466
0.0004378458
0.0004207041
0.0003853547
0.0004000203
0.0003980818
0.0003921734
0.0004146266
0.0003665337
0.0003719175
0.0003715453
0.0004312995
0.0003734212
0.000406141
0.0004555749
0.0004433472
0.0004929458
0.000483813
0.0004846261
0.0005153771
0.0005072031
0.0005553368
0.0005483195
0.0005171992
0.0004800109
0.0004868464
0.000505871
0.0004733724
0.0004997072
0.0003808993
0.0003877902
0.0004206043
0.00042887
0.0004458634
0.000450496
0.0005007992
0.0005610623
0.000606962
0.000502743
0.000468827
0.0005123821
0.0004971
0.000474369
0.0005270824
0.0005099241
0.0005198388
0.0005360973
0.0005733587
0.0005755355
0.000576065
0.0005509582
0.0005258369
0.0006047454
0.0005770251
0.0005011494
0.0004533911
0.0004708668
0.0004525935
0.0004549588
0.0004946421
0.0005195439
0.0004582921
0.0005334357
0.0005309482
0.0005037395
0.0005365598
0.0004969632
0.0004673935
0.0004956356
0.0004677478
0.0004996253
0.0005312585
0.0005058225
0.0005299427
0.000451107
0.0004632977
0.0005526743
0.0004783885
0.0004674213
0.0006050323
0.0005702592
0.0004755654
0.0005444022
0.0004898826
0.0005631681
0.0005365736
0.000662919
0.0005445834
0.00049762
0.0005183438
0.000574532
0.00056737
0.0006035007
0.0005415959
0.0005634845
0.0005441371
0.0005129397
0.000518552
0.0004892888
0.0004691617
0.0004773008
0.0005351687
0.0005435526
0.0005192291
0.0005118823
0.0005533604
0.0004877091
0.0004804052
0.0004976247
0.0004903154
0.0005208636
0.0004944033
0.0006005467
0.0005632868
0.0005319461
0.0004691716
0.0004833601
0.0004644319
0.0004553035
0.0004640235
0.0005498332
0.0005028738
0.000508074
0.0005434821
0.0005507408
0.0005084458
0.0005225543
0.0005054303
0.0004996681
0.0004732375
0.0005055426
0.000480438
0.0005022061
0.0005133234
0.0005026583
0.000536156
0.0005668062
0.0006300788
0.0005713767
0.0004928204
0.0004274793
0.0004468847
0.0004558523
0.0004418276
0.000477662
0.00051168
0.0004948402
0.0005696492
0.0005438651
0.000577288
0.0005213238
0.0005441641
0.0005207156
0.0004543914
0.0004755078
0.0005319475
0.0005044899
0.0004860107
0.000507562
0.0004893947
0.0004881679
0.0005804566
0.0005918158
0.0005584146
0.000566427
0.000583179
0.0005538068
0.0005816939
0.0005737204
0.0006180657
0.0006179363
0.0006625807
0.0007340947
0.0006420554
0.0006149918
0.0005804338
0.0006760763
0.0006070457
0.0006801138
0.0006923109
0.0006831162
0.0005686194
0.0005896678
0.0006424998
0.0005664164
0.0005141198
0.0005379827
0.0006374527
0.00061186
0.0005739791
0.0005703019
0.0005745105
0.0006653632
0.0006462391
0.0006378073
0.0006802753
0.0006561736
0.0005517051
0.000569416
0.0006021599
0.0005517949
0.000537437
0.0005248924
0.0005652319
0.0005342775
0.0005461871
0.0005449429
0.0005497984
0.0005380118
0.0005497534
0.0005573413
0.0005770088
0.0005924569
0.000615842
0.0005837033
0.0005461204
0.0005896907
0.0005751541
0.0005615213
0.0005836954
0.0006589765
0.0006685331
0.0006070278
0.0005412786
0.0004970682
0.0005585053
0.0005010703
0.0005196943
0.0005337817
0.0004730113
0.0006226103
0.0006204226
0.0006064766
0.0005284629
0.0005975171
0.0005777
0.000549162
0.0005703719
0.0005690523
0.0005162763
0.0005071477
0.0005589141
0.0005969599
0.000542115
0.0004965328
0.0005724465
0.0006114943
0.0006423154
0.0005505902
0.0005409148
0.0005940184
0.0006056288
0.0005885199
0.0006287907
0.0006589782
0.0006356113
0.000583001
0.0005080043
0.0005262196
0.0005524172
0.0005314389
0.0005603043
0.0006013223
0.0006053716
0.0005873955
0.0005495614
0.0005028137
0.0005603422
0.0006095542
0.0006504736
0.0006056694
0.0005846406
0.0005560395
0.0005783734
0.0005641747
0.0005623825
0.0005229893
0.0005492673
0.0005294572
0.0005336404
0.0005504073
0.0005847437
0.0005925565
0.0005767515
0.0006311369
0.0006369296
0.0006055845
0.0005355461
0.0004852121
0.0005555674
0.000526595
0.0004926429
0.0004859125
0.0004825467
0.0005064503
0.0005348052
0.0005400521
0.0005953579
0.0005603845
0.0005593483
0.0006226401
0.0005772753
0.0005449501
0.0004966359
0.0005601843
0.0004670391
0.0004651745
0.0005145865
0.0004960461
0.0004877083
0.0005228861
0.0004649253
0.0004614282
0.0005073736
0.0005062593
0.0004887277
0.0006007344
0.0006288442
0.0005596896
0.0005746176
0.0005390403
0.0005324812
0.0005458921
0.0004870676
0.0005245176
0.0004647721
0.000472267
0.0004189275
0.0005198294
0.0004938331
0.0005194975
0.0004847316
0.0005332542
0.0004939488
0.0005124503
0.0004994151
0.0005316345
0.0005716968
0.0005551042
0.0004945146
0.0005758821
0.0005368026
0.0005864097
0.0005961632
0.0005735787
0.0005973601
0.0004897261
0.0005660694
0.0005274673
0.0004853674
0.0004895514
0.0005434738
0.0005784206
0.0005787272
0.0005718478
0.0005437064
0.0005297079
0.00056006
0.0005576343
0.000542417
0.0005131589
0.0005565254
0.0005591836
0.0004858514
0.0004431766
0.0004690628
0.0004503201
0.0004744413
0.0004802232
0.0005481428
0.0005253178
0.0005532877
0.00061091
0.0006123987
0.0005417844
0.0005270787
0.0005117082
0.0004710512
0.0005524107
0.0005512853
0.0005460737
0.0004630275
0.0004315973
0.0004887539
0.000503064
0.0004892018
0.0004755429
0.0004113207
0.0004564801
0.0004303324
0.0005000608
0.0004888392
0.0004755874
0.0004805386
0.0005269145
0.0005017372
0.0004756761
0.0004708605
0.0004875322
0.0004946408
0.0005564813
0.0005710908
0.0005300564
0.0005316291
0.0004625215
0.0004613225
0.000435513
0.0004725809
0.0004853615
0.000559214
0.0005126237
0.0005741711
0.000496159
0.0004970899
0.0005049986
0.0005000412
0.0005293233
0.0004964844
0.000480618
0.0005214626
0.0005216107
0.000527454
0.0005401521
0.0004976462
0.0004853792
0.0004290074
0.0004187274
0.0004201128
0.0004360845
0.0004192158
0.0004336565
0.0004284473
0.0004834597
0.0004777324
0.0004782145
0.0004933041
0.000465415
0.0004794463
0.0004642423
0.0005005224
0.0004907753
0.000492247
0.0004847828
0.0004464977
0.0005014738
0.0004980199
0.0005000219
0.000503616
0.0004279421
0.0004716127
0.0004735051
0.0004510651
0.000404301
0.0004431318
0.0005098743
0.0004607658
0.0005140667
0.0005199426
0.0005460543
0.0005504303
0.0006095106
0.0004954299
0.0004503407
0.0005039562
0.0004733394
0.0004988414
0.000485258
0.0005320873
0.0004850607
0.000468914
0.0004697803
0.0004843416
0.0004605798
0.0004442539
0.0004634885
0.0004918173
0.0004984618
0.0005005556
0.0005070271
0.0005209321
0.0004850927
0.0005001214
0.0005264615
0.0005147029
0.0005264099
0.0005015719
0.0005027034
0.00052638
0.000463631
0.0004460787
0.0004691584
0.0004670891
0.0004515664
0.0003920203
0.0004169229
0.0004311643
0.0004627692
0.0004495594
0.0004425279
0.0004488559
0.0004037164
0.0004507149
0.000460067
0.0005284036
0.0004880306
0.0004619368
0.0005630196
0.0005729288
0.0006042458
0.0005978176
0.0005513769
0.0006065341
0.0005606172
0.000585361
0.0005511367
0.0005719225
0.0006201311
0.0006445126
0.0006651377
0.00060418
0.0005512241
0.0005357811
0.0004729292
0.0005102504
0.0005285126
0.0005386128
0.0006021505
0.0005114904
0.0006055467
0.0006376475
0.0005629736
0.0005652549
0.0005795366
0.0005926225
0.0005687226
0.000644378
0.0005605606
0.0005993334
0.0005922863
0.0005692131
0.0005090627
0.0005040021
0.0005686158
0.0005990397
0.0005034617
0.0005341382
0.000545892
0.0005530553
0.0005707067
0.0005812255
0.0005643129
0.0005557378
0.0005405228
0.0005422919
0.0005532452
0.0005737265
0.0006177384
0.000626503
0.0005428893
0.0005396067
0.0004984976
0.0006079289
0.0005297112
0.0005177346
0.0005121536
0.0004444577
0.0005155925
0.0005782898
0.0005407656
0.0004838977
0.000481518
0.0005089601
0.0004563979
0.0004474608
0.0004637466
0.0004939115
0.0005213076
0.0005111084
0.000533696
0.0005564626
0.0005035842
0.0005439525
0.0005305548
0.0005333611
0.000560348
0.0004841556
0.0006289562
0.0005925416
0.0005720339
0.0005950799
0.0005860041
0.0005939108
0.0005708746
0.0006337637
0.0007222396
0.0007165802
0.0006671039
0.0006350331
0.0006290845
0.0006362126
0.0006333849
0.0006071685
0.0006203718
0.0006130989
0.0006861487
0.0006094102
0.0005821001
0.0005525981
0.0006224448
0.0006015106
0.0006184791
0.0006504142
0.0006488091
0.0006710769
0.0006444463
0.0006323658
0.0006441174
0.0006605592
0.0007691386
0.0006389499
0.0005955811
0.0005565829
0.000636627
0.0006526135
0.0006793558
0.000571948
0.0005448947
0.0006761018
0.0006311669
0.0006131788
0.0006940359
0.0006468646
0.0006802915
0.0007160357
0.000643153
0.0006191402
0.00067812
0.0006477979
0.0006640884
0.0006065207
0.0006576423
0.0006350745
0.0006645597
0.0006767456
0.0007204799
0.0006864753
0.0005487564
0.0006102473
0.000666728
0.0005441227
0.0006416957
0.000564378
0.0006204668
0.0005994714
0.0006291403
0.0006018689
0.0006179436
0.0005484848
0.000565157
0.0006008733
0.0005626973
0.0005864298
0.0006086097
0.0005658717
0.0005911996
0.0005795242
0.0005278068
0.0006074519
0.0005969865
0.000566545
0.00059141
0.0005235966
0.0005521727
0.0005379778
0.0006035969
0.0006160354
0.0006410877
0.0006107479
0.0006749195
0.0005690141
0.0006133945
0.0006342639
0.0007053464
0.0005880914
0.0006282553
0.0006050843
0.0006375867
0.0005940571
0.0006306958
0.000624282
0.0006640334
0.0006239621
0.0006106563
0.0005389727
0.0005735174
0.0005301236
0.0005926855
0.0005837332
0.0005962693
0.0005487227
0.0005680792
0.0005379616
0.0005156308
0.0005729378
0.0005255771
0.0005694822
0.0004950231
0.0004865027
0.0004606558
0.0004791081
0.0004497883
0.0004583804
0.0005432372
0.0005217187
0.0005295945
0.0004925623
0.0004741313
0.0005047362
0.0005189173
0.0004558789
0.0005104499
0.0004765481
0.0004917768
0.0004585046
0.0005113349
0.0005750535
0.0005038885
0.0005653735
0.0005992145
0.0005935641
0.0005845894
0.0005401909
0.0004836809
0.0004656339
0.0004728776
0.0004088763
0.0004685276
0.0004710481
0.0004922632
0.0005466132
0.0005800778
0.000529501
0.0005979682
0.000514538
0.0005140709
0.0005751401
0.0005270348
0.0005034482
0.0005817962
0.0005985051
0.0005904121
0.0004932582
0.0004783836
0.0005205042
0.0005232165
0.0005415861
0.0004750565
0.0005044889
0.0004703808
0.0005047271
0.0005232072
0.0005458349
0.0005169676
0.0005413019
0.000534258
0.0005331322
0.0005449943
0.0005267011
0.000601491
0.0006061165
0.0005233742
0.0004720108
0.0004684652
0.0005417467
0.0005564762
0.0004569121
0.000484147
0.0005662359
0.0005398914
0.0004494414
0.0004568618
0.0004483136
0.0004649613
0.0004622902
0.0004847685
0.0005322097
0.0005850971
0.0005759914
0.0005994036
0.0005873846
0.0005494885
0.0006016607
0.0005635015
0.0005216881
0.0005019037
0.0005382974
0.0005235887
0.0004949193
0.0005059876
0.0005435003
0.0005540555
0.0005484013
0.0005683221
0.0005046146
0.0004845845
0.000491391
0.0004851466
0.0004919248
0.000438606
0.0004473322
0.0004525034
0.0004645622
0.0004519225
0.0004629832
0.0004379433
0.0005369867
0.0005990334
0.0005839718
0.000536446
0.0005828994
0.0005575339
0.000565669
0.0005149961
0.0004917866
0.0005123876
0.0004962346
0.0005174161
0.0004839112
0.0005223198
0.0004848759
0.000431764
0.000457954
0.0004233299
0.0004789762
0.0005186511
0.0004423215
0.000402708
0.0004200647
0.0004169899
0.0004597996
0.0005286893
0.0004248899
0.0004243209
0.0004768717
0.0005451202
0.0004877039
0.0005102937
0.0004795165
0.000534932
0.000504486
0.0005621422
0.0005186916
0.0005099278
0.0004687393
0.0005090508
0.0004174414
0.0004240011
0.0004518501
0.0005016065
