factor(sex)1
0.1039118
0.005937729
0.04253787
0.03355424
0.08763328
0.07459087
0.1332444
0.05609635
0.09983637
0.0078083
0.12451
0.02809886
0.05891308
0.06656217
0.03310496
0.02987675
0.04005716
0.08796222
0.08919282
0.0418974
0.07597804
-0.02835932
0.04872279
0.01153973
0.04467489
-0.003034489
0.08917614
0.1008208
0.08464595
0.08433485
0.04147374
0.09536577
0.1088604
0.1526739
0.0270115
0.1158116
0.06222111
0.1229433
0.04810902
0.06489228
0.06375654
0.0155927
0.06814226
0.1107925
0.01712045
0.1064254
-0.01996241
0.04736834
0.07745246
-0.01449357
0.1518358
0.1239747
0.01462563
0.003896931
0.0672992
0.07504432
0.04082361
0.1153861
-0.005295616
0.05872231
0.1786754
0.06438
-0.003661071
0.0855493
0.05330923
0.04674464
0.07766829
0.01855257
0.03397008
0.04234017
0.1485738
0.06302264
0.03312002
0.01297142
0.02760811
0.08524166
0.1127826
0.01223674
0.02842271
0.066512
0.02899717
0.05832144
0.07244831
0.05188589
0.0782613
0.08107591
0.04828959
0.02590205
0.03807037
0.0007810243
0.01884061
0.05532161
0.09153844
0.04765607
0.09679939
0.07129291
0.07473367
0.007124536
0.0144441
0.08839993
0.05100113
0.1336871
0.05523658
0.06578384
0.1863442
0.0735284
0.09893131
0.01859561
0.0390119
0.08680246
0.06732454
0.09066456
0.09249126
0.1708167
0.07513587
0.05991632
0.1006249
0.08167968
0.07261474
0.04836803
-0.007960883
0.09621074
0.08307555
0.06678388
0.04926286
0.05607212
0.02874399
0.117814
-0.04267588
0.06517172
-0.02084254
0.03229176
0.03257587
0.1144762
0.07272558
0.1450037
-0.009964094
0.080336
0.05522887
-0.04746763
0.03556379
0.1001498
0.08459009
0.01842179
0.0707053
0.08871655
0.03681669
-0.0009027344
0.01977951
0.07975157
0.04738806
0.01283904
0.02162187
0.01392023
0.0001377211
0.1292756
0.082768
-0.04824514
0.005503053
0.05240069
0.06705775
0.08606531
0.01633104
0.004945772
0.0642846
0.01715589
0.0432847
0.02658677
0.04865884
0.1197206
0.07067692
-0.01454178
0.06615419
0.1699604
0.09946216
0.08419882
0.01603139
0.07475759
0.0171952
0.1228811
0.08182529
0.04921871
0.175557
0.007845303
0.01916191
-0.03385311
0.004738064
0.02555467
0.09308716
0.07555499
0.04215277
0.06131065
0.05801907
0.05004447
0.008425758
-0.01505733
0.09686659
0.01960503
0.1068778
0.09643765
-0.04088753
-0.05410182
0.08462783
0.04254128
0.1260494
0.1901899
0.03880847
0.07286606
0.09560638
0.05821277
0.102955
0.03953697
0.08828514
0.06958737
0.07823739
0.08060769
0.1236025
0.1097294
0.04204944
0.04298244
0.05200887
0.1271294
0.05465963
0.1048747
0.02601924
0.1029203
0.02658753
0.06449776
0.03457669
0.01758763
0.07044484
0.1032177
0.1003387
0.06932826
0.06638084
0.1073796
0.0477124
0.02131281
0.03327397
0.006832155
0.0934739
0.06922281
0.06729248
-0.07988034
-0.01975099
0.04651337
0.09252184
0.09113139
0.02243065
0.04811892
0.1369098
0.0686502
0.09280945
0.05709053
0.007338832
-0.02177897
0.1131105
0.01407582
0.03606477
0.09606753
-0.0100157
0.01439184
0.04136772
0.1118742
0.1255386
0.1081627
0.09917814
0.0776449
0.0296726
0.0758321
0.03152375
0.06026432
0.06632841
0.09199229
0.0632742
0.09290507
0.02929834
0.07634361
0.07732813
0.006975623
0.07573365
0.1084913
0.02821457
0.01263877
0.1038587
0.1278315
0.0330925
0.03601735
0.1194861
0.04225739
0.103711
-0.001833553
0.03148459
0.1130757
0.01039696
0.1171294
0.08073563
0.07990054
0.09176162
0.05285402
0.01656051
0.1272034
-0.00170158
-0.007803782
0.08992923
0.1056545
0.06498912
0.07866534
0.139876
0.04789432
0.1356542
0.03282688
0.04847523
0.09322795
0.08469268
0.0508174
0.04236491
0.07910327
0.1121751
0.03189467
0.1186993
0.02239726
0.04900801
0.1348313
0.0297456
0.07589812
0.0151282
-0.003003075
0.05818946
0.07928736
0.05141661
0.01319253
0.08989534
0.08277444
0.01593043
0.06231769
0.04658857
0.002354535
0.02352711
0.06809098
-0.0251342
-0.01698771
0.04021549
0.06172803
0.01000992
0.02297199
0.08414169
0.0391495
0.07121425
0.08899294
-0.03323846
0.08537999
0.1194713
0.07648583
0.04157327
0.0243277
-0.01205295
0.05728686
0.09100233
0.06807184
0.1058132
0.05386421
0.06445215
0.08425625
-0.0286488
-0.01857899
0.1118824
-0.02245041
0.02004043
0.07799397
0.05694326
0.0350957
0.07829584
0.01611966
0.08214953
0.1022075
0.0353056
0.1188685
0.04211737
0.1017794
0.1735483
0.07860074
0.1214025
0.1290414
-0.07341807
-0.05661952
-0.02106161
0.05344706
0.02320387
0.01703065
0.02720268
0.05491943
-0.02642544
0.02205212
-0.02226506
0.02303141
0.08756971
0.0250456
0.05105413
0.06267662
0.03643619
0.07160777
0.06032846
0.0323846
0.03408992
0.05157332
0.01208626
0.05976018
0.03921378
-0.01372337
0.06346642
0.01826867
0.01202182
0.03888347
0.04200038
0.005155573
-0.0009406531
-0.02485276
0.02082781
0.07318238
0.1225469
0.05655984
0.03446412
0.07204472
-0.003107812
0.09764293
0.07174108
0.06020345
0.01979355
-0.001822167
0.03618099
0.09821971
0.0585418
0.09611768
-0.01440587
0.09894631
0.07066458
0.05478341
0.03704719
0.05218371
0.006197761
0.03144515
-0.06761571
0.05957257
0.04936292
0.02548111
0.05475016
0.102363
0.1235444
0.08505918
0.0869454
0.04395279
0.0166855
0.02836477
0.03756209
0.1304328
0.1395956
0.07883434
0.06460759
0.1020872
0.07105678
0.02084958
0.0835279
0.0647392
-0.02054723
0.02952837
-0.008731116
0.0825934
0.0634388
0.06475211
0.02241714
0.06919743
0.03734617
0.02874926
0.04280316
0.0188696
0.07423534
0.04790864
0.02027749
0.1736265
0.03536918
0.06399828
-0.0002615446
-0.06011646
-0.003329472
0.03808071
0.01602093
0.02580503
0.03194913
0.04271711
0.09890317
-0.006454172
0.04491785
0.04258346
0.03435163
0.06367787
0.05071033
0.05660093
0.07732295
0.09714174
0.04676319
0.04690962
0.08185396
0.001507796
0.0572579
0.1127362
-0.01850288
0.0332194
0.06634676
0.0451757
0.1447009
0.04317887
0.1134862
-0.03959342
0.1327638
0.06967055
0.04886967
-0.0326091
0.02765419
0.07746689
0.08219106
0.02564316
0.04777663
0.04021157
0.0165979
0.09064018
0.11228
0.004452974
0.03159915
0.03769454
0.07266174
0.06143427
-0.02429338
0.07026029
0.006741031
-0.05262009
0.01292527
0.0456702
-0.03756705
0.07321952
0.08733916
0.08075807
0.1641889
0.06190582
-0.05954709
0.1324082
0.1901981
0.03918016
-0.01886616
-0.03411466
0.005813942
-0.005181268
0.01901459
-0.07693198
0.0911764
0.07718681
0.02610798
0.08728703
0.05602129
0.09138474
-0.01968889
0.05151467
0.07139081
0.05708472
0.02850208
0.04177981
0.1224582
0.01945999
0.1532885
0.07553644
0.06425645
0.03135173
0.02936847
0.08007941
0.05530315
0.07501328
0.06928348
0.04376222
0.07126075
0.05803431
0.06110499
0.05057501
0.02056601
0.1056236
-0.0004344081
0.07938607
0.04804902
0.00598973
0.06881331
0.07464081
-0.005463399
0.05061836
-0.02670464
0.06555762
-0.0415227
0.05333698
-0.001049921
0.1089883
0.05390063
0.01987107
0.0258193
0.04258716
0.03550916
-0.02695261
0.08211564
0.04958708
0.01131358
0.08931241
0.0439364
0.07932105
-0.03010868
0.06068068
0.03512296
0.02007669
0.01572564
-0.006629752
-0.005341252
0.03602333
0.0927033
0.09843106
0.08204874
0.01186695
-0.0005501197
0.03042017
0.09932325
0.08700983
-0.05700856
0.001155435
0.01160004
0.003042064
-0.03481218
0.1240221
0.09623389
0.02038702
0.07708331
0.08435211
0.07275296
0.02752843
0.1015295
0.1539054
0.1349315
0.04924679
0.1466586
0.1628155
0.0686151
0.0731956
0.03703308
0.03844031
-0.01445225
0.03266693
0.07777814
0.07948107
0.03930869
0.05195988
0.081201
0.02101675
-0.001964684
0.0425462
0.08232613
0.01519229
0.1084582
-0.04626002
0.07225813
0.0564328
0.07435508
0.1187445
0.08860814
0.01774448
-0.05891099
0.05811666
0.02332519
-0.04140104
0.00408038
0.1005464
0.05161261
0.01741261
0.01798859
0.1418843
-0.005158046
0.1052029
0.04186056
0.02150939
0.05109774
-0.001481952
0.1282132
0.04209045
0.03334412
0.06222461
0.05380214
0.06037864
0.03077091
0.02028302
0.04910769
0.023404
0.148106
0.03759967
0.01153085
0.07611941
0.06452955
0.03114926
0.06203211
0.03592431
0.1024347
0.02739404
0.0005746469
0.02196574
0.007504005
0.03523712
0.03969096
0.01974877
0.01777454
0.08171504
0.1130314
0.01934538
0.09769814
0.07238047
0.007594639
0.07694905
0.05059509
0.1316276
0.08895504
0.06473581
0.04195251
0.1197791
0.1377982
0.042964
0.01465305
0.02821357
0.05962227
0.06985102
0.04869289
0.01034917
0.04859728
0.03593841
0.02830143
0.101032
0.02590223
0.1157748
0.05002
0.02992835
0.1543459
0.05211724
0.02630227
0.03158534
0.09012204
0.1540288
-0.01355956
-0.00110571
0.06470557
0.05487818
0.0238251
0.07627359
0.09271998
0.005751271
0.05048821
0.1273849
0.1518144
0.1283994
0.08976142
0.09773061
0.0693121
-0.0282169
0.02935496
0.07992202
0.02299359
0.04284266
-0.006867135
0.1218993
0.006897365
0.06523616
0.1081051
0.09213937
0.05253433
0.0001468065
-0.006645959
0.05513293
0.06142262
0.07245329
0.1078072
0.1019192
0.04033578
0.01826867
0.07819419
0.1034781
0.06966942
0.04898167
0.07729242
0.04654763
0.01223815
0.04683173
0.09225373
-0.03083226
0.03549566
0.04456152
-0.05754924
0.003402201
0.02982607
0.09474849
0.04142603
0.07523059
0.09460116
0.07028068
0.09685956
0.04733257
0.05846901
-0.005064745
0.02679165
0.06425813
0.04200238
0.06396038
-0.02555873
0.01389229
-0.05868267
-0.0173059
0.03422229
0.1120988
0.08695943
0.05026923
0.003836249
0.09863862
-0.0224009
0.01425762
-0.01988446
0.09340753
0.08671361
0.02470503
0.01445037
0.09337925
0.03888062
0.03869886
-0.006698614
0.07462247
0.01155151
0.05055538
0.06087413
0.02620045
0.08151606
0.01512168
0.04720943
-0.04423598
0.05531367
0.0694023
0.02968869
0.08303911
0.1718608
0.09106266
0.03011744
0.08983034
0.01674364
0.05415324
0.05780222
0.09527239
0.1066872
0.08632512
0.04289485
0.08836379
-0.007787613
0.03267738
0.126163
0.02356908
0.08527313
0.01220284
0.04647423
0.03156199
0.004787023
0.09008322
0.05697932
-0.003221285
0.1258319
-0.02093107
-0.004764534
0.06746096
0.1205043
0.005609676
0.1109207
0.07501243
0.03256815
0.005197081
0.06574071
0.0913439
-0.002693543
0.0547142
0.075374
-0.02682661
0.02075589
0.07160288
-0.001140343
0.01644206
0.01414571
0.06769458
0.07553266
-0.02355781
0.07425392
0.007749083
0.01823448
0.07721984
0.03734613
0.03286812
0.1112766
0.1021702
-0.004409454
0.01581048
0.07701004
0.01729847
-0.001529477
0.005576124
0.03601653
0.05680664
0.0151911
0.0679234
-0.002695957
0.07853331
0.03501145
0.1238265
0.04667551
0.03269801
0.06478495
0.1169703
0.06358272
0.08959197
0.06732449
0.03038698
0.03729674
-0.001340754
0.1470546
0.1057233
0.0292295
0.02741235
0.05474701
0.02912604
-0.004123698
0.09831154
0.0936811
0.07250868
0.05217131
0.02460245
-0.01506744
0.06913237
-0.007872975
0.03961931
0.06280761
0.09575254
0.0587805
0.1465461
0.1019552
0.0420537
0.09546962
0.03885724
0.06823867
0.03122851
-0.01371662
0.02998651
0.09506227
0.04546286
0.03558113
0.03955645
0.04797648
0.07177961
0.04502978
0.1188962
0.06157568
0.05949048
0.05134567
0.09272943
0.1226038
0.1097355
0.1294299
0.04331518
0.05114709
0.04023614
0.06645786
0.05770337
0.0648265
0.06383896
-0.004627452
-0.01905991
0.01777576
-0.001368956
0.06326258
0.08433189
0.01978899
0.009838908
0.08970657
0.07071742
0.03491559
0.04068095
0.02684652
0.06923539
0.03280388
0.0660905
0.03343001
0.01963664
0.08547226
0.1060788
0.140646
-5.217185e-05
0.1238453
0.01674747
0.03929808
0.007557323
0.04935968
0.1004803
0.03000288
0.03597304
0.03298135
0.02317472
0.06555495
0.09454314
0.1149524
0.1356753
0.1027487
-0.0140472
0.008031406
0.00885193
0.02267769
-0.005137462
0.04555534
-0.0238656
0.01637199
0.05661924
0.04376459
0.03056645
0.08857783
-0.003812142
0.08416858
0.03080479
-0.006172516
0.002099974
0.09997879
0.03251147
0.04428608
0.03148642
-0.01248537
0.03565628
0.08225887
0.008547242
0.01211461
0.02330069
-0.01866594
0.001468074
0.1052958
0.05907504
-0.01806834
0.05809795
0.06416149
0.07557959
0.09203383
0.07200667
0.07483707
0.05992889
0.08024018
0.05359326
0.09890327
0.089234
0.00202611
0.02425982
0.09072043
0.05816795
0.0548362
0.0717216
0.08033457
0.08777663
0.01014795
0.03263198
0.05168086
0.08183908
0.02320882
0.07217092
0.06106234
-0.06628961
-0.001105789
0.02126824
0.06569082
0.09500222
0.1036356
0.01462561
0.05905055
-0.005305397
0.04754071
0.03805351
0.1081769
0.01917158
0.04520109
-0.01472887
0.1241354
0.03492523
0.06522786
0.08154027
0.06409039
-0.01733534
0.05862807
0.056563
0.06459532
0.08819012
0.07142417
0.05995575
0.118589
0.1139064
0.05456735
0.06681099
0.0105295
-0.02120813
0.01287391
0.05200994
0.0362839
0.09003568
0.02960019
0.05360315
0.08747466
0.05466286
0.04554907
0.05686688
0.1018322
0.1005334
0.04179079
0.09162052
-0.04521083
0.08252496
0.03618211
0.05023174
0.04635913
0.1285149
0.1139635
0.04198057
0.05617831
0.01656648
0.03327944
0.0335538
0.07674533
0.02827924
0.0616122
-0.04959833
0.1478793
0.07407727
0.03313857
0.04529789
0.03693024
0.09378142
0.06242619
-0.009436814
0.01260325
0.02758107
0.04487391
-0.01858383
0.1358665
-0.01811181
0.09573625
0.05631572
0.02222226
0.05470667
0.09144868
0.1514745
-0.01640265
0.1288482
0.06685274
0.1177948
0.1191579
-0.01638734
0.1058514
0.116916
0.0236875
0.06975705
-0.01245095
0.03725189
0.09429502
0.002257784
0.1199041
0.04691994
0.08800969
0.04573923
0.1027663
0.002232513
0.1022103
0.02998567
0.05300919
-0.0242231
-0.008864833
0.06873837
0.01158866
0.06357807
0.01207153
0.05003276
0.03524024
0.04176755
0.02215055
0.04895375
-0.01490325
0.01670441
-0.008988313
0.0908241
0.1209639
0.06210263
0.05494048
0.08083456
0.02717984
0.06954063
0.06031638
0.05978278
0.01354479
0.05611366
0.05299416
0.00738048
0.0688372
0.126578
0.09540362
-0.03290474
0.06668496
0.01784917
0.07364443
0.1113603
0.07302431
0.009007056
0.05215204
0.1509628
0.02810827
0.05360666
0.07960669
-0.03162334
0.02141296
0.04126015
0.08447763
0.08105348
-0.01460058
0.09859293
0.06207601
0.03689539
0.01187086
0.08093469
0.07182405
0.09223459
0.09414314
0.1435878
0.1453614
0.118916
0.08661867
0.07672671
0.02921207
0.001926724
0.04086662
0.04075951
0.1048565
-0.003714498
0.01574381
0.09723845
0.08106543
-0.06592079
0.1005957
0.00704639
-0.01725685
0.1251042
0.05898542
0.1008673
-0.01645671
0.06696526
0.1011157
0.005820021
0.1624137
0.03574252
0.01685645
-0.001239907
-0.03307485
0.06932153
0.1217145
0.1312633
0.03552053
0.03130056
-0.02689107
0.0351128
0.03975564
0.02826703
0.09004228
-0.008426649
0.05119962
0.07160989
0.03949344
0.09143869
0.02968248
0.03577963
0.1104162
0.08367777
0.1076788
0.07461952
0.1146937
0.08729362
0.03700359
0.09804805
-0.07608512
0.07700613
0.02949075
-0.00857322
0.0532628
0.05549038
0.03256437
-0.03675003
0.05523421
-0.008395434
0.08708815
0.03701192
0.07658176
0.05102235
-0.05321906
0.02450128
0.05328031
-0.006049808
0.1010804
0.06468195
0.0472561
0.03744736
0.0213601
-0.006812118
-0.007472295
0.03174041
0.04575948
-0.007474496
0.03568469
0.07832729
0.04528702
0.03015113
0.05152861
0.08503752
0.07420597
0.08892925
0.09129098
0.007354596
0.05121474
0.001751531
0.1580464
0.06379386
0.07367202
-0.000898122
-0.01615406
0.07255357
0.06247548
0.005442618
-0.03617454
-0.02076104
0.08870645
0.04208838
0.1173209
0.05697966
0.0028586
-0.04874977
0.07060507
0.03359411
0.06817841
0.07118694
0.0793914
0.05262815
0.0139008
0.0398012
0.06506025
-1.477308e-05
-0.01853334
0.02379371
0.1188042
0.07368194
0.08863026
0.1400475
0.07865781
-0.005542083
0.08282333
0.09410031
0.004402808
0.04915647
0.09575376
0.1246117
0.02733451
-0.02521448
0.03667638
0.05719683
0.01038973
-0.0006388068
-0.003320254
0.02520434
0.02522684
-0.03050128
0.02197861
0.1229163
0.05851987
-0.05518603
0.09969423
0.0976922
0.08693386
0.02265937
-0.01468525
0.03860908
0.0965667
0.01681605
0.0614438
0.0946323
0.09934363
0.04310318
0.05093495
0.05570021
0.02678456
-0.03880383
0.06775704
0.03759958
0.004925711
0.0667687
0.02517895
0.1125652
0.05419977
0.05262176
0.02488662
0.02698314
0.0564004
0.05209212
0.09722755
0.09177618
0.07363972
0.08336137
0.03072727
0.03823179
0.04974553
0.02865254
0.02951446
0.05247727
0.06616687
0.03539538
0.06918946
0.06433351
0.05508728
0.008769858
0.02115913
-0.051318
0.1034019
0.05029688
0.06296387
0.07654364
0.1113698
0.06222145
0.04478503
-0.001139439
0.03075512
0.05015322
0.07455013
0.1284244
0.03359872
0.01437858
0.05650535
0.02926241
0.05476933
0.1299009
0.1238996
0.1632907
-0.02159368
0.02955427
0.1037741
0.08751041
0.1255176
0.09032047
0.01759603
0.01377598
0.05034256
0.01075908
0.01102327
0.0679279
-0.01708573
0.1428512
0.07229503
0.05290289
0.06484072
0.0603544
0.0937649
0.05812363
0.1060845
0.1417041
0.1549561
0.09339237
0.04722534
0.1069306
0.0241405
0.07552408
0.1600037
0.157434
0.02718508
0.09288557
0.1004204
0.03808938
0.03226411
0.03856717
0.08864099
0.06693443
0.03113313
0.0525089
0.05918455
0.03381789
0.09006261
-0.002701091
0.006075589
0.09830957
0.07105395
0.1227601
0.04515016
0.02479201
0.08953995
0.1356511
0.05667365
0.02405294
0.07053846
-0.009944254
0.1011017
0.0804645
0.009611261
0.09053395
0.04108024
0.03966137
0.05557756
0.06945286
0.02833022
-0.001849045
0.04717596
0.075132
0.121355
0.07988737
-0.01389338
0.08550883
0.119174
0.04720696
0.03926191
0.06084032
0.006740691
0.09579277
0.1249928
0.06367731
0.05437851
0.1028933
0.1298091
0.1057162
0.02352876
0.1010995
0.1056894
-0.05145305
0.0457401
-0.006310293
-0.007898704
0.04046879
0.05903514
0.1399262
-0.007068342
-0.005829957
-0.005868318
0.05475351
0.07201573
0.1022392
-0.03568297
0.1169134
0.04757239
0.0505845
-0.0116611
0.07661312
0.05925565
0.09984425
0.06242461
0.05673584
-0.01089904
0.05354194
0.1116619
0.1181237
0.1399629
0.02930049
-0.007477958
0.001904799
0.09505037
0.04770609
0.01018834
0.05515598
0.1230312
0.07090176
0.1187473
0.1326833
0.06506688
0.03523994
0.1199144
-0.005796745
0.009806897
0.05447408
0.0320149
0.08607203
0.002234796
0.01617398
-0.02444996
-0.08883804
-0.02284441
0.06208695
0.05937082
0.04779943
0.08812836
-0.05512133
0.04460099
0.05360637
0.05699312
0.1283819
0.08615428
0.0226341
0.04561045
0.04609644
0.03087086
0.01627341
0.06838039
0.06315685
0.0619058
0.08215064
0.06843421
0.07790227
0.02246829
-0.02164334
0.05748804
0.03533426
0.09252113
0.1403597
0.08304612
0.08921231
0.04912433
0.0405538
0.05224116
0.0623566
0.117848
-0.04016351
0.07376147
0.08696175
0.1296334
0.001618326
0.02499046
-0.05946401
-0.03667866
0.1037974
0.1232686
0.006122168
0.05804964
0.02205475
0.1323338
0.05306439
0.04441355
-0.0411817
0.03018588
-0.03315967
0.02990632
0.1086674
0.1185568
0.07103519
0.123316
0.1656828
-0.02309471
0.0771811
0.002317156
0.03448333
0.1037924
0.09823727
-0.005916001
0.09748863
0.1306541
0.04379197
0.0691004
0.08964865
0.08961177
0.09762896
0.06953867
0.05486708
-0.0247424
0.09670028
0.01866557
0.04007309
0.05930094
0.08809333
0.07761139
0.055669
0.0726043
0.03383035
0.05919636
0.0393356
0.04911657
0.1038376
0.01764026
-0.05662891
0.06307086
0.09536871
-0.02904523
0.02006485
0.06829587
0.06319432
0.04311734
0.1010387
0.02621936
0.05577028
0.0965812
0.07846565
0.08049321
0.02487371
0.03648337
0.1068793
0.06779255
0.04993956
-0.04355673
-0.01211187
0.04437499
-0.05323002
0.0173831
-0.0216973
0.01631899
0.03594233
0.03436546
0.05771639
0.08247934
0.1013805
0.08400007
0.07516435
0.09424401
0.07742909
-0.005287066
0.04781095
0.07251412
0.06330527
0.05806219
0.01118873
0.06408976
0.03657709
0.0677066
0.03653129
0.07335187
0.08402151
0.1169506
0.06017025
-0.06280375
0.01341593
0.04011476
0.05381682
0.05376594
0.08376583
0.02521634
0.04928165
0.1007161
0.07445802
0.02504387
0.01750508
0.02014335
0.05413139
0.06454882
0.08315755
0.1013946
0.09640602
0.008016039
-0.0008546099
0.02558622
-0.01506147
0.1023461
-0.05468186
-0.01343017
-0.03167391
0.01556254
0.0423879
0.07726219
0.1648484
0.09130454
0.02935829
-0.0930644
0.01365738
0.02765424
0.0903969
0.05379729
0.1083364
0.1591071
0.04595165
0.08412053
0.02156156
-0.003738739
0.02403804
0.08714261
-0.008697684
-0.002425985
0.05506473
0.00466779
-0.0146737
0.06172879
0.09988857
0.05933308
0.04085823
0.1450046
0.06578005
0.05753076
0.0320595
-0.04060125
0.07606159
0.1243113
0.1231962
0.002260228
0.0748781
0.04994152
0.02795028
0.09425663
0.06916093
0.0270697
0.04805439
0.111029
0.07787327
-0.008819923
0.03972029
0.05506142
0.06549574
0.02049392
0.06321884
0.03015773
0.003569871
0.09272381
0.07440169
0.03062151
0.09267935
0.0474303
0.02550985
0.04712932
0.05928246
0.08263661
0.01486184
0.1064692
0.06139919
0.008941228
0.05541098
0.07312991
0.07290001
0.02973654
0.1040614
0.09439807
0.04636688
0.01485513
0.0637917
0.08376827
0.125067
0.112344
0.06258352
-0.04995027
0.04724994
0.03634849
0.03148898
0.06998718
0.1179589
0.004595913
0.08844274
0.1074476
0.1155986
0.03346437
0.02922777
0.03282823
0.01159354
-0.004933876
0.02235598
0.01574913
0.05957244
0.04306856
0.03115118
0.0830031
0.08670418
0.1007942
-0.001481962
-0.01711622
0.06532788
0.0289128
0.08767623
0.05990331
0.05873915
0.005751697
0.08332446
0.01141814
0.02631445
0.1226844
0.05146393
0.1117351
0.07293709
0.09819663
0.03043649
-0.02086783
0.0263678
0.07645948
-0.008182366
0.1429551
0.03314251
0.08743969
0.06252274
0.0373847
-0.01282108
0.03950964
0.05889988
0.03602861
0.07637681
0.06912811
0.06186157
0.01460762
0.1107038
0.08573125
0.09395587
0.05041998
0.03547008
0.03639498
0.06627781
-0.0213914
0.06934838
0.1503582
0.01362511
-0.01311508
0.01795871
0.01228071
0.07811197
-0.01868733
-0.01650041
-0.06765411
0.09938224
0.01332033
0.04362208
0.0514784
-0.008355688
0.01041884
-0.007073196
0.08622663
0.01934942
0.04372585
0.01611242
0.03670846
-0.02746839
0.06409197
0.01672303
0.05670416
0.1285983
0.09670291
0.1131798
0.09313196
-0.01215857
0.07728832
0.1004425
0.1065443
0.06216247
0.04580214
0.01123824
0.02620335
-0.0142738
0.003250439
0.01566241
0.1538062
0.04280283
0.03588213
0.08815695
0.06418958
0.05118477
-0.01133354
0.08992067
0.04131392
0.0148752
0.05290924
0.06816648
0.08694784
0.08608703
0.09509694
0.05048642
0.08356564
0.01036524
0.05369572
0.06032585
0.0182504
0.02674154
0.1178837
0.04373
0.009648925
-0.02098385
0.02145006
0.01289042
-0.03135225
-0.01223926
0.08852439
0.01787617
0.09572996
0.03692152
0.0530353
0.03143034
0.08035465
0.06979754
0.03423274
0.05150437
0.1126062
0.03715408
0.02510313
0.1146307
0.07138063
0.045945
0.01692936
0.04578992
0.08890985
0.1312924
0.03720506
0.007240573
0.05016804
-0.0003788345
0.04012383
-0.03084041
0.0174615
0.05701848
0.01287412
0.03999899
0.00214811
0.1068394
0.05505649
0.06443886
0.1330946
0.08468713
0.03297937
0.1079963
0.06955954
0.01659179
0.09149875
0.1007432
0.07021049
0.04690499
0.06045248
0.03947901
0.07186576
0.09576325
0.01756531
0.03951617
0.05972545
0.02273613
-0.0003957888
0.04612901
0.02475284
0.01456677
0.001668986
0.09234116
0.07010798
-0.05049227
0.05365523
0.1393334
0.1235201
0.08944556
-0.03373374
0.1130369
0.04914749
0.0264326
-0.001692186
0.05603678
0.02548489
0.08976561
0.06947678
0.01415118
0.1126906
0.1365225
-0.0006362245
0.04708763
0.08554309
0.036638
0.01064362
0.02913686
0.135372
-0.02196652
0.01273693
0.007966386
0.07248366
0.06665521
-0.04158925
0.06693557
-0.01694972
0.07687889
-0.0163978
0.0613093
0.08374777
0.1018137
0.01909606
0.09849128
0.02016718
-0.02873516
0.03883675
0.05885879
-0.02353107
-0.04738045
0.07312031
0.05446552
0.07720986
0.09052189
0.01998448
0.05559273
0.05385894
0.03323478
-0.001225752
0.02334146
0.1004719
0.06938302
0.07107084
0.03264845
0.07386604
0.09255262
0.06598308
0.04497486
0.04733656
0.1148219
0.148335
-0.0006456078
0.08698613
0.1043538
0.1223014
0.1251129
0.01957232
0.1133492
0.01757112
-0.02181752
0.1707984
0.05220396
-0.026076
0.0499815
0.06579252
0.04357043
0.0003711702
0.02356909
0.04298616
0.04132483
0.008696202
0.03508337
-0.01207258
-0.00648635
0.04080659
0.0693881
0.06220978
0.02886278
0.02682028
0.05664534
0.08086558
0.1007226
-0.007405876
0.0241137
1.791599e-06
0.08330493
0.06925177
0.1016529
0.08853205
0.06829194
0.1035668
0.03352482
-0.04440797
0.116624
0.03990089
-0.01636657
-0.00479075
4.826305e-05
0.07547667
0.05439935
0.04131697
0.0940457
0.1049193
0.05799833
0.09656866
0.04468924
-0.0620292
0.01435745
0.07550071
0.1062417
0.0784277
0.04861173
-0.02169433
-0.04516013
0.0455062
0.08165471
0.01463227
0.1120405
0.03394681
0.06712581
0.08155106
0.03915892
0.02003463
0.08564209
0.06770774
0.03089423
0.009515346
0.1031519
0.02374929
0.0329731
0.1372141
0.05644591
0.03782097
-0.03190099
0.0583198
0.006452712
-0.02379678
0.05304178
0.05135193
0.1208492
0.01869562
0.121574
0.003527771
0.02591239
0.09993561
0.0121171
0.0700894
0.08240782
0.110502
0.07301175
0.09723858
0.05073844
0.07254083
0.03884785
0.07251146
0.05437993
0.09024886
0.01224819
0.08848969
0.04377144
-0.01437322
0.08650591
0.02781003
0.1036948
0.02346725
0.05363897
0.02102281
0.0002441946
0.04546108
0.05485679
0.02943538
0.03040063
-0.004039766
0.09077967
0.02018645
-0.007099446
0.03284801
-0.02998296
0.01758155
0.0322143
0.04849944
0.116714
0.03812557
0.0808181
0.06361495
-0.04339081
0.03176678
0.110633
0.02912322
0.07341339
0.04604488
0.0431555
0.01565592
-0.01870201
0.08469019
-0.01061637
0.1037498
0.03645552
0.03553232
0.08962909
0.07461205
0.1262403
0.006396485
0.02761228
0.07323766
0.0375158
0.07052925
0.06285227
0.1108413
0.1128334
0.08504385
0.06557261
0.1009
0.02983961
0.05903417
0.03041588
0.06817421
0.05020537
0.0696459
0.09194349
0.02460755
0.00998872
-0.0004452911
0.08862568
0.02058635
0.08986705
0.08281748
0.03697949
0.03269114
0.02906705
-0.0102839
0.01089757
0.0556982
0.1288955
0.06578967
0.1634761
-0.003796561
-9.872206e-05
0.0778683
0.02756838
0.04305507
0.07054113
0.05453634
0.08243635
0.01587853
0.01992107
0.09532071
0.005445189
0.01414418
0.07528603
0.1030573
0.04186823
0.02138099
-0.01754648
0.01506159
0.1066709
0.05784424
-0.0100226
0.05606527
-0.006593184
0.1088719
0.0495029
0.009137909
0.02226727
0.05790469
0.07725842
0.03819192
0.0754658
0.06315673
0.07166946
0.06783783
0.0398769
-0.01072859
0.04091561
0.06635529
0.04507859
0.04580415
0.09571508
0.009852078
0.07954794
0.02893612
-0.005153923
0.01571449
0.05328058
0.02927375
0.0244475
0.04319754
0.08685871
0.07446436
0.09530175
0.1167287
0.08861392
0.03877109
0.0166334
0.2018839
0.06146643
0.1043733
0.09862023
0.07757842
-0.02576333
0.05405885
0.02558855
-6.920282e-05
0.1017197
0.04242723
0.1118339
0.02666612
0.09467492
-0.01306866
0.03860058
0.05296776
0.09192381
-0.04070629
0.08432714
0.05384821
0.03159173
0.06153304
0.1124046
0.04004824
0.05604387
0.02894652
-0.01778016
0.05358048
0.1027248
0.02350182
0.08764768
0.05170395
0.05410888
0.01587675
0.0580052
0.1221493
0.06376773
0.01680301
0.1235368
0.008792191
-0.0096427
0.05661874
0.04521387
0.1523878
0.1717448
0.03364964
0.1130044
0.04290068
0.07020377
0.02790915
-0.01235737
0.04534935
0.09905227
0.06007935
0.1231138
0.05732033
0.0612742
0.04755988
0.1055085
0.02820257
0.0558963
0.08085576
0.03692446
0.08523873
0.08057077
