-0.0137151541736675
-0.0113677418652345
0.00252119149241944
-0.0100908893137405
-0.00167048520067956
0.0105213053355286
-0.00204420829510772
-0.0017803183687717
-0.0143533910612957
-0.00455753945728673
-0.00742865210561746
0.00118207259638635
-0.00837214113310935
-0.0031904502161952
0.00843936699835921
-0.00192737966125023
-0.000273436342848022
0.0122685872892915
0.0031394287361399
-0.00294131920339329
-0.00400169488903667
0.00369039197502959
0.014856991754493
7.28197537690417e-05
-0.00629270544638305
0.0117501446889012
-0.00350024439381273
0.000417033316614536
0.00136288042139264
-0.0126213215707194
-0.00142265420693072
0.00523156070956724
0.00460286628794857
-0.0105668888633509
0.00158063806594195
0.0146500350309034
0.0135536810294136
0.00506926636279218
-0.00749695399612341
-0.000208479541801267
-0.00278327698418845
-0.00211512692938565
0.00363831985504218
0.00359284580412673
-0.000441215473993059
-0.00446108980438823
-0.00947819111675362
0.00330877909746978
-0.0045973937107906
-0.0127418310460629
-0.00109046511607824
-0.00154032013776041
0.00413471049252493
-0.0188978326987005
0.00242563836927619
-0.000829566702888013
-0.000166175871338054
-0.0151011348975613
-0.0124104923263657
0.00268715110437278
0.000300476274203775
0.00630800959022113
-0.00169791932138524
-0.00669988999874614
0.00892325303400091
-0.00217784951517035
-0.00190892975725281
0.00557188801928257
-0.0107426588824704
-0.0166654712156079
-0.00786457450656386
-0.0165672458384962
0.0155231184615829
-0.00157653312046065
0.00987892610992286
0.00886792158782739
0.00362585015383516
-0.00106030242585186
-0.00739845956109351
-0.00734175798737769
-0.00156533054156063
0.00500078312809944
0.0120133351945753
0.0120003356213867
-0.00797817981571225
-0.0145462381341961
9.52914600451709e-05
0.00501078384584887
0.00209848586836744
-0.0078290067692654
0.0108314896023833
0.0123500802147538
0.00957702294904454
0.0105133378717833
-0.00556517511495709
-0.00471686340156585
0.00286547628564584
-0.00346396288753332
0.00941536624848922
0.0060897594431793
-0.00473737880195358
0.0027687357180944
-0.00811043333912955
-0.00506048403254191
-0.00409837880012727
-0.003558601404178
-0.00525357895910906
-0.00693535122321551
-0.0157079052152263
0.00819205522404555
-0.00491403426963451
-0.00649527302816144
-0.00358351522816276
-0.0120626216261556
-0.003488096699322
-0.00240013487487729
-0.00857682864686025
0.0014640926844266
0.00855065656005837
0.00622737697204936
0.000728424044170552
0.00105979467128044
-0.00542082606950989
-0.00657201540312566
-0.00651518366180333
0.00554426635908005
0.00990419981552637
0.00804668417034802
0.00764681971182683
0.00777031517264245
0.00652353702461058
0.0211227676723819
-0.0120741039201499
0.00634561573272409
0.00568015863037775
0.0137688601129811
0.00575123485927226
-0.00270935423467982
-0.00776925535063762
-0.00477265718770078
0.0062218329502751
0.00259310063408041
-0.00275001101421135
0.000639154282500079
0.000527021912464202
-0.00823442031462595
-0.00161420833879849
0.0152556984094448
-0.0136863398137895
0.0055103465271709
-0.010486099049134
0.00556036640339872
0.00701243092050353
0.00210958431451818
-0.00754566063025323
0.0124389492976233
-0.00425809219473679
-0.000158280959018547
0.0129823458210484
0.003133845076142
0.00783481080580176
-0.000453178575007497
-0.00853315220641557
0.00691306134248018
-0.00918511987298223
-0.00164700706631009
-0.0106223831067171
-0.02067522603408
-0.00468957428267227
0.0145893869937174
-0.0153303644296244
-0.000395078863962542
-0.00866724791969978
0.00406695540277475
-0.00976118609831761
-0.0141718404263195
0.013152048698408
-0.00175565081708063
0.00291519305667694
0.00930787056070734
-0.00278772227232706
-0.00264135254629894
-0.00112241144365402
0.00590824854834841
-0.00189031747710399
0.0031214580134179
0.00696716485873973
-0.00409244211471206
-0.00912283700848364
-0.00883542580987233
0.00900963283422609
-0.00568773567835457
0.00182295061718336
0.0014339578668762
0.00571580079496995
-0.0191333135248009
-0.00166718288446325
0.00810716962881635
-0.00556151747665635
7.79769953124175e-06
0.00445846108375541
0.00626671209494428
0.00938104145443306
-0.00918119656760994
0.00156119652477028
0.0025678759555138
0.00054913959815757
0.00833523655768789
0.00853693688293308
-0.0117861661154975
0.0089539532218343
-0.002323843260127
-0.000193371013751517
0.000358774107693341
-0.0049728260519515
0.0063881013213076
-0.0177080775948499
-0.0125938346454046
-0.0133540912659008
0.000501669248787242
0.0050092422186244
-0.00340013130064122
-0.0169920179897189
-0.00696797082777395
0.0166771005159184
-0.00473874165405835
-0.0107991652604212
-0.0059797871055393
0.0108244781049724
-0.0124203888688761
0.00100677814167834
0.0142648765010604
-0.00149175068582372
0.009417286539685
-0.00707333563743538
-0.00848801388519418
-0.012237114382343
-0.0221703688638569
0.00730798186164812
0.000797460627709439
-0.00183585608726107
-0.00583855701091039
-0.00200790659070268
0.00349867601164022
-0.00392180083071918
-0.0147267936611728
-0.0102472559526199
0.0231528857960341
-0.00799822018994159
-0.00721439234549981
-0.0242608666459297
-0.00282752429196875
0.0154457466997419
-0.0179881461692769
-0.0112211317931783
0.0157750286019314
0.00829139595194726
-0.0078495414468867
1.46161681696453e-05
0.00203291410869201
0.00492292120800751
0.00493091534126431
-0.000509638120927217
-0.00725428633225654
0.00970126842764807
0.00445830942162164
0.0128240522415764
0.00511375402397308
-0.010677357681206
-0.00228155755723984
-0.00184993486159172
0.00692298907472608
-0.0035942582118012
0.0116121928443067
-0.00861895741493979
-0.00184431291426055
0.00130808415033561
0.00468106687183663
-0.00778979571829209
-0.00642320734053332
-0.00143333910233157
0.00524272522174328
-0.000767228074778111
-0.0085448381877804
0.00415740039377215
0.00468913876582461
-0.0073165844146925
0.011855718927805
-0.0198525430005423
0.0114413057364753
0.00503312713604878
-0.00909817790459005
0.0122092014489209
0.0133100811267649
-0.0234504810752731
0.00411428816473782
6.10119432404675e-06
-0.00930655865981592
-0.0231418231244806
-0.0161891248092297
0.00272310409940904
-0.00697475950381595
0.000654822344280021
-0.00942264461491442
-0.0149935515040527
-0.00599178671062641
0.00731317762575036
-0.012129675706482
0.0133862991338218
-0.0143529243741568
0.00251824719496394
-0.000110463821309309
0.0153787569506703
-0.0172775114428737
-0.00857143534470134
-0.0148417954844895
-0.0118965198808255
0.0118670164054165
-0.0110655863024371
0.00767373796083022
-0.00414551664014747
-0.00161404602892684
0.00681897015526008
0.00316626924208052
0.00808277032323759
0.015815652906695
-0.00348642062245951
-0.0107043648014966
0.01090271632594
0.00896898142290183
0.00091096842794054
0.0068906385561113
0.0259005316676137
0.00117977616239401
0.0426639155017164
-0.0140651967281948
-0.0381038357822803
-0.00722877295790438
-0.0305374926195719
0.0173497049590828
-0.0116261612388873
-0.00746383666541283
0.00207063424354599
0.0107469632268439
-0.00176613569183792
0.0101431585524238
-0.00942947078342806
0.00474612485566643
0.00432409786667251
0.00368103568561925
0.0152265786570229
0.0141831541337291
0.00686648996269737
0.00574757045422375
0.00611539328107823
-0.0144449164465545
-0.0113463051255825
0.00978293351963671
0.00994557768937159
0.0150006014187847
-0.00169793584294698
0.00136452920889819
0.020347289143459
0.00820424535237401
-0.00705230366080526
-0.0142291458068535
-0.000227955541570782
-0.0122079712597498
-0.0170681316580945
0.00287101530880902
0.00508328327524188
-0.00322056389388359
-0.00618294756477626
-0.00773904299399386
0.0119667087405636
-0.00530489819938708
0.00452427546564593
0.0149441665577413
0.00383488887847599
0.00655937623403085
0.00611557755924289
-0.0166994452984655
-0.00530952110123063
-0.00734146861405782
-0.0228472399071585
-0.00937277981673811
-0.00841047072950733
0.0234070398758541
0.00452508971669056
-0.0140435572731749
-0.0119714713125273
0.00672382425652509
0.00453461990488849
-0.00102074229544544
0.00131036588016856
0.00563566609953462
0.0038219147415106
-0.000695690608004687
0.00236925945536046
3.51254191181085e-05
0.0127011150592086
-0.00289384680488319
0.00130051481759827
-0.00369763251355891
-0.0195274553639765
-0.00336767188209177
0.0152567976761903
-0.0135280797010357
-0.007695368444049
-0.00335903957432426
-0.00140387145362076
-0.0138056436766089
-0.00970888855115481
0.00738734526140194
-0.00188177866744254
-0.0145076214229843
0.0130838229363187
-0.000343855197847374
-0.00288339266810973
0.00936067728513281
0.00690590204353904
-0.00312703525482264
0.0110577173841526
-0.00901060737229694
0.00895317620963727
-0.00875398404774339
0.00291277545637794
-0.00697127109113577
0.0104922578635107
-0.00777141893199048
0.0146218785405702
0.000636258349296851
-0.00485212340413825
-0.00265296837115669
-0.0100471428348572
-0.00726981945091213
-0.00640917002004052
-0.00692239146652265
-0.00288306745956698
-0.00263171239653701
0.00282056946963024
-0.0145196614846711
0.00384168067512079
-0.00658489771322902
0.00489010342152077
0.00444315758907139
0.00767163853067994
-0.00595101508759643
-0.00242257458499613
0.00988829810161793
0.00644185046079794
-0.00703592327434371
-0.00212882622681455
0.00640602966994218
-0.0118683798730213
-0.00371694622479357
0.00801344288783183
-0.017166158822604
-0.000509952866506234
0.00545738577265052
-0.00826517873957319
-0.0129275153551609
0.01670154590154
0.0319153485781768
0.0164613230274352
-0.00607388548231633
-0.00520304831813239
-0.00461793074743681
-0.00151438964239037
0.0063994530575962
-0.0250208143613714
-0.0127799386008578
0.00193528889615665
-0.00695386458502952
0.00640658906778641
0.00533780814505886
0.000631116358351532
0.00830863887194254
-0.00212164428586153
-0.0254050025182096
0.00744137607868459
-0.00653028412419513
0.0030382726968787
0.00259543841030998
0.00217027341944587
0.0216743967377763
0.0137788306026134
-0.0115369406893512
-0.000325256068743458
-0.00519340588748102
-0.0144969073830297
-0.0018066903236263
0.000864640892228479
-0.0107404224400245
0.00378644534422064
-0.0249303724491832
-0.015013751466223
-0.00655294271381499
0.0163282199934173
-0.00844067906096064
-0.00748095335127157
-0.00810705961800186
-0.0132429671174107
0.00661512218347097
0.00306520339238758
0.00210088735149733
-0.00408512211943981
-0.000219288365266795
-0.00488636764787089
-0.0148952128513077
0.0141068842669564
-0.00681341647395364
0.0155877103233578
0.00473756580806345
-0.0104630594758996
0.0126607544198532
-0.0106739010341693
0.0169092957269594
0.00917691061439195
-0.0134712807797144
-0.0155665954171847
0.0098800012269534
0.0167447083642564
-0.00788306805585818
0.00718896992246732
-0.0087119418517154
0.0109161034696662
-0.00458409320817803
0.00118034633888767
-0.00583990957647118
0.0395540082631849
-0.0198174995142821
-0.00752669058762216
-0.00308760389933196
-0.00199265569501133
-0.000243312289255535
0.0224010800478261
0.00985390358291796
0.0119390920145383
-0.0117477908863924
0.000819124291055717
0.00246618614311818
-0.00280376487860427
0.00658200355798503
0.0124912731001485
0.0129414312710444
-0.000296672077764976
0.000556055543052219
-0.0027893641937991
0.0100567467901192
-0.00871217935213999
-0.0112989826322196
0.00429214392753358
-0.00230474361001222
-0.0105399360062623
0.0096479374048388
-0.00509777539374211
0.00893951987250293
-0.00273044640140776
-0.00425258963275586
-0.00535689727211976
0.00453253663521084
-0.0176427108097099
0.00148213141104574
0.00168418166589414
0.00316500825615509
0.00152256532879038
0.0188830886371022
-0.00867754941958474
-0.0212503348095954
0.01146853626607
-0.013689075622157
0.00498218594694483
-0.00542757531374283
0.000558477256978913
0.00794531313654741
-0.00911832760198141
-0.0148867871947199
-0.00817515889802424
0.00657683682806131
-0.000950379578933641
-0.0125306481428285
0.0161397390298469
0.00368287494902281
-0.00556459495599669
-0.00749225845236349
-0.0154019335151749
0.000205987517734355
0.0105531863153459
0.00773847346541381
0.00598038905863913
-0.00348664352217161
0.0132785661735911
0.00245643636972314
0.00481924180586616
-0.00318183230745105
0.00626440492621024
0.0100312440276965
0.015652652533259
-0.00211559724997755
0.00895654085889399
0.0184162005598159
0.00342537067716566
-0.00662742589261092
0.0124264072204163
-0.00865450750495694
-0.00207800947871842
-0.0130437357640865
0.00605080483491447
-0.00542364061052537
0.00992439690205656
0.0103988450273902
0.00892710500803743
-0.0057383365691251
-0.00590926728942673
0.00493220927150721
-0.00277372479575616
0.00999296367673013
0.00025413652205234
-0.00180579128671404
-0.0125251352754275
0.0162714984103252
-0.00879672480567742
0.00778875904395194
-0.000905455614757873
0.00811850304618372
0.00489360805590348
0.0203149711014614
0.00295310542922321
-0.00498576759729381
0.019009166975566
-0.00908681585248419
-0.0049336651861023
0.00377013287537662
-0.0171934041826116
-0.0112768402565634
-0.00305086309750779
-0.00117110552832186
-0.000145388260651304
-0.000198981043434778
0.000824863171023195
0.00712865517054918
-0.0146297248838019
-0.00931931208749135
0.000475980735895023
0.00252097630237241
0.0157024572861905
-0.00639651713104951
0.0134502709442932
0.00220667548547193
-0.00404883128846938
-0.0100932833691922
-0.00422435628106128
-0.00834096859510854
-0.00715653295149089
0.00962840873392188
-0.00337391588764147
0.0172485607613812
-0.0144906717929569
-0.0145335003397346
-0.00735465561940369
-0.00279660425701444
0.00153733680890045
-0.00859289561542732
-0.00385558158032218
0.00530357381987565
-0.00848063570661761
-0.00424432452554733
0.00463545019187565
-0.015962829188661
-0.00779321990795351
0.000543711134039914
0.00202828242440688
-0.00127520120393165
-0.00790125208626688
-0.00483355983422304
0.00707161437053518
-0.0100389814512939
-0.00494446658602078
0.000231851192938054
-0.00023303624762006
0.000737406207782833
-0.015782320202153
-0.000131215961153326
-0.00490872658968231
0.000130456381297183
0.00553775837500724
-0.00867979604749858
0.000372282399423253
-0.00386951005125593
0.003919524362027
0.00102463549965123
-0.00712174662689286
0.010439195203089
-0.00929277234249787
0.0051791136766653
0.0018989850085257
-0.00531128345702216
-0.000429269975482771
-0.0115114354323196
-0.0121523043571753
-0.00575260615574689
0.0141464575811122
-0.000753565739629299
-0.00575820769678417
0.00252915620230305
0.00633801052730975
0.0100725000223036
0.00227205512453716
0.0118322118502702
-0.00359672000109061
-0.0145677391601745
-0.00435503510049554
0.00549120309462855
-0.003485034227266
0.0132891779650735
0.00107140741278866
0.017391657351479
0.0166928746762201
0.00127224986516438
0.0142077658356729
0.00123976586590039
-0.000703344256853895
-0.00522935866053613
0.00765756902631977
-0.0191990674179662
0.000628359363844657
0.00949506660860133
0.018305877210544
0.00233660250530345
0.00334919248447254
0.00279571595192245
-0.00877619695644134
0.0177137536887028
-0.00822449920403778
-0.000615039149832746
-0.0103506126412549
0.0120223499759996
0.00197988918164277
-0.0053401587136467
-0.00745039751486159
0.0125260093480637
0.0087009706398098
-0.00612040252630332
-0.0094956369264828
0.014795582908953
-0.00899064401202203
0.0135122628240693
-0.00102313442523884
0.00229894536372555
-0.0178698083205829
-0.00538301291625679
0.00674183392624013
0.00864603475420315
-0.00792665553349608
-0.00326803088729221
-0.01374287537736
0.0086384870611525
0.00372716404740589
-0.00445556272020417
0.0114361020099021
-0.00947067580989846
0.0182816659674562
-0.0186034835800067
0.00357168297580017
-0.0141775218969073
-0.00636109615827072
0.00610919396218024
-0.0145337639571867
-0.00344301097742483
0.0227831672484237
0.00866406934642742
0.00889024924481195
-0.00238138126711304
-0.0119604470216849
0.0141479077548379
0.000245962596317476
-0.00263448766722007
0.0114746869200635
-0.0227055792402373
-0.00801602928703114
0.00587017865281903
0.00109757449601161
0.00404682076638518
0.0129095007343162
-0.00231916877051759
0.00349110194803661
-0.0149016956581845
-0.00761842559706832
-0.00847806948898664
-0.00461716055827016
0.00785183845117288
0.00802012428151268
0.00725912192205676
0.0124437418773032
0.00259596861397531
0.0135779359057458
-0.00433774019422956
0.0187350093112269
-0.0111708457564568
0.0231456285364311
0.00603935348102497
0.00333000377931547
0.000779548821902156
-0.0150193979249387
0.00536656563332448
-0.0141027443178275
-0.000258505049978808
0.00374489188068117
0.000831375565181161
-0.00395535088839899
-6.09913789383648e-06
-0.0140756165140304
-0.00108223716556622
-0.00591997023883465
0.00413479569163125
0.0196904741443919
0.0129418067052505
-0.0282139616414114
0.00269605004224948
0.021350939853053
-0.0335878249992124
-0.0207500718482027
0.0170399087411556
0.0163587890790446
0.0153166952898141
-0.0320009920043071
0.00475062147560671
0.00918382094011312
-0.0275516786180659
-0.0118468777096246
0.0264224895738794
0.0137094472624422
-0.0132902712083034
0.0098400214170147
0.011983860304929
-0.0257475450469132
0.0127715955842362
-0.000700602836175253
-0.0282850510919431
-0.0205937763897699
0.00836851654790732
-2.07368635459988e-05
0.0178546398397528
-0.0256164517031717
-0.00812713121044437
0.00250249000316017
-0.0176992402400728
0.00327766469788626
0.00254026942203051
-0.00664336657069352
-0.00194865003169529
0.00596551800929773
-0.0220296259007663
0.000878788390960741
0.0146977771315521
-0.00408719923122624
0.0179229519125282
0.0158404410993329
-0.000820863544775379
-0.0129245202551113
-0.00209312459023852
-0.00480572980900031
-0.00531428217334413
-0.00428001935602345
-0.00286359767032996
0.0058845256533299
0.0224821954633465
-0.00266305089852312
0.0210612003316371
0.000678140769472073
0.00963241425189692
0.0125885296986152
-0.0112056754163988
-0.00861090110428296
-0.00808003797726983
0.00354590321470161
-0.000326235440935284
-1.06908389013047e-05
0.00284101417443912
-0.00550321466159377
0.011350762131617
-0.00112933945998478
0.00511673521322167
0.00229915333031257
-0.00491617513316845
0.000693645209069142
0.00165462052663831
-0.00447623839457391
0.0038608211889448
0.0110425706634786
-0.0126769368658282
0.00161598542396883
0.0031106218522097
0.00640031100216991
0.00111526038866988
-0.00565363294701186
0.00229604749699961
0.0138919430850203
0.00513988040781372
-0.00220391300630849
-0.00737209964658159
0.00586934021154644
-0.00291707421834594
-0.000784041354199168
-0.000893647684030615
-0.0119312827402611
0.00242258371037611
-0.00571592672877315
-0.00416889782726894
0.0066319230506167
0.00193167865311614
-0.0117331932578478
0.00727919617492601
0.00667587897799344
0.00128703972477135
0.00336932919102412
0.00715466000970085
-0.0151532557925785
0.0169599403903781
0.00341164146038565
0.0136963381296896
0.00956317434086475
-0.00487620617012361
0.0118571443840169
-0.00727179333080439
0.0015039358867597
0.0073237858680736
0.0048938055077566
-0.00172859051620882
0.00442960042846001
-0.00402968305872752
0.0040744274647943
0.00233048726962091
-0.00150459398792014
0.00898623923203103
-0.00280260537169369
-0.0057574854450697
0.011487681264212
-0.00422752913231041
0.00585643544604336
0.0022853637341098
-0.000537578597397023
-0.0161097754648027
-0.000587655760857225
0.00652818141627794
0.000805825072592139
0.0041150476308976
-0.00724062889362839
0.0116143294475926
-0.0131349208698533
-0.0123568774324467
0.0109163389186175
0.000653174416734223
-0.0135214234219306
0.0113360707490282
0.00352370646049607
0.00631856009908263
0.0116696854268366
-0.00635761291872414
0.00610010242397338
0.00209943510566379
-0.00394974159783463
-0.00624165893029442
-0.00220281287788412
0.00488901669932932
0.00397096801624424
0.00344953382872902
-0.0108751065883472
0.0059742196012858
-0.00723085792791576
-0.00703788901461033
0.00648459463721989
-0.00124328563879975
-0.00150764082492276
0.0157571908949186
0.00293950631850191
0.0135211180524672
0.00741113708031202
-0.00280847449703076
-0.00484548211369468
0.000807524282257742
0.0012235093089222
0.00114133725645322
-0.0104802244700142
-0.0073406985754841
-0.00724252191071936
-0.0027383894980515
0.00231082399471459
-0.00264573302224686
-0.00427233972904396
-0.000201080437454943
0.00249387989965614
-0.010014623525283
-0.00265790666647274
0.00014696937940185
0.0062980307952959
0.0126108472798996
-0.00687408031039369
0.00991648673819107
0.00959347731978142
0.00421428301606223
-0.00389750810670888
0.0030328517720886
-0.0117030871289312
-0.00556009490307224
-0.00590847350292572
0.00367317123892917
-0.00206275387562281
0.00106256514635405
0.00705467785525301
0.000519239404819192
0.00939634460297514
0.000400140942441218
0.00537474518253244
0.00608674866371057
0.00537818631529182
0.00622750006802163
-0.00566176799183206
-0.00522041312441724
-0.00541412952318624
0.0139576515753039
0.0115872742517178
0.00552779327195533
0.00276287452346447
0.0059969911935233
0.00432514986248763
0.0055254509405061
-0.00171401641628936
0.0108954092652113
-0.00456622731965829
-0.00450401086258116
-0.00414266887125469
0.00302949813648874
0.00875218523884908
0.0147183788606631
0.00601412592288683
-0.00968098247679591
-0.0047635255577979
-0.00362692491614331
0.00580530017740201
0.00232702828951983
0.010685806573803
-0.00219200318851511
-0.00467568465387655
0.0065595197569942
0.00952390125239115
-0.00485151694786019
0.000543872102433776
-0.00383206634400112
0.0031064072691723
-0.0072652252151344
-0.0133003476951551
0.00426743127058008
-0.00963496723850121
-0.00403221878598363
-0.000998295330593822
0.00127939806821537
-0.00395373774142269
-0.00791312457771208
0.0032164126277208
0.0102800317967162
0.00484369814481023
0.00449551539215964
-0.00678318964006726
-0.00153792559437014
0.00964503850172869
-0.0113685867936324
0.00530912022533247
-0.0061610041553283
-0.00329132026572583
0.0042632154573183
-0.0100156314039418
0.000531915506007619
0.00450552765978824
-0.0011734718013376
0.00175900675446881
0.00660128936196306
-0.000900025065749228
-0.00136756875138303
-0.00133882293272864
-0.00115417236266861
0.00832553920578359
0.0089319333546652
0.00647221488756294
-0.00772792719535475
-0.00127676044309707
-0.00938035735199108
-0.00284760772297456
0.00763669621535897
0.00735519498834516
-0.000693653624679808
0.00584776013940669
-0.000799669887274071
0.00344869175437631
0.0128783388459669
0.00216291423493925
0.0013251403740264
-0.000923249049794146
0.00759271472826637
0.0106785246706018
-0.0206299781759902
0.00278120879706706
0.00280237317531748
-0.00371594174483756
-0.0042487759907896
0.00385859473048648
-0.00748832457527237
0.0185705312818081
-0.00616587406773093
-0.00116479498056789
0.0121337448264486
0.00545570370988669
-0.00975079297756544
-0.00759483155364593
-0.00896134175201902
-0.00637564270660592
0.0144505085088055
-0.00975730542014638
-0.00135056842077605
0.00932772896370308
-0.00365384702733246
0.0117449027248185
-0.0150843520864001
-0.0137548941623409
-0.0174493899272313
-0.00421500682104334
0.00266346357858884
-0.00867294077574985
0.00137788583156065
0.00563588945287504
0.00887919397256823
-0.007552830756174
0.0172687384557374
-0.013430575903881
0.00193661566737111
0.00272972875373245
0.0045407439604122
0.0039868580839427
-0.0053958260545004
0.00855005564731183
0.0019230953226318
0.00142081296294833
0.00589672935662139
0.00717765527989476
-0.00918118067377475
-0.0077632296180555
0.000900193633618131
-0.0134943608628822
-0.0132780526188486
0.000273326228264132
-0.0210187896692987
-0.0102323618555188
-0.0191921060188233
-0.00221082510561964
-0.000805294838478709
-0.00337725456814683
-0.00362234853384552
-0.0277561310533175
-0.00587032373944581
-0.0321733474873139
-0.0176418605532861
0.0238389686318192
-0.00432114366494548
-0.024232529457201
0.00564759886842947
-0.000431489733440828
-0.010285829378869
-0.0107346521865688
-0.0021767015033605
-0.0105103448540247
-0.0131468218800894
0.00645565578529694
0.00601750493964186
-0.00470879376670614
0.00575830868801826
-0.0181272213720269
-0.00349497400719657
0.00626157022825925
-0.0200722214454091
-0.0182219389344401
0.00143965376243057
0.0151509016843967
0.0185097925843248
-0.00710209967288192
0.0021827148997975
0.0129567851209833
0.00193433851537904
0.0218672492148519
0.0162280195029592
-0.00310239656863148
0.00623244827004446
-0.0130063795976324
-0.00354548390038036
-0.0013023993394715
-0.00833916328566045
0.000489641692161224
-0.00751302926432745
0.00692250971935216
0.00332566289834011
0.00308689937607206
-0.011856242322517
-0.00276202683579366
0.0166077565296193
0.00757770986963879
0.00750711783248923
0.00607085444642118
-0.000312941768550674
-0.000882775088033597
-0.000701066410849519
-0.0135983894657675
0.00230622125520481
-0.0026465970000242
-0.000710082144466929
-0.00988002095047073
0.00618823950315211
0.00455040757344611
-0.00046640291017804
0.0184173895071542
0.0139134624586406
-0.00128942060273667
0.000999497650758555
-0.00139972132230276
-0.014416860738634
0.00300712281564322
-0.0114917858777416
-0.00324533333246885
0.000947199131065621
0.00755075573254877
-0.00741494058791797
-0.0129420070357578
0.0125416220566316
0.00218529138716692
0.00202989345473778
-0.00386468549246293
0.00046286063335315
0.00333708626404487
0.000600128836589421
0.00487910853207894
0.000881438148580546
-0.00377698130074318
0.00754617626658549
-0.00521382103083119
0.010352589293367
-0.025338147525698
0.00632557555616298
0.00698598730423453
0.00897813456014579
0.00816228593897555
-0.0080022593495979
-0.0204493175559346
0.00128749609581189
-0.0132158066552801
0.00274395601582377
-0.00913639088624019
-0.00577033232967199
0.00466829001166403
-0.00240135317566434
-0.0048039916131289
0.0145595706930969
-0.004379586384977
0.000572725272392495
0.00303881840669058
-0.0249897393000427
-0.00689379819177414
-0.0128209612771125
0.00373162949250401
-0.00147335322089368
-0.0049665939462349
-0.00305757039770305
-0.000409591938101643
-0.00337398973881346
-0.00700191818186427
-0.0124176910140224
0.00688137684206222
0.00531253564361606
0.0123550752710272
0.00622652364683224
-0.00347627611758495
0.00857431838625071
0.00198348792903791
-0.00404957265608034
-0.0101645143987806
-0.000699058737582053
-0.00150174402449462
-0.00146033175068361
0.0206350993958258
-0.0110395760816462
-0.00237659686627069
0.00315888854998273
-0.00727324242010337
-0.0119338004159942
-0.00627534666714275
0.015388523650693
0.000347447967607521
-0.0120573204351997
-0.00419119148168793
0.00711060094529596
0.00403242127037362
0.00298575729274473
0.00385858967559423
-0.00392131928054702
0.00374262766664898
-0.00324530108720381
0.00971261943947841
-0.00886402905905122
-0.00195194105447711
-0.0177956420735148
0.0027905458643221
-0.0102884138965421
0.00613379188443072
-0.0106189426487726
0.00354774224974163
0.00888790949173475
-0.00662312336732555
0.00423640537099524
0.00871103957056758
-0.0120041652339307
-0.000744425646609287
-0.000323799447730968
0.00717010614006041
0.0126888523182991
-0.00501833046612503
0.0158209320633042
-0.00298960900566365
0.00752614456575489
-0.00511428286256976
0.00902896318364186
-0.00959852226073232
-0.00424129168593357
0.00792172851966581
0.0162193762047283
0.0147159713555331
-0.0172124365195952
-0.0114199001322624
-0.00130127462336787
0.00146125421325491
0.00675437230953722
0.00682433272020413
0.00185415403290071
0.00416871092725354
0.0264701314143631
-0.00265641888892544
0.00795728095165388
0.00248559010982018
0.00463135585472153
0.00210891649131649
-0.0043144114926573
-0.0110892318612921
-0.0123577332815958
-0.0104976118026628
0.00466743404665056
-0.0140562226370731
-0.00342580975013084
0.0030579145639958
0.00838402696430949
-0.00038046762241846
0.00614271031322436
-0.0217318441533395
0.00932636268813748
0.00207586621538944
0.000285619683052022
-0.0114009553570108
-0.00366332407812985
0.000562008029971666
0.001165605208645
0.0121531134114284
-0.010162097445071
0.00535922929666277
0.00566023194283194
0.0112291607260667
0.00199544817240323
6.32788250515712e-05
-0.0067443229607194
0.0112221814252669
-0.0052714974923226
0.00143182248126835
-0.00734277226728626
0.000959901083146327
-0.0080637211505639
-0.0118350416120812
-0.000561089214390113
0.00602386813730177
-0.0140530325253454
0.0101468979148149
-0.000870620762802075
-0.00779513626690325
0.00334200667720425
-0.00376549755135012
-0.000174106928515543
-0.00395973881155028
-0.0088544947744236
0.00187041352491578
0.00150920830842151
0.00401553349521979
0.00864123167036227
-0.00181273327370121
0.00320789051532805
-0.00516192455091577
-0.000769828355254446
0.00817340301816068
0.00831200381623142
-0.0157003014260699
0.00903827159359211
0.00445838865710304
0.0126167665174022
0.00847909226444457
-0.0075401532303048
0.0105284891089046
0.00720491234499508
0.00846185919284146
-0.00634541171417148
-0.00773467868966299
-0.00578832502294727
-0.00954862534567549
-0.0158913167086695
-0.00691806490416509
0.00653181361062036
0.0116178338170603
0.01525180942559
0.0109036789062663
-0.00105140668235988
-0.00327701969690649
0.00593546848804321
-0.00963283947078465
-0.00760889804171571
0.00440932287485205
-0.00613605140074143
-0.00139708362500324
0.000253016889513936
-0.00365807374461587
0.00445946416616428
-0.0270643934198218
0.0154725782483774
0.00332313715624244
0.0114697710040031
-0.00928679448788785
0.0033559657983989
-0.00929893927878558
-0.014414493913543
-0.0070341049796242
0.00562980529911855
0.00780118926019652
-0.0181446428251456
0.0115023077218991
0.0200663521282388
0.00784408220538116
-0.000880571829862873
-0.0029492382963672
-0.00283780054585434
-0.00498092088659409
-0.0112052699806963
0.00738713888788453
-0.00870141540920427
0.00543343642100649
-0.00654754722376169
0.00566477713124276
0.0157786443307665
-0.00214075104238128
-0.0125352101393543
-0.00826871437135009
-0.00459943290732376
-0.0122927047518983
-0.00902947792802244
0.00474677161300184
0.00765260089320522
-0.000176058935973923
-0.000277032322122291
-0.0120255814407154
-0.00876677806729716
-0.00685199091306309
-0.00384754238002888
0.00114006267495126
0.000936946965159372
-0.00729516083571405
0.00523055359646283
0.0035752667485799
0.00348104551551483
0.00417026740813285
-0.00898626462339889
0.00129360445988854
-0.0113462317277229
0.00353922551991331
-0.00936318138533491
0.00272517817402672
0.00171999112947696
-0.0025934420614057
0.00138658791695566
-0.00805132961397195
0.00237279615810333
-0.000824390631877876
0.0210718908440767
0.00689227863761052
-0.00352253589152606
0.00855548807045804
0.00223148760144004
0.00326073356652768
0.00215589280817492
0.0047725340125831
-0.0185290675199191
-0.00530788510108146
-0.00963196960184826
-0.00929319347445014
-0.00266743325279536
-0.0191944614456169
0.00681267475210205
0.00795767371374551
0.00070389413366804
0.0103868162828478
0.00458440499721519
-0.00493206122719235
0.00417923235979613
0.00990478609175455
-0.00626721863705325
-0.00944414266821372
0.00366567129381559
-0.0149629317439386
-0.0223745246092408
-0.00645698071061813
-0.00379013888421235
-0.00585700544734559
0.00623117980242456
0.00358266308548609
0.0152225334190682
0.00660766911161032
-0.000315256685425484
0.00992062987992246
-0.0140986624248972
0.00476572998742769
0.00437235356022247
0.00746260126088298
-0.00443437731760728
0.00697390426272871
0.00594720072876401
-0.0144596521876294
0.00642152752200742
-0.00481807116672357
-0.012503143382809
-0.00657972738946438
-0.0120983157123363
-0.00406390636091098
-0.00631023133037976
0.00817665031804458
-0.000748059464150389
-0.00892453745187052
0.00112102901047478
0.0236753399738834
0.00806719371134706
0.000583259453333864
-0.000532851742868592
0.0114734979048895
-0.00114208071886016
0.0120698477475998
-0.00217183528901697
-0.00240024101589647
-0.00770349742464671
0.00325426561143123
-0.0093975950880081
0.00770277223356478
-0.00826081208652482
0.00482885617713462
-0.0132371319079168
0.000284103080124727
0.0133464764842416
0.00695893851993451
-0.00914883260681907
-0.00661457449969492
-0.00284600317585006
0.00160149388678647
0.0193356341912665
0.00129865754751395
0.00972235552674297
0.000416109231029987
0.00249947630058659
0.00127672104320889
-0.00716006421620356
-9.47029356383669e-05
-0.00717398569813299
0.00884757963035118
0.00537820756677515
-0.00753419646483182
-0.00406076828667806
-0.00446662333131547
0.000640391976161444
-0.0109671492030586
0.00770710731609721
-0.000918295597796047
-0.0103407339460992
0.0115359906497872
-0.00479689435279292
-0.00145339767504257
