5632.226
6205.472
7898.999
8973.201
8822.781
6804.772
7128.322
7658.087
7612.051
7127.014
7334.412
7089.549
7388.963
6436.378
5842.301
6431.454
6428.158
6695.905
6008.056
6705.11
6103.005
5524.7
6528.076
7078.112
6058.295
7567.019
7810.645
8179.508
8174.188
8219.586
8420.028
7751.801
6779.085
6793.854
6539.288
6263.824
6185.989
6896.219
6245.689
6024.781
6066.237
5763.601
6239.996
6940.994
6717.354
6457.101
6771.094
7196.363
7948.553
7519.889
7609.858
7511.031
7060.603
6826.995
6752.364
6958.965
7284.167
6752.595
5441.668
5469.538
5975.617
7358.627
7638.385
7926.468
7005.367
7834.009
7008.986
6513.082
7174.833
6762.48
7823.318
7487.059
8328.361
8403.156
9014.497
8557.806
8663.807
9369.177
7966.184
7472.866
7882.101
7574.138
7805.822
8015.115
7732.332
7501.497
7197.402
6605.532
7261.106
7348.548
6791.511
6155.251
5704.157
5579.628
6150.281
6052.411
6417.989
7180.103
7523.225
8245.536
7409.382
7054.993
6483.629
6817.271
6666.815
7482.974
8589.078
6472.273
6515.975
6993.032
6607.852
6403
5952.488
6504.536
6401.895
5971.335
5630.391
7246.003
7780.294
9200.729
7776.284
7832.948
7402.831
7574.813
7487.954
7058.08
6900.686
7891.925
6800.845
6646.654
6675.338
8394.313
7324.339
7247.473
6213.801
6898.275
7404.374
7904.682
7682.675
6588.237
7218.781
8691.343
8560.705
7291.963
6288.283
6025.863
6330.657
7083.442
7115.479
7965.802
8729.597
6888.71
7346.592
8365.735
7448.077
7506.1
7483.901
6338.312
6683.534
8128.053
6489.718
6905.097
6806.228
6695.362
5837.132
6506.45
6821.997
6583.583
7264.486
7267.549
7338.265
7007.766
6663.351
6509.29
6692.515
7171.246
8095.658
8595.841
8383.933
7620.365
7067.805
8039.04
7882.399
7552.575
7491.414
7618.697
8408.531
7135.689
7354.699
6637.127
6876.681
7087.518
8092.761
8255.631
8515.08
7078.743
7772.261
9374.731
9119.957
8195.643
8764.724
7697.169
8652.297
8672.598
8515.111
8908.401
9388.392
7661.113
5679.057
6611.144
6021.507
6145.33
7688.483
7638.408
7144.929
7377.774
7979.232
7666.302
7962.225
6315.422
7178.304
7112.155
7015.539
6360.537
6708.797
6494.894
6472.601
6363.97
6878.193
8410.258
8730.116
7790.444
8307.248
8716.071
9518.117
8413.274
7077.629
6909.025
7913.266
7427.575
7624.812
8263.799
6850.783
6996.453
7529.145
8038.996
6914.104
7634.081
7113.329
6035.506
6929.008
6885.945
7693.951
7339.168
7535.413
8015.738
7234.489
6930.1
5884.508
7349.715
8065.203
8613.305
7168.625
6467.815
6007.434
6285.795
5928.867
5392.319
6595.257
6875.793
6343.921
6964.171
7196.969
7390.389
7179.145
6965.687
6636.93
6969.09
6598.701
6344.574
7021.569
7771.639
7209.314
7746.192
7720.382
6459.9
6413.647
6798.486
6977.784
5798.184
5589.69
7710.306
7628.269
7119.855
7517.24
6863.462
6099.729
6991.074
5680.768
6221.102
5967.87
7089.147
7232.396
6863.683
6696.398
7235.959
7644.824
7001.829
7209.742
7354.282
7357.687
7350.208
7279.625
6682.717
7294.603
6973.593
7272.858
7609.547
8667.973
8498.341
6717.382
7225.443
5480.497
6252.052
5935.537
6244.743
6483.962
6643.018
7315.944
8825.296
8146.482
6720.839
6879.045
8692.227
7937.404
8419.035
9085.905
9011.664
7773.874
8802.063
8259.853
7579.045
7951.363
6397.783
5918.988
7008.185
7221.939
7624.317
9335.41
8230.444
9118.798
8319.148
9688.541
8282.034
8518.87
7293.927
7114.271
7239.769
7596.184
7959.827
9153.034
7303.228
7996.874
7349.862
7325.425
8071.679
7694.161
9288.658
9437.341
7561.231
7261.568
6169.597
6533.647
6810.725
7228.022
7663.46
6085.684
6498.396
7896.527
7047.199
8788.507
8041.557
8475.037
7018.441
8485.621
7532.163
6636.179
6667.302
5860.568
7068.453
6409.407
6189.979
6841.449
6703.5
7260.963
7026.526
7122.977
7680.51
6840.813
5252.064
5911.734
6001.325
6311.233
7290.722
7327.025
8088.666
7946.995
7396.56
8058.233
7437.522
7370.76
6687.085
6091.649
6324.405
6192.594
6910.242
8024.76
7601.274
7514.301
7787.181
7575.429
8092.818
8017.874
7598.1
6761.531
6460.492
7386.667
7553.436
7598.546
6879.609
7702.809
7398.067
7294.937
6739.544
6884.105
5591.013
6181.647
5605.29
5914.537
6506.865
6331.124
7532.314
7610.327
7584.392
6953.15
6505.613
6479.229
6441.799
6140.248
6430.56
6833.423
7275.774
6923.682
7024.814
7085.737
7422.823
6349.261
7295
6680.638
7039.521
7246.023
7325.748
6068.109
6184.773
6408.728
6658.432
6649.109
6480.147
5679.964
7319.35
5988.272
7184.26
7585.459
7363.187
6556.943
7118.245
8157.02
8786.815
7325.563
6570.796
6332.205
7173.896
6790.16
6065.397
6693.227
6646.281
7473.311
7445.622
7345.631
7867.911
7510.416
7756.508
7164.204
7022.919
7302.325
7526.664
7520.611
7022.386
7542.444
9150.522
10218.65
9784.751
7699.886
7092.389
8189.34
7140.542
6836.404
6673.076
6519.944
6259.937
6302.716
6119.143
5531.951
5863.336
5536.768
6526.845
6765.649
6368.127
7407.826
7827.839
6636.313
6874.099
7007.775
7396.445
6969.693
6296.863
6617.362
6172.865
6477.169
6153.615
6565.448
7788.347
6677.72
7622.502
7586.243
7407.978
6712.038
6491.438
5811.879
6688.435
7305.035
6815.991
6000.637
5359.413
6158.124
6494.947
6960.349
8335.183
7355.654
7344.506
8687.122
9205.127
8982.692
8145.733
7161.273
6726.776
7724.774
7042.178
6369.554
6964.002
7569.059
7240.239
7537.949
7064.532
6993.958
7876.432
7904.537
7468.258
6863.972
7003.905
7267.66
8499.415
7737.679
7427.867
7674.188
6998.935
6706.904
6683.765
5983.491
5710.205
6796.385
7054.496
7126.968
7539.068
5966.705
6947.526
7133.262
6686.406
7621.8
7757.891
6804.645
7633.167
7085.533
7673.221
7039.307
6948.432
7801.429
6634.652
6810.592
7249.195
7133.146
7479.388
7885.774
6422.352
6358.004
7179.133
6371.392
7166.76
7753.623
7419.742
7073.137
7215.704
6756.44
6946.208
6558.904
8099.032
8604.507
7719.885
7827.443
7187.831
8301.736
6807.587
6655.164
6242.272
6165.536
6486.082
5839.123
6896.492
6861.378
6568.458
7139.357
8195.519
7602.616
8548.042
7610.718
7082.769
6562.751
6749.808
6397.191
6595.404
8245.733
9116.935
7215.933
7680.793
6890.057
7322.837
8602.695
7459.105
7168.217
6900.725
7412.022
6591.085
6647.472
6358.129
6353.518
6967.461
7110.419
7024.4
6682.968
7599.298
8154.762
7725.872
7375.362
7963.546
7194.309
7405.18
7006.276
7367.533
7948.573
7823.97
7240.823
7400.655
7198.079
6691.982
6970.296
7606.544
8262.905
8177.549
8263
6837.701
6520.423
6925.517
6942.788
7172.402
7752.845
7455.819
6613.657
7462.058
7346.263
7681.919
6797.393
5681.285
5853.972
5653.418
6214.641
7391.175
6434.223
7569.881
6567.765
7613.692
8506.706
5993.316
5968.269
5986.516
5957.283
7005.925
6861.022
7430.85
6964.115
6512.877
7172.145
7306.464
6515.115
6733.575
6854.518
7579.373
7373.362
8338.248
7851.964
7229.269
8413.954
7143.341
7181.358
6010.327
5994.177
5986.794
5735.223
6093.949
6360.53
6238.345
6431.234
7578.443
8506.747
7330.747
7986.927
7199.452
7305.41
7772.912
7497.586
7226.133
6628.411
7408.862
7281.15
6672.204
6563.508
6274.461
5964.371
7176.208
7139.181
6048.068
6799.996
6563.331
6129.095
6580.795
7323.133
6651.695
7591.09
7291.053
6427.444
6663.737
7225.339
7455.338
6974.704
6869.031
5454.287
5706.946
6988.324
7019.898
6869.253
6969.392
8411.507
8037.788
5940.147
7269.63
7939.133
8447.926
7231.364
6771.634
7048.091
6476.364
6203.649
6450.22
6398.957
6267.286
6356.088
6423.238
7031.375
5608.467
5884.231
6316.288
6320.373
5805
6476.964
7049.318
6448.527
6592.486
6601.63
8486.392
7986.862
7490.775
6827.436
7713.056
7376.72
7181.61
7656.508
7729.161
6888.253
6788.543
6606.184
8307.695
8176.26
7816.428
7865.741
6809.136
6076.187
6122.715
5862.846
6295.39
6790.633
7403.316
7797.619
6267.993
6952.901
5721.879
6465.992
6897.984
7000.306
6846.285
8169.355
8863.632
8521.585
8419.16
7829.833
8499.414
8175.928
8009.324
8975.04
7560.034
8008.325
8115.15
8235.751
7156.361
7684.591
7163.953
6465.062
6376.702
5790.97
5655.252
5885.544
6814.115
7184.553
7927.505
7988.732
7929.23
7353.586
6229.183
6746.852
5852.928
6081.2
6499.638
5916.65
6552.38
7487.129
6780.502
6851.597
6374.873
6897.534
6482.349
7750.122
6453.311
6946.545
7084.581
7877.75
8239.126
7553.422
7429.154
6253.191
6951.74
7737.728
8891.662
7640.452
7874.847
7558.762
8266.322
8488.555
9490.818
8504.115
8297.394
6623.124
7011.198
6818.777
6369.499
7428.817
6342.263
7226.246
7761.929
6611.109
7560.299
7684.501
6390.116
7924.938
7888.387
7030.005
7399.343
6343.526
7749.122
7343.513
6556.683
6534.477
7709.332
6647.559
6714.812
7490.115
7501.29
8635.069
8176.738
8312.28
8000.131
7280.479
7313.336
8650.081
7306.641
7299.749
6598.267
5825.355
6630.351
7956.288
8565.854
6963.509
8157.867
9077.155
7542.332
8702.93
7089.906
7816.227
7907.069
8634.648
8113.695
9466.207
9815.226
9389.224
7889.304
7687.774
7086.043
6947.237
7441.552
8472.447
7683.462
7204.879
6861.596
7834.58
7751.464
6739.59
6886.658
7662.929
7429.011
8533.901
9581.22
7825.125
6989.484
7939.342
8425.486
7932.149
7349.834
7876.819
8153.291
7508.039
6943.461
6896.896
7604.888
8279.231
7325.08
7062.485
6940.867
5896.077
6507.682
7153.246
7109.595
7475.768
6208.13
6284.483
5956.164
6587.507
5937.699
6877.485
6584.628
6612.969
6539.802
6856.044
5820.346
5721.58
6508.261
7113.549
7966.515
7846.743
7820.6
8711.22
7643.085
8596.124
7751.213
7052.731
6960.239
7468.156
6136.069
5613.937
6006.107
7255.719
7484.759
6882.351
8120.841
7506.328
8147.555
7037.546
7173.925
6993.364
8007.041
8505.986
8515.402
7811.385
6736.253
6234.318
5787.785
6165.087
5163.787
4863.625
5464.509
6436.332
6770.916
6150.607
6338.092
6807.949
7965.062
7761.995
8075.598
8014.187
9304.285
8268.461
7689.862
6798.053
6358.658
6415.072
6245.77
6134.331
5788.026
5936.574
5815.889
6031.672
6397.927
7792.572
7090.016
8064.376
9764.452
9419.164
8666.945
7916.688
7966.487
7912.632
7255.275
7663.613
7557.444
6705
6286.999
6170.733
5906.302
6043.644
7006.493
7644.318
9140.503
7481.192
6087.182
5464.307
5064.44
5157.267
5764.108
5557.869
6832.045
6946.224
6812.128
7325.906
6307.954
6820.299
7124.9
7847.929
7339.828
6519.705
7035.675
7751.778
6841.212
6509.413
7002.702
8337.87
8530.796
8812.244
7518.716
6707.401
6822.727
6714.25
7603.221
8553.79
7796.257
6365.672
5221.726
5407.022
6277.59
8385.64
8462.91
7993.825
8011.473
9256.16
7747.929
7231.584
7538.045
7244.247
6806.817
6908.529
7214
8224.041
6999.522
7631.155
7067.343
7451.343
7535.803
8358.444
7744.388
7833.028
7920.793
7784.878
7720.597
7874.651
8521.461
8065.446
7144.1
7163.09
7201.804
7481.248
6528.242
5245.443
6194.525
6751.953
6565.957
6858.296
7230.094
6788.124
6370.095
6273.208
7007.648
6145.412
7030.067
7044.829
6735.437
7059.184
6724.497
7810.198
6250.425
7215.323
8001.911
8143.631
8606.362
8795.171
7472.019
7085.791
7602.696
6728.343
6727.307
6293.959
6803.342
7245.659
7192.177
6369.598
6849.885
6771.038
6659.753
6707.527
6055.598
6690.595
8368.159
7563.532
7582.034
7072.654
7481.654
6591.767
6464.269
6476.387
6052.654
6250.108
7812.72
7366.245
7891.251
6882.643
7135.386
7725.288
6913.003
7015.834
6619.706
6838.602
5395.418
5912.525
6652.9
6979.372
7188.268
6854.919
7167.962
7381.367
8133.031
7202.535
8172.373
6647.065
7756.957
8324.707
7362.444
7401.979
7209.893
7881.955
7241.805
6820
6958.239
6769.087
6725.881
6965.48
6854.002
6422.135
5748.514
6727.401
7331.996
7297.436
6995.073
6701.325
7110.336
8183.319
7958.248
8700.652
8743.283
8751.222
9253.927
9342.075
8954.901
7963.425
7557.47
8334.181
7718.072
7791.726
9076.433
8360.673
7713.925
6636.602
6531.372
6040.359
6053.769
6733.946
7033.389
6273.531
6437.05
7167.939
6143.907
6118.713
6331.048
8032.154
6624.102
6934.994
7648.737
7893.958
7340.85
7770.31
7261.501
6681.781
7389.726
7291.751
7579.423
7762.521
8142.657
7976.06
8289.298
8277.469
7687.74
8152.745
7761.231
6899.271
7474.644
6447.817
6759.819
7675.054
6749.07
7749.168
7047.227
7059.513
6698.544
6177.312
7746.994
9666.739
8883.523
8078.766
7810.703
6710.572
6488.475
6328.398
5974.684
6825.355
7059.683
7051.965
6629.806
7216.735
7216.98
7048.548
6601.661
8098.584
8164.263
7234.352
7094.901
6314.095
6584.884
6736.021
6294.237
6423.577
6377.685
6194.702
7449.178
8001.867
8082.96
7055.419
6836.464
7206.138
7436.832
7492.229
7156.559
6827.932
6863.64
6430.87
6363.558
6391.956
6757.278
6034.471
6381.423
7163.7
7159.212
6612.301
5959.631
5651.191
5852.76
5657.076
6454.127
6753.196
5669.037
6701.706
5402.276
6081.095
6135.221
6653.929
6830.446
6755.715
6369.509
6430.118
5389.375
5439.157
6378.043
6754.634
6139.548
5747.403
5706.611
6499.233
6502.478
6685.532
7997.605
8511.411
5775.611
4983.505
5059.618
5882.55
6384.579
6624.058
7062.341
7811.132
7658.504
6734.7
6274.705
5627.133
5714.611
6394.453
6479.392
7484.281
7672.067
7087.404
6757.142
6599.206
6758.484
7452.397
7857.891
8804.752
8899.866
7470.876
7147.537
7901.543
7814.798
7669.148
6608.766
6616.355
6094.582
6836.864
6609.385
6442.874
6559.106
6883.423
7071.854
7389.599
7241.191
7015.257
7470.632
7412.969
7285.962
7002.719
6857.544
6747.222
6878.719
6814.393
6235.682
7454.344
8051.863
8184.362
6722.412
6652.403
7615.236
8300.302
7849.499
7968.715
8244.633
8562.406
8672.177
8150.426
8662.17
7700.718
9476.593
8110.122
8433.399
8447.042
5976.25
6688.746
7855.832
7465.114
7691.973
6721.309
6833.617
6771.17
6396.498
7236.522
6269.62
6294.084
6381.252
7719.185
7111.636
6976.048
7179.959
6672.197
6343.504
6470.863
7253.842
8214.674
8798.371
8393.242
8587.95
8493.975
9014.085
9381.963
8480.937
6861.529
7852.275
9180.005
8814.033
8355.484
10135.62
7646.918
7176.591
6961.752
5369.71
5484.924
6987.4
7344.523
6529.984
7169.792
7941.517
8381.753
7296.873
7258.904
6643.381
7622.369
6942.647
8449.824
7620.45
7835.338
7600.738
7037.082
6624.262
6810.651
6104.564
6171.155
6332.251
5703.353
6004.535
6380.03
6842.599
7260.477
6793.296
7529.086
6926.697
7863.106
6761.388
8177.941
7723.961
6935.832
7959.346
7751.402
7524.812
6157.798
7474.705
7158.221
6195.197
6048.491
6333.381
6041.899
6371.099
6795.002
6399.872
6556.506
6416.131
6591.901
6325.635
5902.465
7280.812
7082.488
6980.688
8154.154
8478.864
8030.708
8352.424
7341.154
6753.954
7090.529
7554.815
7250.646
6879.582
7851.663
7792.254
8088.058
7466.257
7387.997
7502.436
7083.3
6882.046
6501.27
6694.466
6286.046
7132.177
8002.287
7195.28
7208.688
6883.497
5983.337
6700.278
5877.942
6464.739
5919.555
6939.734
6965.099
7532.992
8166.735
6538.957
6190.141
6178.897
7206.733
7420.453
8090.768
7833.631
7118.507
7792.827
8332.794
7874.677
6169.912
5879.146
6783.979
5957.902
6366.944
7082.888
7868.333
6967.545
6210.392
6139.914
7317.14
6214.336
6693.374
6293.039
8031.301
6982.786
6095.926
6488.213
6644.944
7178.831
7234.037
6500.085
7136.558
7408.1
7685.144
7902.858
6162.855
5997.18
6436.671
6604.011
6729.115
6194.446
5954.188
7182.099
7075.187
7430.324
8671.357
9406.475
8569.879
8868.897
8399.399
8068.155
7430.912
6442.108
6133.15
7093.282
7264.575
6430.811
7086.84
8145.113
7408.637
7145.019
7742.947
6393.264
6262.568
6401.738
6720.2
6933.874
7164.407
8075.143
7814.817
7543.061
6492.373
6924.19
6242.997
6532.109
6983.83
9535.055
8299.435
8089.826
7995.916
7468.717
6804.835
6935.962
6859.261
7276.076
6227.113
6427.571
6449.444
6195.874
6991.442
7680.786
6708.136
5895.619
6997.55
6829.916
6234.734
6175.819
6609.441
6860.368
6098.431
6554.589
6316.879
5995.372
5924.741
5242.283
6501.219
7194.357
6545.092
7205.772
7794.836
6938.435
6752.957
6011.166
7917.193
7147.587
6591.312
6279.315
5798.74
5734.101
6121.772
6303.794
6496.015
5982.997
6845.02
6600.197
6618.187
6534.139
7621.458
6237.964
5748.86
7929.409
6732.538
5980.846
6544.187
7836.23
7720.876
7625.527
7486.456
6950.793
7643.016
6159.536
6716.471
7483.29
7893.76
8602.528
9108.603
7671.535
7264.756
6131.225
5824.355
7543.222
6219.552
6402.109
5307.506
6828.208
6199.355
6231.07
6131.96
5901.412
6154.61
6053.613
6467.574
7083.716
6184.766
6838.735
7373.74
7501.103
8002.474
7026.37
7887.879
7235.81
7413.065
7858.963
8206.256
8276.923
7718.353
7136.251
8218.177
7916.041
8324.223
7948.082
7307.365
8444.985
8023.901
7300.308
8178.363
7387.038
6201.141
5960.525
6143.239
5744.243
6138.208
6264.052
5933.444
5675.29
6293.76
6912.818
6220.531
5751.106
6473.61
8047.962
7371.168
7262.628
6844.225
6032.397
7010.536
7752.702
6361.042
6441.745
7406.781
7090.61
6756.214
7408.579
8247.242
7767.982
8160.734
7411.336
6741.208
8134.269
6816.476
7654.957
7016.459
6917.652
7887.677
6889.379
6341.682
6248.87
5855.342
7120.698
6342.229
6491.93
7532.759
7782.942
7992.817
7475.584
7234.121
6085.494
7257.532
7342.281
8462.503
8030.889
6358.728
6365.574
8115.441
6868.887
6976.67
6662.808
7731.045
7310.549
6308.322
6896.88
8068.749
7098.36
6514.543
6849.825
6553.975
7427.148
7585.611
7644.205
7832.031
7242.585
7957.013
7584.859
7620.667
8016.191
8472.652
8313.039
6716.398
8279.086
9043.915
7327.994
7455.858
8433.933
7695.051
7657.368
8125.919
6455.79
7459.776
6059.94
5657.96
5739.895
5708.982
7022.641
6948.629
8595.139
9570.611
8940.509
8769.586
7222.499
6819.297
6472.097
7734.436
7504.635
7400.958
6477.15
6634.362
7227.961
6384.82
6775.99
6744.405
6987.917
6701.225
7167.565
8228.768
7118.338
8065.529
7583.626
7253.747
8221.713
8409.625
7279.754
6719.421
7595.846
6326.011
6620.08
6455.234
8079.054
7552.125
9136.303
8006.929
7882.924
6942.372
6296.74
7738.533
8440.993
9130.612
7772.662
8433.551
8066.378
8688.64
8457.21
7956.683
7989.529
7846.221
6670.258
7036.063
7009.568
6748.966
6407.034
7791.342
7497.217
8600.236
8306.831
7505.761
6908.534
6179.008
7330.284
6664.845
6948.417
8199.861
8044.219
7352.123
6313.126
6300.021
6580.85
6962.185
8285.532
7346.992
7855.105
9429.108
8091.185
7702.445
7265.487
7950.62
6721.241
6292.319
6432.671
6850.448
7870.934
6909.604
6377.902
6985.605
7674.717
7587.94
7234.983
7356.774
7233.251
6929.824
7696.504
7598.797
7814.659
8349.881
7283.711
6944.545
6870.24
7866.188
6570.896
7749.131
8000.561
7927.099
6993.099
7167.361
7243.597
8358.064
7716.219
7267.041
6640.128
6459.102
6382.571
6901.276
6555.769
6637.606
7281.534
7020.681
6880.004
7041.266
7447.258
6907.255
6898.293
7133.021
6615.924
6660.873
6965.078
7309.39
6251.699
6069.864
6650.057
8272.052
8012.98
8419.013
7736.705
7601.16
8010.605
7129.155
7165.599
6338.847
7004.818
5822.024
5881.023
6053.841
6889.209
6388.289
6679.203
6391.201
6848.05
7198.282
6430.601
8559.179
7789.72
7470.748
7476.646
7048.243
7038.951
7839.996
7040.465
6982.152
8150.504
7707.445
7348.385
7275.609
7619.247
7229.965
7331.77
6597.568
6352.31
9048.891
7956.901
7877.559
6890.725
6775.226
6909.175
6104.641
6131.253
7423.694
7357.404
8405.03
8414.611
6759.343
6477.008
6631.962
5447.761
5957.361
5974.12
6770.665
6708.357
6568.73
6482.064
6372.2
7334.044
6445.139
6599.912
7177.242
6438.498
5875.997
7083.721
8434.333
6663.684
6431.943
6811.615
6671.243
6363.722
5694.506
6776.723
6746.739
6642.744
7839.51
7128.379
7805.352
5624.716
5668.979
8047.031
7304.987
6920.361
6444.431
6458.204
6679.875
5744.354
5886.72
6027.799
6389.532
6614.697
7011.685
6611.314
7174.569
7245.684
7736.112
8689.616
7470.965
6982.952
5796.307
6226.922
7087.595
8168.673
7385.365
6406.412
6701.892
6132.126
6443.811
7254.908
7320.554
8366.139
7696.624
6254.797
5545.533
6621.76
6627.032
7861.853
7808.493
8246.704
8256.608
8329.146
8466.082
8819.294
7645.753
6976.17
9050.759
6855.389
7787.521
8039.93
8311.145
8211.65
7816.017
6786.767
6975.994
7054.311
8143.459
7389.569
8166.123
6537.067
6089.099
7277.831
7450.003
9761.726
8912.662
7388.93
8510.795
8237.169
8143.263
8664.333
7358.038
8307.364
8801.396
7052.027
6960.99
6479.016
5838.331
6235.649
6392.266
7341.428
7233.138
6768.027
6951.243
7912.101
6610.999
6068.566
5853.829
5635.491
6209.468
8411.394
7665.01
8181.798
9752.482
7836.646
7139.201
6912.384
7593.863
7390.429
7579.445
7362.132
7080.537
7784.714
7499.037
7330.261
7932.432
7344.375
6785.167
6704.571
6386.323
5614.903
7592.345
6724.857
7645.818
6885.54
6721.749
6654.54
7577.622
8465.511
7901.093
7740.911
9266.665
8780.803
7275.801
7306.395
6207.695
5807.239
6158.404
6954.948
6425.189
6503.536
6522.298
7225.776
7382.459
6300.965
7324.024
7226.222
6362.127
7131.149
6691.3
6722.422
7673.286
7361.563
6978.94
7372.677
7970.217
7941.97
7249.898
7765.404
7693.96
8301.008
7418.238
7282.01
6439.825
5364.824
6355.692
7233.215
6496.336
5775.258
6526.905
7278.672
6804.036
6367.995
7099.111
6219.682
5956.183
5956.351
6201.277
6702.539
7116.662
6992.135
7780.15
8199.968
8038.601
8615.544
7731.973
6570.649
5691.605
5547.731
5249.468
5562.667
5516.361
6839.242
6695.057
5147.813
5981.064
6643.571
7616.6
6868.522
7297.02
7293.466
6670.031
6993.165
7170.592
7387.632
6130.26
5695.088
5702.054
6077.064
6614.783
7572.768
8542.576
8088.95
7760.068
7952
7828.585
6892.284
8510.736
7300.051
6743.009
6587.864
6809.613
5892.553
6327.1
6525.08
6711.436
7652.426
7840.756
7706.17
8073.231
7598.168
7328.5
8960.633
10563.48
10592.41
10209.79
9635.459
8800.408
7795.318
7830.17
7091.303
7634.809
9790.173
10640.48
9895.019
8713.205
8453.144
8796.857
7951.16
8342.958
6970.903
7644.788
7233.765
7220.708
8440.787
7928.958
8686.016
8971.068
8916.056
8035.971
7483.467
6954.808
5964.204
6490.564
6497.842
6243.298
7612.491
8438.575
7997.147
7917.875
7689.25
7110.505
6847.607
7644.518
8207.41
9870.289
7914.79
7470.345
8603.927
6446.085
6503.124
7593.397
6821.174
6850.739
6499.141
6043.609
7277.963
7920.722
8138.938
6203.855
6025.873
6556.104
6755.833
7029.473
5862.519
7656.115
7264.653
7674.351
7580.714
8319.103
6864.247
6620.401
8500.072
8458.716
9244.705
8027.234
8957.326
8683.52
7071.761
6530.574
6698.538
6888.13
6638.656
6140.186
6161.606
7468.074
7658.88
7230.539
5864.579
5537.039
6148.319
5729.197
6039.64
5845.267
6109.332
6611.738
5940.424
6119.818
5832.107
5165.339
5898.68
6026.322
6441.391
6417.204
7542.262
6196.879
7118.916
6189.086
6169.656
7673.428
6915.376
7394.324
7538.378
6403.316
6506.597
5882.129
6662.078
