1.361557
1.38569
1.353788
1.415302
1.408783
1.38828
1.387079
1.373737
1.391584
1.437119
1.408997
1.402799
1.406264
1.464775
1.430415
1.383473
1.399385
1.376149
1.358906
1.410509
1.365182
1.360465
1.43529
1.377811
1.374192
1.398879
1.407684
1.354266
1.39124
1.407215
1.402664
1.344348
1.350818
1.343522
1.34924
1.428799
1.394147
1.389594
1.402412
1.37686
1.350931
1.382565
1.367627
1.374274
1.420249
1.36594
1.389143
1.422079
1.341621
1.391393
1.393605
1.39301
1.344435
1.438249
1.41124
1.381114
1.372474
1.388573
1.37881
1.407986
1.370053
1.374049
1.397238
1.343878
1.378637
1.353052
1.391473
1.365589
1.39914
1.382588
1.325337
1.38657
1.386965
1.347881
1.396205
1.401141
1.337206
1.361708
1.36299
1.374457
1.399311
1.363122
1.347878
1.386381
1.4093
1.390191
1.357179
1.358049
1.411625
1.394646
1.421593
1.371445
1.374461
1.375048
1.417131
1.404887
1.373694
1.363948
1.363545
1.370382
1.356299
1.364529
1.404865
1.386442
1.439949
1.355661
1.396303
1.371376
1.390621
1.394519
1.408847
1.383922
1.347976
1.320157
1.36543
1.349284
1.420843
1.392713
1.327982
1.389085
1.403147
1.438761
1.39268
1.413506
1.378011
1.397643
1.382699
1.368226
1.356014
1.374316
1.387559
1.354751
1.385057
1.405093
1.366101
1.36736
1.389462
1.368304
1.418844
1.393695
1.374695
1.424473
1.39291
1.352253
1.381131
1.390846
1.348331
1.36655
1.392438
1.383462
1.347996
1.39924
1.390375
1.373068
1.38821
1.40467
1.384887
1.365523
1.349513
1.289705
1.39482
1.37874
1.343515
1.431704
1.390762
1.407531
1.418846
1.419441
1.395396
1.332985
1.382523
1.373152
1.379929
1.389752
1.409375
1.381447
1.381647
1.424869
1.392787
1.401376
1.385033
1.344052
1.341926
1.421318
1.40064
1.406021
1.342787
1.386776
1.389098
1.42088
1.378146
1.376522
1.411724
1.411362
1.387885
1.36039
1.365285
1.392844
1.394458
1.377133
1.438171
1.398871
1.361543
1.376514
1.363493
1.351731
1.369009
1.415685
1.377524
1.424921
1.395547
1.416146
1.417315
1.348005
1.389587
1.379082
1.384923
1.376784
1.35332
1.367969
1.364259
1.314446
1.356964
1.405239
1.424027
1.35194
1.403845
1.372855
1.397831
1.3903
1.370797
1.373051
1.346491
1.424809
1.369798
1.414724
1.37774
1.352626
1.440597
1.410286
1.383555
1.372205
1.433175
1.410699
1.333518
1.360513
1.391419
1.395847
1.318322
1.337548
1.392662
1.37989
1.382522
1.388771
1.411734
1.365607
1.423306
1.347113
1.334911
1.318677
1.395713
1.394847
1.409242
1.413043
1.38469
1.376338
1.352203
1.359667
1.417837
1.380122
1.429409
1.375968
1.434358
1.402317
1.360714
1.324435
1.320918
1.380942
1.414865
1.381008
1.424577
1.355323
1.427634
1.406063
1.417621
1.328235
1.366931
1.386063
1.359932
1.387299
1.359028
1.382737
1.359686
1.338493
1.463146
1.396182
1.338722
1.379618
1.347938
1.371221
1.33653
1.382589
1.383218
1.365284
1.391738
1.394197
1.360254
1.404637
1.403101
1.368789
1.387907
1.374378
1.376074
1.357846
1.411379
1.366504
1.393628
1.336983
1.390867
1.381288
1.40136
1.412081
1.417997
1.381015
1.339206
1.315923
1.379593
1.38579
1.398806
1.395323
1.415035
1.404739
1.339807
1.409383
1.423816
1.407917
1.363089
1.377503
1.42855
1.3727
1.347721
1.340268
1.404793
1.420426
1.372831
1.358103
1.387521
1.438207
1.410901
1.378604
1.416762
1.410388
1.433391
1.362618
1.372553
1.356433
1.393543
1.41168
1.364008
1.331304
1.358942
1.341432
1.368109
1.370423
1.412211
1.395504
1.392149
1.370497
1.344872
1.372882
1.404776
1.415961
1.389601
1.375619
1.366149
1.341654
1.365909
1.346896
1.370412
1.298495
1.351541
1.377767
1.383376
1.438838
1.378633
1.372923
1.32737
1.367701
1.371307
1.396909
1.359782
1.331299
1.323522
1.324727
1.332738
1.370612
1.449245
1.331429
1.348983
1.396955
1.399422
1.386456
1.355966
1.341477
1.38183
1.375816
1.429128
1.373629
1.38663
1.403007
1.432239
1.364638
1.316555
1.389112
1.336722
1.379393
1.325356
1.349268
1.387187
1.397018
1.428313
1.440085
1.373666
1.359363
1.386976
1.390511
1.354544
1.341054
1.378931
1.38624
1.354075
1.433322
1.409849
1.357218
1.374683
1.380124
1.418065
1.38706
1.384598
1.346811
1.397664
1.414317
1.369425
1.408008
1.381327
1.39833
1.383641
1.387394
1.447402
1.433017
1.367709
1.386499
1.352786
1.339912
1.333976
1.341108
1.412176
1.408398
1.36825
1.385069
1.370544
1.351077
1.356875
1.424447
1.34356
1.401647
1.386094
1.408406
1.416007
1.384568
1.353462
1.408188
1.387221
1.434363
1.367879
1.400737
1.418518
1.465017
1.40382
1.374428
1.390833
1.397984
1.364991
1.39521
1.355754
1.364096
1.401133
1.344816
1.404401
1.3711
1.365432
1.367822
1.386539
1.383029
1.40905
1.372197
1.352449
1.413643
1.328099
1.39512
1.379423
1.395014
1.323034
1.368895
1.386042
1.450952
1.403453
1.403115
1.348448
1.382933
1.363537
1.383713
1.34211
1.391459
1.355167
1.401468
1.340368
1.341031
1.372953
1.41562
1.424388
1.332793
1.359464
1.398845
1.371922
1.433521
1.348401
1.357155
1.392949
1.403254
1.409817
1.380057
1.390821
1.428997
1.38157
1.313431
1.405358
1.399854
1.356623
1.351118
1.375007
1.423014
1.365849
1.369273
1.318029
1.302033
1.359364
1.318691
1.394356
1.407019
1.358485
1.335499
1.36102
1.373624
1.380373
1.369356
1.358733
1.358661
1.35256
1.418395
1.368259
1.407599
1.417101
1.399
1.429871
1.407331
1.35936
1.386913
1.414693
1.382444
1.388211
1.359392
1.406636
1.350859
1.383223
1.407619
1.345115
1.360613
1.343422
1.362177
1.38592
1.345475
1.355063
1.336244
1.420049
1.359793
1.418979
1.359574
1.331439
1.352292
1.343246
1.362958
1.329545
1.373691
1.422801
1.395366
1.405002
1.359438
1.425618
1.393623
1.369683
1.347408
1.36397
1.393424
1.380817
1.353968
1.347308
1.409099
1.4173
1.360592
1.405341
1.326664
1.39729
1.37985
1.345555
1.392212
1.417385
1.377785
1.338131
1.361924
1.376197
1.42205
1.343473
1.389885
1.357179
1.39102
1.376533
1.355634
1.406213
1.356616
1.368791
1.418606
1.368102
1.390602
1.365851
1.393392
1.322808
1.405021
1.335414
1.319582
1.416931
1.371745
1.383939
1.352611
1.339254
1.354984
1.394295
1.370379
1.353412
1.379209
1.398073
1.362156
1.358313
1.398939
1.386387
1.376445
1.403744
1.389344
1.37895
1.371641
1.417217
1.418128
1.415831
1.351733
1.34395
1.41149
1.379932
1.367543
1.371443
1.358776
1.396264
1.364614
1.352651
1.400566
1.420364
1.306464
1.346099
1.35195
1.363911
1.372556
1.355326
1.369438
1.393836
1.409894
1.388237
1.393285
1.3333
1.379871
1.339008
1.374393
1.426077
1.376378
1.376589
1.432478
1.367342
1.372409
1.385498
1.340401
1.387214
1.389763
1.410331
1.393986
1.350845
1.316698
1.370532
1.372697
1.366823
1.388871
1.349789
1.390457
1.343667
1.352486
1.436736
1.411442
1.312819
1.375943
1.356022
1.43429
1.430771
1.397345
1.35076
1.407704
1.431916
1.364131
1.363207
1.379579
1.356462
1.357039
1.384306
1.430515
1.373017
1.390333
1.42725
1.383573
1.337656
1.395719
1.365811
1.384449
1.349325
1.415457
1.359953
1.365816
1.378679
1.368796
1.399372
1.387087
1.341051
1.313095
1.44211
1.387547
1.413515
1.348169
1.355754
1.363741
1.362262
1.321862
1.375202
1.383539
1.365539
1.413825
1.44205
1.443131
1.382472
1.393396
1.402082
1.418611
1.367392
1.328199
1.348206
1.357764
1.417741
1.435447
1.362732
1.382774
1.391369
1.385287
1.392807
1.395963
1.384137
1.353432
1.410112
1.409875
1.385192
1.382755
1.390985
1.376096
1.369191
1.390441
1.369749
1.414641
1.402716
1.384146
1.395564
1.360802
1.393216
1.358246
1.406673
1.375857
1.445585
1.371102
1.385726
1.40867
1.406774
1.340899
1.364921
1.366803
1.397393
1.375901
1.381136
1.355974
1.381284
1.336525
1.356084
1.393977
1.432184
1.374917
1.306735
1.36313
1.356152
1.366622
1.412306
1.426973
1.382965
1.399354
1.374244
1.378537
1.362661
1.397668
1.372164
1.418996
1.395814
1.346317
1.31777
1.396298
1.416047
1.338421
1.380226
1.381715
1.40889
1.385409
1.419069
1.34103
1.312466
1.400517
1.439428
1.405884
1.378069
1.299273
1.340277
1.404643
1.407244
1.375897
1.36791
1.370859
1.356726
1.378089
1.373722
1.406462
1.370835
1.378186
1.368313
1.415414
1.371602
1.345968
1.355514
1.384353
1.354302
1.380346
1.391554
1.419128
1.409191
1.388791
1.425306
1.350645
1.353967
1.378485
1.381867
1.339091
1.343649
1.371806
1.433902
1.370971
1.42498
1.417948
1.374521
1.387315
1.377585
1.330374
1.399716
1.37425
1.344195
1.395702
1.403445
1.411951
1.352914
1.375227
1.386
1.410598
1.378047
1.416302
1.432905
1.386295
1.39607
1.391423
1.362676
1.37347
1.375973
1.395278
1.405131
1.384926
1.378854
1.328916
1.387002
1.418112
1.383162
1.414923
1.382972
1.419178
1.407667
1.395825
1.428384
1.360908
1.378777
1.396186
1.32512
1.336983
1.402287
1.405663
1.400776
1.350302
1.415354
1.409666
1.406178
1.355236
1.355178
1.411301
1.375242
1.392713
1.384572
1.371565
1.403857
1.351776
1.401069
1.375672
1.359204
1.350439
1.426045
1.354625
1.34208
1.411151
1.424603
1.432998
1.354671
1.410936
1.324261
1.381165
1.356397
1.399935
1.329686
1.31734
1.364288
1.400407
1.423419
1.388083
1.437241
1.425882
1.347558
1.421706
1.439491
1.376452
1.380074
1.39261
1.388392
1.369345
1.392256
1.386726
1.445168
1.415469
1.389056
1.358444
1.349527
1.393618
1.363231
1.391542
1.397417
1.389187
1.392016
1.40708
1.351244
1.34368
1.318865
1.359633
1.385783
1.42281
1.360542
1.374723
1.323093
1.347964
1.373348
1.359436
1.371738
1.41759
1.347298
1.360191
1.338586
1.397229
1.412432
1.424358
1.367888
1.405822
1.369483
1.431503
1.355996
1.375312
1.36973
1.391807
1.408619
1.336021
1.375154
1.404055
1.409905
1.370702
1.391885
1.388511
1.351681
1.397119
1.422642
1.384908
1.414955
1.424438
1.363878
1.378619
1.360565
1.365551
1.339817
1.378319
1.402082
1.380561
1.425836
1.357062
1.38192
1.360457
1.392965
1.369424
1.367403
1.405026
1.360371
1.425169
1.380872
1.363153
1.370537
1.381705
1.392089
1.442123
1.426353
1.416324
1.375951
1.382517
1.398173
1.381774
1.393452
1.393005
1.369825
1.352457
1.392969
1.396226
1.377895
1.392553
1.39794
1.344684
1.359162
1.338219
1.412356
1.418779
1.39834
1.39391
1.424351
1.401654
1.381686
1.420818
1.420366
1.397725
1.407261
1.430978
1.363776
1.392363
1.399079
1.410137
1.38819
1.339882
1.403507
1.398552
1.345531
1.33075
1.384062
1.382415
1.357047
1.414673
1.400486
1.385328
1.393647
1.416441
1.370925
1.36944
1.429187
1.367208
1.418111
1.389883
1.369341
1.367687
1.3546
1.417546
1.374942
1.344934
1.375685
1.367114
1.444051
1.3967
1.394061
1.345455
1.366524
1.377697
1.359654
1.410554
1.381003
1.370207
1.371853
1.36528
1.373883
1.37903
1.349175
1.391046
1.348758
1.35101
1.393146
1.361127
1.413907
1.366767
1.335156
1.356449
1.389284
1.401595
1.416509
1.386074
1.388394
1.411195
1.365359
1.379562
1.368576
1.419504
1.389202
1.384159
1.410058
1.429298
1.36987
1.414162
1.407907
1.405037
1.369421
1.415312
1.410096
1.399645
1.369143
1.365622
1.357947
1.367036
1.408397
1.334567
1.348096
1.366295
1.384465
1.333549
1.347174
1.337751
1.436796
1.368828
1.368079
1.367574
1.295865
1.31275
1.393363
1.416423
1.343577
1.400283
1.422632
1.37089
1.373753
1.379367
1.350423
1.353355
1.37054
1.354274
1.384807
1.396707
1.426414
1.417651
1.392178
1.290598
1.381054
1.38073
1.401181
1.427056
1.403057
1.365615
1.423918
1.390324
1.388589
1.379791
1.362083
1.365535
1.425617
1.436009
1.405515
1.400044
1.395936
1.355465
1.374383
1.408625
1.398903
1.39291
1.396255
1.362422
1.392545
1.39745
1.373574
1.38375
1.343477
1.418258
1.422983
1.410513
1.400595
1.335489
1.33724
1.401961
1.422229
1.40787
1.399007
1.403641
1.37867
1.428188
1.379445
1.338651
1.388078
1.426331
1.356816
1.37234
1.372933
1.360801
1.405944
1.380039
1.404103
1.326353
1.387049
1.402419
1.464839
1.421392
1.435173
1.355611
1.362654
1.339511
1.324269
1.383939
1.414938
1.466038
1.373932
1.309184
1.382074
1.402741
1.359611
1.405127
1.396651
1.421703
1.362937
1.354948
1.390341
1.415105
1.362786
1.336023
1.366436
1.404582
1.410663
1.388121
1.484926
1.392194
1.380229
1.421713
1.424947
1.365748
1.37678
1.423253
1.324844
1.378394
1.391916
1.392255
1.362857
1.407387
1.385036
1.433303
1.30744
1.323039
1.42084
1.391389
1.391458
1.400249
1.363077
1.404651
1.382911
1.34132
1.36355
1.397132
1.374606
1.372406
1.343538
1.313604
1.440815
1.384373
1.422911
1.321499
1.408428
1.400941
1.405801
1.351917
1.305283
1.375446
1.378198
1.367825
1.395394
1.330876
1.394831
1.385549
1.40061
1.336326
1.366598
1.396299
1.393646
1.361197
1.411117
1.372733
1.374961
1.400188
1.378865
1.359073
1.391478
1.339059
1.352482
1.412898
1.392694
1.369586
1.395726
1.431304
1.40607
1.41732
1.369791
1.378527
1.38182
1.437856
1.388394
1.387882
1.400135
1.353929
1.387614
1.361782
1.374678
1.315178
1.315711
1.380544
1.388377
1.411851
1.417213
1.425742
1.348159
1.363482
1.359966
1.390475
1.418869
1.361912
1.371827
1.388728
1.420816
1.412607
1.381032
1.377032
1.321336
1.307062
1.346493
1.412609
1.348121
1.365922
1.32075
1.338572
1.328647
1.304077
1.37576
1.42301
1.356106
1.340468
1.349105
1.403911
1.417277
1.38576
1.430428
1.453881
1.393003
1.387968
1.334994
1.348452
1.424086
1.437539
1.380836
1.352422
1.37798
1.324741
1.361702
1.397183
1.340089
1.368606
1.343713
1.34197
1.406905
1.326448
1.380588
1.344673
1.364197
1.370889
1.394571
1.352855
1.385896
1.360617
1.343737
1.329366
1.331458
1.351925
1.364618
1.371243
1.405225
1.335399
1.368838
1.384651
1.380569
1.343169
1.330171
1.329616
1.348776
1.347234
1.341631
1.371996
1.399434
1.34383
1.354185
1.384465
1.388233
1.394078
1.345771
1.357917
1.376005
1.397775
1.412122
1.357745
1.368627
1.32621
1.434776
1.364455
1.361737
1.390666
1.364724
1.340493
1.408449
1.358447
1.421347
1.383803
1.344301
1.396938
1.429369
1.398083
1.450762
1.424039
1.354587
1.382964
1.379692
1.341033
1.355179
1.401777
1.39199
1.389801
1.39993
1.413677
1.436719
1.349205
1.36205
1.340385
1.361214
1.375306
1.370837
1.441847
1.43541
1.379252
1.392283
1.378012
1.330284
1.384914
1.416304
1.396012
1.37748
1.352133
1.409362
1.371407
1.377564
1.35447
1.351442
1.340183
1.358497
1.393849
1.366543
1.435539
1.427297
1.422064
1.363308
1.391429
1.372987
1.353079
1.396583
1.351512
1.413268
1.326906
1.37578
1.408679
1.369067
1.395152
1.422927
1.371651
1.39154
1.386147
1.36651
1.409227
1.386611
1.380533
1.330367
1.346393
1.385521
1.352876
1.397557
1.382471
1.398705
1.408022
1.438337
1.400144
1.418506
1.39309
1.342668
1.396157
1.363956
1.423458
1.40256
1.378201
1.37457
1.406233
1.431274
1.437989
1.387071
1.386249
1.394954
1.38676
1.374721
1.35209
1.369489
1.402656
1.34334
1.339523
1.383948
1.385437
1.390679
1.414251
1.407375
1.42272
1.395893
1.435945
1.427646
1.411841
1.367821
1.353671
1.379116
1.342069
1.385307
1.418032
1.372692
1.391134
1.424149
1.32856
1.390553
1.437314
1.416639
1.374203
1.407377
1.418979
1.369136
1.411585
1.357398
1.375122
1.410637
1.396137
1.358401
1.353313
1.369815
1.392717
1.377121
1.364012
1.365401
1.403592
1.404926
1.354048
1.405585
1.402373
1.358812
1.409935
1.378277
1.408552
1.394789
1.319756
1.412382
1.388398
1.389799
1.405257
1.394252
1.421796
1.380475
1.362895
1.343743
1.395742
1.398245
1.400804
1.403307
1.391068
1.380099
1.322643
1.341658
1.287876
1.362803
1.381507
1.387993
1.327662
1.368041
1.32084
1.369258
1.37493
1.390624
1.374035
1.366911
1.404629
1.418429
1.343843
1.366133
1.335651
1.374945
1.337762
1.378437
1.374372
1.401189
1.362247
1.38171
1.413024
1.361156
1.340778
1.396968
1.370611
1.352599
1.360223
1.373902
1.339686
1.37683
1.401613
1.347279
1.392023
1.396391
1.407484
1.413151
1.401597
1.370657
1.360931
1.356718
1.40085
1.399284
1.425084
1.400256
1.352681
1.369415
1.45651
1.382665
1.447396
1.367891
1.384547
1.400398
1.416977
1.3701
1.3742
1.350002
1.416921
1.398162
1.402739
1.411223
1.381056
1.340958
1.388408
1.369734
1.366143
1.399937
1.38253
1.389152
1.394494
1.373163
1.376146
1.393364
1.410921
1.402305
1.374125
1.373324
1.362598
1.375575
1.414741
1.372683
1.380184
1.384817
1.368097
1.392128
1.395495
1.366525
1.385672
1.373841
1.348712
1.345451
1.347867
1.365082
1.467446
1.438061
1.403343
1.401734
1.369837
1.372391
1.368522
1.36598
1.349962
1.406916
1.401295
1.3961
1.366533
1.37505
1.325924
1.379657
1.388277
1.359704
1.387281
1.451307
1.372768
1.342772
1.375234
1.400344
1.354011
1.405203
1.409715
1.369552
1.370157
1.380524
1.321251
1.361652
1.361793
1.37884
1.392749
1.404251
1.406465
1.429649
1.401063
1.362839
1.361761
1.353128
1.435044
1.449598
1.404715
1.391563
1.401607
1.353164
1.395944
1.434142
1.422623
1.413921
1.363099
1.371818
1.431994
1.317386
1.354147
1.402597
1.398845
1.428603
1.372305
1.411556
1.387602
1.461034
1.402635
1.343624
1.402747
1.419809
1.385694
1.404065
1.338781
1.3492
1.351776
1.409379
1.428622
1.397039
1.38663
1.429232
1.435376
1.43199
1.364361
1.328787
1.369108
1.415489
1.423919
1.389616
1.422821
1.403473
1.366081
1.369292
1.408149
1.420903
1.373492
1.409405
1.36533
1.411436
1.391098
1.420509
1.375984
1.356844
1.378656
1.381243
1.410215
1.37509
1.340575
1.386106
1.383052
1.399724
1.382916
1.412546
1.352558
1.414129
1.396671
1.36058
1.340135
1.371339
1.356622
1.366782
1.387964
1.393003
1.345574
1.348241
1.366402
1.338761
1.37441
1.428724
1.402664
1.391541
1.407825
1.373547
1.373437
1.393899
1.366559
1.390266
1.366972
1.345592
1.384861
1.381777
1.400164
1.362528
1.400063
1.396078
1.36673
1.352242
1.357518
1.377939
1.40961
1.38142
1.406047
1.424789
1.429876
1.369311
1.390126
1.329559
1.4116
1.304791
1.351916
1.399813
1.360899
1.370231
1.35608
1.458928
1.369029
1.356461
1.364469
1.334993
1.396795
1.355761
1.411213
1.31367
1.373557
1.387738
1.380714
1.428834
1.422327
1.423746
1.375352
1.390411
1.379778
1.408448
1.381257
1.385123
1.391326
1.378534
1.356454
1.421286
1.391344
1.38835
1.365692
1.385766
1.337732
1.323861
1.316682
1.381351
1.397201
1.378753
1.350543
1.368768
1.362512
1.348435
1.411443
1.35456
1.428438
1.37687
1.383098
1.347238
1.379575
1.375865
1.370397
1.348494
1.402777
1.384509
1.371672
1.406706
1.41459
1.384821
1.381664
1.403966
1.406101
1.341428
1.389375
1.382042
1.345489
1.397217
1.374323
1.372033
1.361533
1.431155
1.338381
1.322322
1.391771
1.348852
1.368601
1.405024
1.326057
1.39749
1.372608
1.382968
1.371562
1.368747
1.363047
1.391243
1.414029
1.409546
1.396611
1.385793
1.352225
1.376521
1.353997
1.358108
1.41522
1.351221
1.358961
1.30908
1.416909
1.413677
1.427413
1.415526
1.398739
1.369423
1.367769
1.327279
1.343208
1.374658
1.381191
1.39692
1.371712
1.378069
1.3957
1.363513
1.39135
1.422988
1.395706
1.367318
1.412538
1.368207
1.387467
1.352849
1.399968
1.403709
1.461037
1.404207
1.364541
1.433348
1.407225
1.387818
1.349339
1.373315
1.379058
1.355698
1.357425
1.347707
1.342228
1.36694
1.388247
1.352181
1.368915
1.39608
1.394536
1.372587
1.378351
1.42462
1.402153
1.425025
1.390721
1.409138
1.403976
1.353406
1.393046
1.337453
1.370217
1.399756
1.328441
1.328374
1.357313
1.336656
1.390836
1.417585
1.359081
1.367702
1.397962
1.425005
1.423629
1.430984
1.438751
1.389465
1.370553
1.36186
1.367481
1.358757
1.380164
1.406777
1.37123
1.382259
1.365364
1.369742
1.38593
1.369113
1.39198
1.376184
1.402791
1.370924
1.33083
1.388159
1.383666
1.371041
1.338539
1.404324
1.410012
1.411277
1.415929
1.417053
1.396811
1.427975
1.415432
1.400571
1.373405
1.376843
1.354013
1.366511
1.328171
1.328237
1.395192
1.369096
1.374745
1.343983
1.384754
1.360727
1.397452
1.394595
1.368791
1.333621
1.371449
1.407249
1.381995
1.434365
1.39781
1.39912
1.405827
1.378178
1.381161
1.400179
1.402148
1.368866
1.36592
1.399779
1.419799
1.37901
1.355279
1.367437
1.354303
1.376785
1.381086
1.360373
1.332262
1.352971
1.404188
1.422826
1.384819
1.419392
1.368598
1.356163
1.363392
1.362243
1.364122
1.426637
1.37869
1.384861
1.377271
1.356815
1.35597
1.355235
1.359671
1.353808
1.373441
1.343556
1.401968
1.389971
1.421833
1.357493
1.365777
1.379444
1.389032
1.365885
1.402795
1.338396
1.358961
1.378832
1.326866
1.350978
1.380131
1.403784
1.35426
1.382736
1.396543
1.383841
1.335868
1.334935
1.373356
1.362275
1.352578
1.408548
1.353845
1.344702
1.337256
1.371013
1.380414
1.356388
1.389585
1.383194
1.324267
1.407091
1.390676
1.398657
1.375179
1.380387
1.398626
1.389046
1.339244
1.353094
1.359374
1.349192
1.394422
1.375559
1.376617
1.368498
1.373691
1.361848
1.375475
1.439959
1.385174
1.405299
1.327537
1.367176
1.388732
1.348209
1.410556
1.425019
1.380568
1.389038
1.419876
1.366824
1.367712
1.361931
1.385014
1.371702
1.364615
1.401931
1.418114
1.383963
1.36395
1.42238
1.426276
1.347912
1.378661
1.347796
1.376677
1.386852
1.353215
1.384311
1.384576
1.389375
1.384197
1.375851
1.309506
1.352564
1.383532
1.411131
1.388026
1.368643
1.370141
1.421358
1.377906
1.369891
1.363085
1.390082
1.42312
1.386063
1.376415
1.393574
1.429973
1.38399
1.409998
1.366598
1.36457
1.391
1.374767
1.383073
1.399572
1.386247
1.352617
1.354722
1.428392
1.424023
1.377778
1.378585
1.392368
1.393787
1.334305
1.385805
1.407895
1.39281
1.369852
1.3787
1.387762
1.358559
1.410161
1.344192
1.342603
1.345762
1.439309
1.405984
1.364702
1.350223
1.401326
1.378849
1.302291
1.362403
1.427771
1.406487
1.388237
1.402341
1.382777
1.366612
1.356733
1.370851
1.421067
1.364847
1.378505
1.396341
1.372343
1.380202
1.413751
1.409413
1.371462
1.369446
1.440477
1.428211
1.359578
1.352394
1.356955
1.410954
1.364527
1.392741
1.35761
1.372588
1.334809
1.386956
1.397066
1.393031
1.382649
1.43273
1.386011
1.373003
1.430878
1.394536
1.40197
1.383197
1.324792
1.463368
1.375944
1.34328
1.390663
1.380184
1.432592
1.357078
1.405657
1.328394
1.343575
1.425285
1.347534
1.340852
1.386387
1.375098
1.331907
1.371424
1.41712
1.364024
1.419
1.405421
1.401584
1.425259
1.354821
1.376251
1.377224
1.362543
1.37481
1.41839
1.396406
1.375512
1.394136
1.371371
1.399887
1.389843
1.405365
1.359354
1.400403
1.40598
1.414474
1.390295
1.422885
1.360088
1.427966
1.355082
1.362403
1.364975
1.384346
1.442082
1.327233
1.374644
1.365462
1.348317
1.360347
1.394834
1.363953
1.409283
1.379556
1.391935
1.377871
1.36271
1.365528
1.368394
1.376579
1.385648
1.395565
1.389746
1.409746
1.371905
1.374515
