0.5939827
0.6199689
0.6285076
0.6601517
0.5549275
0.581182
0.5819444
0.6212955
0.6247356
0.5999842
0.5749591
0.6098083
0.6465813
0.6163422
0.596069
0.5951278
0.6372852
0.6067379
0.6423556
0.632576
0.635176
0.6201252
0.6240751
0.5909329
0.6083583
0.6213891
0.57246
0.623534
0.5824767
0.6139871
0.5994927
0.6269238
0.5897518
0.6015953
0.6279172
0.6074561
0.6314299
0.650659
0.6026742
0.6083688
0.615796
0.6299486
0.6175626
0.604301
0.6358607
0.5929884
0.6567061
0.6164241
0.618506
0.6246998
0.6121249
0.6008311
0.5958387
0.6055074
0.6174551
0.5576848
0.5997538
0.6207627
0.6594497
0.5787127
0.6284155
0.5897651
0.5946948
0.6226581
0.6112603
0.60649
0.6686021
0.579431
0.6157621
0.6029413
0.6571946
0.5992483
0.5935938
0.616384
0.613201
0.5789721
0.6021002
0.6415794
0.6094963
0.6062756
0.6100292
0.6221082
0.6014129
0.6182221
0.61148
0.6080829
0.6376728
0.5971273
0.6303308
0.6289507
0.5995604
0.6094941
0.5800105
0.6011704
0.6152759
0.6419704
0.6697718
0.6189798
0.6099134
0.6014348
0.6255662
0.6028232
0.5788736
0.617789
0.6024558
0.6177392
0.5945856
0.6000177
0.5791265
0.6026567
0.6586368
0.5877932
0.6410331
0.6105956
0.6140439
0.6225146
0.6214523
0.6184687
0.5954269
0.6405171
0.6041728
0.6198302
0.6038039
0.5811569
0.5939452
0.6263355
0.6131926
0.6023805
0.6153777
0.6096402
0.6083683
0.5722892
0.6192823
0.6190924
0.6335105
0.6382876
0.5977526
0.6154208
0.6256023
0.6613129
0.6567533
0.6005959
0.5896143
0.6349026
0.6507101
0.6233735
0.6159328
0.5982482
0.5791853
0.6461541
0.6459697
0.5936803
0.6001738
0.600422
0.6236952
0.6195159
0.6442525
0.5978593
0.6121679
0.6389451
0.6346517
0.6176808
0.5899597
0.5947403
0.608225
0.5991475
0.6453341
0.6205411
0.5686608
0.6205739
0.5988108
0.5937692
0.6370185
0.6244652
0.6131101
0.6030478
0.5827521
0.603322
0.5712427
0.6128035
0.6258802
0.6552003
0.6152112
0.5932195
0.6372063
0.6281373
0.6046793
0.6043244
0.6208974
0.6230297
0.626002
0.5954084
0.6204053
0.5829384
0.6144664
0.6130031
0.6172984
0.6045755
0.6157991
0.6085371
0.6266584
0.6081152
0.6165783
0.595455
0.5916041
0.5684091
0.575345
0.6070379
0.6204101
0.5970213
0.617856
0.5858473
0.6090302
0.6230547
0.5979293
0.5846389
0.5355847
0.5823558
0.6137184
0.6440856
0.6096465
0.6226759
0.6400783
0.5899999
0.6195181
0.6008952
0.5985988
0.603172
0.6177648
0.5884305
0.6163587
0.6019648
0.5810031
0.5944372
0.60237
0.5907795
0.6152731
0.6140409
0.59773
0.5945729
0.65181
0.5895116
0.5838342
0.6523788
0.6116777
0.5947207
0.5853148
0.617152
0.6060551
0.5975816
0.6092073
0.6263182
0.6189422
0.6106309
0.6511418
0.5948933
0.6072771
0.6632991
0.6222201
0.6022034
0.6225996
0.6114167
0.6237116
0.6063071
0.5936132
0.6345816
0.6168259
0.6173985
0.6434745
0.6238637
0.6237253
0.5746785
0.6305702
0.6083686
0.6023325
0.626017
0.6091729
0.6239486
0.6228167
0.6384573
0.5763723
0.6166098
0.5891679
0.5944305
0.6092917
0.615137
0.6226412
0.6032865
0.5927712
0.6389381
0.6481448
0.6138262
0.631935
0.5952336
0.648395
0.6037493
0.6218879
0.6141946
0.6421109
0.6326605
0.6289891
0.5857055
0.6122015
0.6080976
0.610613
0.608758
0.5887779
0.6151518
0.5950076
0.5949474
0.6000045
0.6207193
0.6170864
0.6482825
0.5947043
0.6290571
0.6045903
0.5933061
0.6138111
0.646177
0.6172059
0.6176806
0.6427164
0.6159592
0.6350438
0.6008214
0.62063
0.578432
0.6024486
0.5685331
0.6228771
0.5927795
0.6034888
0.6178759
0.62534
0.5690425
0.6000418
0.6186682
0.6401558
0.6016924
0.6203198
0.5823682
0.571787
0.6131575
0.5819316
0.5946471
0.6111885
0.589961
0.5883829
0.6133411
0.6366273
0.619433
0.6155797
0.5747395
0.5959829
0.5921513
0.6226298
0.6080082
0.5872579
0.6306959
0.5640837
0.6280632
0.5919117
0.6200715
0.6514247
0.6091495
0.5720918
0.5797757
0.6027173
0.5885421
0.6054762
0.6055128
0.6210578
0.6363552
0.6319148
0.589803
0.6194374
0.6316197
0.6019661
0.6083022
0.6151933
0.6147411
0.6448001
0.6186321
0.5998348
0.5842468
0.6515771
0.5932533
0.6650613
0.6086645
0.5920936
0.6260461
0.615676
0.6237413
0.5981131
0.6332103
0.6198436
0.5958846
0.6121279
0.5876089
0.6390783
0.6133779
0.6059701
0.6183359
0.6132256
0.6198109
0.6155246
0.617363
0.5995169
0.6316406
0.606865
0.6179673
0.608196
0.6484342
0.5814908
0.6390545
0.6505601
0.6314317
0.6267885
0.5925979
0.5769508
0.5835281
0.6236566
0.6044667
0.6507262
0.6490198
0.6121999
0.6426817
0.6185302
0.6143406
0.6363399
0.5862126
0.589
0.6125761
0.6062062
0.6065927
0.5884856
0.6525828
0.6062377
0.5922422
0.6487258
0.635963
0.6009416
0.5862377
0.5727376
0.583134
0.6231597
0.6505671
0.635582
0.5942047
0.6231473
0.5801349
0.5863782
0.6221147
0.5945957
0.6216309
0.6330988
0.5877268
0.6138861
0.6154297
0.6491606
0.6042221
0.6110681
0.6242652
0.6396504
0.6231502
0.5893948
0.5918088
0.6198027
0.5917946
0.6418259
0.6229091
0.5894877
0.6274154
0.6229283
0.626668
0.6299703
0.6156526
0.5697276
0.6528676
0.608304
0.6679785
0.6490573
0.6164176
0.6118349
0.5933371
0.6111567
0.6220548
0.6252958
0.5949395
0.6031627
0.61227
0.6077625
0.6174569
0.6218185
0.6028927
0.6190653
0.6043397
0.5919436
0.5687899
0.6232582
0.5834106
0.6509717
0.5872649
0.6017151
0.6423807
0.6001259
0.5868701
0.6202211
0.6244159
0.6723581
0.6332303
0.6212949
0.6393939
0.6222711
0.6337668
0.616261
0.6055499
0.5942226
0.5848748
0.6482219
0.6690885
0.6196388
0.5997341
0.624212
0.6180783
0.5914774
0.6208098
0.6477271
0.5970056
0.5747478
0.613599
0.5853551
0.571312
0.5939834
0.6119167
0.6534814
0.6139402
0.6240614
0.6338671
0.6206872
0.5892059
0.5871463
0.6372771
0.6279912
0.6108902
0.5875941
0.5973871
0.5899651
0.6036575
0.6052579
0.6049317
0.6057666
0.6395606
0.6068544
0.6218259
0.6029774
0.6430997
0.6580386
0.6256703
0.6560022
0.614094
0.6304345
0.5937049
0.6060724
0.6047289
0.6261362
0.6160687
0.6053883
0.6751484
0.6405748
0.5830623
0.6230444
0.645482
0.6125116
0.634659
0.587263
0.6402424
0.6383405
0.6328889
0.5562198
0.6127304
0.5725834
0.578099
0.6372459
0.6325114
0.615152
0.6183228
0.6215523
0.6149219
0.6079363
0.5896191
0.5686881
0.6053151
0.6351426
0.6354079
0.619413
0.6157323
0.5792063
0.6206992
0.605809
0.5979546
0.5852611
0.6042115
0.6375941
0.5837455
0.6155426
0.611523
0.587288
0.6128534
0.5857395
0.594993
0.5960225
0.6150468
0.6128996
0.6077765
0.5701248
0.617334
0.6074118
0.6428224
0.6026155
0.5998615
0.5757435
0.5962331
0.6569323
0.6204523
0.6160529
0.6351661
0.6516884
0.5771195
0.6134295
0.6059211
0.5991843
0.5895751
0.5884934
0.6229489
0.6230365
0.5808733
0.602745
0.6441031
0.627796
0.5885431
0.5972015
0.6027736
0.616932
0.6389621
0.5670194
0.6262071
0.6072628
0.6037228
0.5566337
0.6453848
0.6017844
0.6174171
0.6174338
0.5955162
0.6275708
0.6277242
0.6126244
0.6047418
0.6557242
0.6077383
0.6167977
0.6070647
0.6000486
0.6245604
0.6009078
0.6160631
0.5901666
0.5850171
0.6133129
0.6095845
0.6142583
0.6293368
0.6069996
0.593004
0.6138772
0.6027776
0.5852405
0.6140143
0.6385988
0.651355
0.5807483
0.5807359
0.6291164
0.626979
0.6731124
0.6189949
0.5859455
0.5573758
0.6082805
0.6330185
0.6249951
0.6308282
0.656072
0.61042
0.6065362
0.5983352
0.6471316
0.6492829
0.6457111
0.6026601
0.6094764
0.6349408
0.6430549
0.634252
0.5843454
0.6117143
0.6142078
0.6347488
0.5661414
0.6094131
0.6257629
0.6649689
0.6016024
0.5974571
0.6211386
0.6042782
0.6177882
0.6131251
0.6162917
0.6025577
0.6092253
0.6401236
0.5767124
0.5853687
0.6258264
0.6246515
0.6401428
0.6288453
0.5912585
0.6094435
0.6323321
0.6107835
0.5917904
0.5707005
0.6221253
0.5874894
0.5798238
0.5852235
0.6229965
0.6092067
0.6131274
0.6059444
0.6095216
0.5547058
0.6041588
0.5685357
0.6298304
0.5915851
0.6159968
0.5931767
0.632175
0.6380921
0.599146
0.5721353
0.6233353
0.6501342
0.6021586
0.6195693
0.5884789
0.5880478
0.6161128
0.6379978
0.6142756
0.6026822
0.6243471
0.6811862
0.6201853
0.5898583
0.637001
0.6003595
0.6119544
0.6489121
0.6820295
0.5838581
0.6203957
0.6173986
0.5880785
0.6207487
0.5778721
0.6329405
0.6537937
0.6232065
0.6327738
0.6205561
0.6375887
0.6206418
0.595766
0.6481901
0.6164075
0.6642159
0.6197297
0.6055869
0.6389203
0.6156025
0.6426928
0.5973965
0.5950619
0.6099829
0.6143598
0.5758116
0.6221467
0.6239652
0.6311555
0.5874617
0.6394124
0.5991646
0.6240662
0.5646185
0.6091117
0.5946551
0.6415407
0.605481
0.6014897
0.63361
0.6343369
0.6182231
0.5889735
0.5619992
0.6089842
0.6195109
0.6102115
0.6779781
0.6651146
0.6522276
0.6216357
0.6582645
0.5914944
0.6026926
0.6010403
0.5983903
0.6207997
0.6180506
0.578228
0.5760798
0.5964116
0.6266762
0.596957
0.5884718
0.5828098
0.6041564
0.6406377
0.6147479
0.6227591
0.6151436
0.6104003
0.6154783
0.6295339
0.6280308
0.5855268
0.6254493
0.6175909
0.5966448
0.6602267
0.5820347
0.6019343
0.581245
0.6135513
0.6169353
0.6497678
0.5854413
0.6037234
0.6536491
0.6034553
0.6195364
0.601912
0.6258186
0.5746688
0.6104414
0.5739552
0.6439676
0.6729404
0.5883483
0.6320883
0.6158725
0.6356152
0.6193832
0.5990051
0.5894877
0.5974747
0.5720987
0.5813435
0.599497
0.6096961
0.5886888
0.6151607
0.6221727
0.5797987
0.6161487
0.6415762
0.6108484
0.5941529
0.5994032
0.6058952
0.5907483
0.6227892
0.5721965
0.6002873
0.5793059
0.6095383
0.6175825
0.6207235
0.599508
0.6332553
0.5963649
0.6073985
0.630011
0.5862051
0.6025948
0.6222039
0.62845
0.5877671
0.5767115
0.6241117
0.5884713
0.6261838
0.6126076
0.6375119
0.5861044
0.6319952
0.5998692
0.5954603
0.5816124
0.6263277
0.603908
0.6221883
0.667875
0.6162145
0.5942769
0.5803399
0.6077446
0.5886137
0.6299106
0.6708683
0.5830458
0.5714274
0.5873318
0.5824176
0.5555972
0.6066228
0.5998324
0.580906
0.5919045
0.6001434
0.5997454
0.6359572
0.6064831
0.5941719
0.6291595
0.5721778
0.611373
0.6431532
0.6158703
0.5975724
0.6040303
0.5826351
0.5833712
0.6319682
0.5773861
0.6608152
0.6074726
0.6047841
0.6304724
0.6303265
0.6072165
0.6014207
0.6219137
0.6439992
0.5754834
0.6279816
0.5969843
0.5931827
0.5939432
0.6645532
0.567208
0.649697
0.6258744
0.6350373
0.6545931
0.5971196
0.5843189
0.6470463
0.6350336
0.5990733
0.6062636
0.6249106
0.587434
0.6177763
0.6254814
0.6499368
0.6667488
0.6413582
0.6271179
0.5781424
0.5910532
0.6399473
0.5960411
0.5941049
0.6207886
0.6135344
0.6324876
0.6697235
0.6091306
0.6633162
0.6376539
0.6295953
0.5655129
0.6148199
0.6086746
0.6344855
0.6349551
0.6275399
0.6173205
0.6417989
0.59826
0.5845949
0.6315827
0.6139736
0.6086511
0.6300331
0.6035885
0.6585163
0.6120027
0.637628
0.6163848
0.6537548
0.627087
0.6188976
0.6604989
0.6166049
0.6235759
0.6067274
0.6053205
0.5651359
0.67031
0.5920111
0.6170665
0.6240963
0.6019778
0.6271042
0.6300322
0.6558627
0.6323663
0.6440647
0.6343486
0.6409717
0.5972346
0.6054835
0.6169188
0.5760969
0.6155303
0.5630319
0.6170819
0.5885269
0.6005364
0.5957396
0.619844
0.5762897
0.5878735
0.602262
0.6512056
0.6423616
0.6054826
0.6296637
0.6144192
0.5766288
0.604959
0.5796651
0.6229793
0.6210138
0.6073953
0.6057742
0.6548787
0.6102537
0.5979158
0.5942797
0.5728837
0.6026301
0.6106924
0.6012288
0.6151836
0.634645
0.6377163
0.6636881
0.5914497
0.6006192
0.6138519
0.5834012
0.612687
0.5984496
0.6070264
0.5794664
0.6138375
0.6056449
0.6361252
0.5990574
0.620046
0.6143325
0.6107216
0.5883089
0.5830466
0.5888736
0.6277287
0.6124992
0.5610703
0.6187539
0.6661472
0.6127851
0.6565624
0.6284715
0.6243133
0.6207957
0.6052325
0.5799856
0.6026196
0.5953992
0.6139214
0.6572097
0.6401848
0.6303843
0.614869
0.6277471
0.6211679
0.5638621
0.5856904
0.62253
0.5895843
0.6064247
0.6446126
0.6105902
0.5935325
0.6047707
0.573364
0.6238522
0.6593483
0.6469963
0.6052212
0.6588652
0.6821227
0.6167628
0.5861112
0.6110375
0.6194081
0.6104152
0.6206528
0.5823934
0.5954901
0.5722051
0.5789987
0.5867507
0.6001445
0.5875888
0.5908428
0.6074638
0.5912681
0.6096095
0.5942796
0.6105852
0.5999569
0.6088869
0.579267
0.6490633
0.6232346
0.609051
0.6160248
0.6143699
0.6501968
0.6037068
0.6797674
0.5916203
0.6141386
0.6022188
0.5786071
0.6174516
0.5972371
0.6489243
0.5821339
0.6527918
0.6190487
0.6210334
0.641508
0.6137952
0.6227587
0.5948965
0.6406213
0.6378294
0.6098361
0.6010605
0.60453
0.6086838
0.610302
0.6100437
0.5929554
0.5957754
0.6013744
0.6050625
0.6585285
0.6134897
0.6252483
0.637564
0.6074692
0.5903786
0.6209266
0.5988872
0.6424361
0.6172053
0.6076642
0.6261217
0.6076402
0.6350719
0.613975
0.6120932
0.6045839
0.6050216
0.6440367
0.5953456
0.594723
0.6188914
0.6053073
0.636819
0.6238778
0.6188498
0.590529
0.5877347
0.6292039
0.6729532
0.643635
0.6059427
0.5922517
0.6017514
0.5813504
0.5839801
0.612892
0.5930064
0.6132378
0.5960547
0.5982695
0.6062178
0.616727
0.5826145
0.6230043
0.620879
0.6346317
0.661633
0.6335349
0.6395493
0.6076888
0.6096136
0.6570426
0.6576063
0.5733317
0.6180263
0.6248035
0.6169453
0.6210847
0.6466856
0.6029801
0.6664218
0.586566
0.5689829
0.6151323
0.589576
0.6415932
0.6180713
0.5940303
0.6207293
0.6013192
0.6480113
0.6449218
0.5946524
0.6812626
0.6374719
0.5890405
0.6251779
0.5667633
0.6754115
0.6151002
0.6331433
0.6074967
0.6095195
0.6199809
0.6160514
0.6048156
0.6654216
0.60551
0.6411401
0.6228447
0.571934
0.6361371
0.6006481
0.5622867
0.6009716
0.6305035
0.6201769
0.6454522
0.6436354
0.6566454
0.5788761
0.58956
0.6655133
0.6055899
0.6208515
0.6201539
0.621588
0.6757264
0.6039283
0.5781884
0.5777412
0.5862597
0.6193064
0.6568897
0.629072
0.6321075
0.6138587
0.6045451
0.5770153
0.5778078
0.6475714
0.5966489
0.6174756
0.5985211
0.6344086
0.6439619
0.5849715
0.5664501
0.6080606
0.6660498
0.6112036
0.6310121
0.6223692
0.6224799
0.6203098
0.6592262
0.5453098
0.6108224
0.5983562
0.6080679
0.5998099
0.6432011
0.6092066
0.6069221
0.6191598
0.6230433
0.6344666
0.6560165
0.5995426
0.6561608
0.6346116
0.6050845
0.6278561
0.5974063
0.6259658
0.5892415
0.6014313
0.6201693
0.6062574
0.6235316
0.6214384
0.6450426
0.6189328
0.6073763
0.5812924
0.6738855
0.6421232
0.666187
0.5738117
0.6193236
0.5768841
0.6005082
0.5870908
0.6310984
0.5866661
0.5803207
0.6135217
0.6454541
0.6236549
0.6385035
0.6045499
0.6029444
0.6330131
0.6143161
0.6091246
0.6476257
0.6166241
0.5615374
0.6134047
0.5860026
0.5865688
0.6088054
0.5721273
0.6059168
0.6226848
0.5997848
0.632864
0.6177143
0.6044113
0.586357
0.5995313
0.6113609
0.5783909
0.5772399
0.6024841
0.626025
0.6051614
0.6363917
0.6026508
0.649754
0.5883207
0.6238734
0.6214283
0.583724
0.6022499
0.5938353
0.6100195
0.6169796
0.649866
0.579943
0.612568
0.6306686
0.6333825
0.6465906
0.5778335
0.6126521
0.6090305
0.6110924
0.5868441
0.6006545
0.5944376
0.5862513
0.6339868
0.6271396
0.5873687
0.602919
0.6175455
0.6066778
0.6260715
0.5675043
0.6092229
0.5987551
0.6203841
0.6152632
0.5647452
0.6223956
0.5899245
0.6269364
0.6065125
0.6118732
0.6117063
0.5914821
0.5830971
0.6340044
0.6016715
0.5746212
0.604408
0.6279887
0.5860497
0.6157724
0.6155586
0.6057861
0.5862989
0.6130467
0.6114272
0.625284
0.5974933
0.6019596
0.608586
0.5981101
0.5712343
0.5926257
0.6123321
0.6556209
0.6242981
0.626969
0.6063144
0.6153811
0.580451
0.6227549
0.6125814
0.6476029
0.6159727
0.6345931
0.6382148
0.6173856
0.612778
0.617889
0.637595
0.5886941
0.6020153
0.6485624
0.6372221
0.6478491
0.6249139
0.6113412
0.6429556
0.5999836
0.59327
0.5879899
0.5987935
0.6181256
0.5863013
0.6306108
0.5839507
0.5963673
0.6190496
0.5823002
0.6477706
0.6079273
0.60562
0.6240963
0.5837383
0.6071782
0.6244718
0.6351953
0.6208907
0.6103031
0.6064266
0.6348699
0.5592239
0.5877968
0.6141967
0.5948621
0.6346913
0.6263724
0.6008922
0.6095237
0.6057715
0.6179755
0.5956694
0.59751
0.6289991
0.6046696
0.684105
0.6337699
0.6132863
0.6022353
0.6052973
0.5969432
0.5810821
0.6316181
0.6190469
0.5946309
0.6194961
0.6582663
0.5942989
0.6477557
0.6307445
0.6242854
0.6231046
0.6085565
0.5550033
0.589497
0.6148946
0.6622621
0.6844999
0.6102513
0.6185414
0.6482393
0.6392532
0.6823199
0.5627655
0.6089522
0.6547905
0.6121797
0.6122072
0.6259419
0.5780377
0.6090276
0.6007473
0.656945
0.6181599
0.6045924
0.5677375
0.5813582
0.6165036
0.5946867
0.690373
0.6079184
0.6341633
0.6065831
0.5682173
0.5822159
0.6483888
0.6020667
0.592367
0.6014478
0.6533697
0.6086712
0.6341093
0.566128
0.6351165
0.6184189
0.6435959
0.5940988
0.6252726
0.5969671
0.5876401
0.6384599
0.5705036
0.5965479
0.599655
0.6417857
0.6198908
0.6235602
0.6144207
0.6144541
0.6060661
0.5892146
0.590015
0.5821826
0.570185
0.6134125
0.5757018
0.6374982
0.6135474
0.6039528
0.6611795
0.633275
0.622447
0.6222268
0.5803442
0.5979086
0.6573025
0.6377505
0.5924986
0.6011219
0.6039746
0.6057926
0.6705133
0.6098351
0.5956905
0.6505739
0.6607291
0.6549975
0.6702988
0.6061023
0.5831806
0.5858888
0.6233328
0.601648
0.6184756
0.615044
0.5810495
0.6638738
0.5929095
0.6636315
0.6249202
0.6114097
0.5875073
0.6806241
0.6324663
0.6233362
0.6501079
0.6253495
0.623155
0.6092918
0.6195343
0.576844
0.6356206
0.6332406
0.5689731
0.5910743
0.6121331
0.6168185
0.6315579
0.5919592
0.5688013
0.6266212
0.6089801
0.6459128
0.6217066
0.6028846
0.5963261
0.611904
0.575683
0.6313009
0.5854238
0.6369601
0.6044408
0.6463801
0.6236786
0.6190134
0.6251968
0.6464361
0.6111197
0.6531415
0.5820343
0.6264237
0.6129263
0.6025324
0.6334036
0.6152979
0.6862613
0.6208866
0.6376303
0.5861469
0.6085173
0.6373186
0.6570641
0.6552914
0.6384381
0.6348788
0.6385667
0.5891936
0.6081708
0.5947726
0.6349842
0.6235638
0.6162514
0.6165879
0.606126
0.6089604
0.6061142
0.6450407
0.5988123
0.5562437
0.597322
0.5941649
0.6210286
0.6202516
0.6035001
0.6483995
0.6308773
0.6097069
0.6230928
0.6238134
0.6379444
0.5770235
0.6544953
0.6243103
0.6480986
0.5716505
0.6019482
0.6043796
0.610188
0.6010767
0.5949161
0.633133
0.628586
0.5955227
0.5765915
0.5749819
0.6033686
0.6337406
0.6117438
0.5953846
0.6055208
0.6261781
0.607006
0.6247578
0.6078612
0.6275954
0.6495644
0.6437405
0.6006961
0.6326531
0.6248223
0.6460499
0.6070788
0.5986116
0.6234866
0.5931589
0.6530703
0.6168172
0.5687724
0.6062269
0.5934324
0.6070486
0.609845
0.6430394
0.6122544
0.6160803
0.6069012
0.6555767
0.6111046
0.6234097
0.6238031
0.6025439
0.577337
0.5848725
0.5683207
0.6145579
0.5980411
0.6462701
0.6061956
0.6320993
0.624436
0.6385712
0.5854512
0.6272365
0.6057452
0.5848623
0.6000081
0.6328007
0.6193037
0.639215
0.5912967
0.5577842
0.6568781
0.6354039
0.5967529
0.6322323
0.6338262
0.6094461
0.608307
0.6443441
0.6131632
0.6182206
0.6265079
0.6054796
0.6189997
0.6145197
0.6295398
0.5633911
0.5846264
0.6453586
0.634285
0.5960567
0.6356486
0.6021236
0.6497987
0.5902913
0.6600279
0.6450222
0.6076909
0.5535493
0.6291454
0.584775
0.6102409
0.6388342
0.5726997
0.5961671
0.6144707
0.6859329
0.5809033
0.6269151
0.6397973
0.5400755
0.6363425
0.5821409
0.5778354
0.6092801
0.5841791
0.6162389
0.6423337
0.6215874
0.6131411
0.5878318
0.6319066
0.6048713
0.628076
0.6387157
0.5776591
0.6255018
0.6095245
0.6126469
0.6204988
0.6032949
0.6003044
0.6256011
0.6289949
0.5565695
0.6023024
0.623272
0.6149477
0.6140663
0.5597849
0.6164814
0.5979608
0.6287104
0.6517436
0.6053654
0.6319423
0.6062334
0.6237361
0.5676975
0.5704377
0.597755
0.6387546
0.6683307
0.5726888
0.6343514
0.5975063
0.5877825
0.6045082
0.6207598
0.6026715
0.6092818
0.589256
0.5983394
0.595665
0.6417381
0.5785217
0.5750749
0.6523711
0.6088692
0.6054998
0.6177301
0.6001763
0.6119337
0.6341187
0.6511474
0.6282997
0.5893624
0.5941232
0.5966303
0.5814418
0.6319015
0.6438857
0.5962163
0.6260309
0.638211
0.625209
0.6144969
0.6396574
0.5832446
0.6269974
0.7046919
0.5762813
0.6396497
0.6262859
0.604823
0.6123537
0.5820943
0.624409
0.6149214
0.5826168
0.5948444
0.5893328
0.5940997
0.6004262
0.6004651
0.6206502
0.6193965
0.5900757
0.6204271
0.629289
0.5871497
0.6183488
0.6344833
0.5933175
0.636848
0.6234205
0.6471538
0.6082405
0.5946988
0.6159601
0.5958632
0.5839764
0.6351196
0.5924918
0.5928771
0.6508831
0.623681
0.587478
0.6361595
0.6182648
0.5963905
0.6163584
0.5990882
0.6619148
0.6408157
0.6257278
0.5931222
0.5913607
0.6117177
0.6539726
0.6063484
0.6269991
0.6228438
0.6254534
0.5967448
0.5717226
0.62885
0.6088903
0.5845149
0.5714945
0.6185237
0.575474
0.6147898
0.6145593
0.6028595
0.6509267
0.6218297
0.6026047
0.6032461
0.5854901
0.6876278
0.6331134
0.5830274
0.6463616
0.5572107
0.6363879
0.63131
0.6073517
0.5901516
0.6197724
0.6186701
0.5992517
0.6185909
0.6354147
0.5932378
0.5492069
0.5890193
0.6291197
0.5823884
0.5917752
0.6517105
0.5945843
0.6316862
0.6190885
0.6109966
0.6800903
0.6164828
0.5997039
0.6079704
0.6399389
0.6008125
0.612497
0.667052
0.6007581
0.5767797
0.6129567
0.6249694
0.6284364
0.6345935
0.6233865
0.6230573
0.6196483
0.5886103
0.5823111
0.6071436
0.5967825
0.587472
0.6350982
0.6537317
0.6250626
0.6272232
0.6263179
0.5738644
0.598107
0.5997413
0.631956
0.580577
0.5930308
0.6164734
0.6003457
0.6413028
0.6028557
0.6360819
0.5739157
0.5902674
0.5866829
0.60813
0.6312109
0.6316407
0.6111002
0.5694755
0.6196339
0.6019233
0.6010431
0.5972803
0.5985062
0.6276673
0.6342988
0.5989936
0.6112192
0.6183156
0.6406918
0.610424
0.6275589
0.5798109
0.6033019
0.6292254
0.6197983
0.6321603
0.6073653
0.5847135
0.596545
0.5861159
0.6315919
0.5697417
0.6123637
0.5768931
0.6242923
0.6210601
0.5793911
0.5943936
0.6765671
0.6426218
0.6232903
0.6533689
0.6429097
0.6318809
0.6464693
0.6545658
0.5799639
0.583055
0.6119735
0.5824521
0.63113
0.6143508
0.6077066
0.6045875
0.6048257
0.5850656
0.5931434
0.6175739
0.5946847
0.6128082
0.6131421
0.5614076
0.6233156
0.6399682
0.640068
0.6199023
0.617496
0.6034817
0.6323985
0.6104392
0.6089507
0.5961038
0.6310139
0.6018533
0.6078998
0.6222416
0.6332199
0.6334553
0.6162835
0.5554701
0.6123867
0.5760464
0.5433504
0.5867464
0.6402568
0.5959998
0.603868
0.5698527
0.6071293
0.6109363
0.6145167
0.6269662
0.6577345
0.6696778
0.5478122
0.6152625
0.6105361
0.6119933
0.6029596
0.6188784
0.6341769
0.6268651
0.6231601
0.58914
0.6013428
0.6596097
0.6123941
0.6434166
0.6592366
0.649044
0.6181763
0.6197373
0.6127456
0.6001883
0.6167503
0.6401639
0.5990208
0.5895652
0.5971923
0.6082646
0.6065425
0.6037431
0.6265347
0.5969784
0.5989639
0.5680196
0.5959932
0.6529713
0.5954993
0.586567
0.6143748
0.6368489
0.603536
0.5799244
0.6010658
0.5753011
0.5787654
0.6500766
0.6145503
0.6081137
0.582413
0.6369483
0.625186
0.6187894
0.6457459
0.6373378
0.6337722
0.5825508
0.619378
0.6159126
0.6204493
0.6384717
0.6274548
0.6257891
0.6397484
0.5990048
0.6602541
0.56671
0.5815641
0.5923709
0.5898976
0.6305048
0.6349924
0.5889908
0.6113544
0.6581924
0.6322945
0.5818507
0.6269103
0.5819649
0.6469846
0.6153926
0.5912288
0.6494632
0.6522644
0.6033997
0.6062665
0.5853708
0.6463851
0.6356012
0.6111682
0.6114082
0.5885759
0.6190151
0.6098145
0.6129238
0.5964669
0.6052002
0.5813102
0.5769922
0.6250611
0.6223389
0.6339941
0.6469369
0.6307387
0.6122109
0.5969433
0.6558233
0.6223874
0.6054205
0.5826087
0.6106705
0.5888639
0.6562065
0.6098636
0.6339697
0.6285925
0.6428711
0.6952465
0.6306066
0.5932599
0.6471792
0.5637167
0.6443074
0.6084885
0.6275281
0.6044286
0.5972645
0.6160945
0.6042444
0.6621836
0.6408552
0.6241776
0.6151497
0.6428139
0.6111214
0.5853598
0.633115
0.5900288
0.6023327
0.6085748
0.5874333
0.6073881
0.6745483
0.6115773
0.5759213
0.5734709
0.5780447
0.6017286
0.6083416
0.6387963
0.6787371
0.6194006
0.6337356
0.5918433
0.628791
0.6596115
0.5851597
0.6252768
0.6289591
0.5854614
0.5782107
0.6348587
0.6028783
0.6047187
0.6336443
0.5828423
0.6231915
0.598601
0.6236302
0.5733292
0.5802162
0.5968443
0.6273175
0.6443351
0.5904737
0.6362314
0.5890304
0.6020926
0.6215864
0.6113289
0.6289826
0.6112855
0.5884365
0.5835033
0.6153693
0.6369484
0.6047629
0.6118411
0.6556895
0.6115326
0.6169739
0.6049157
0.6367792
0.6399659
0.5857862
0.6785401
0.6083206
0.6263937
0.6241495
0.6120534
0.561013
0.595615
0.580552
0.6060315
0.594688
0.5909571
0.6149862
0.6137856
0.5777629
0.6055581
0.626026
0.6139878
0.6243101
0.5958556
0.634477
0.5950713
0.6388692
0.6024345
0.5942607
0.6495044
0.6258065
0.6193716
0.6119032
0.5774927
0.645714
0.5796326
0.6373787
0.60368
0.5912572
0.5840883
0.6150782
0.5913909
0.5919258
0.6116796
0.6411595
0.6186253
0.6572523
0.6003578
0.5943675
0.6369348
0.6108346
0.6212151
0.5973448
0.6878662
0.6328159
0.6035689
0.6328835
0.6247472
0.5859737
0.6685157
0.6223875
0.6223978
0.596085
0.5916728
0.6052259
0.6037682
0.6183167
0.5969614
0.6204719
