factor(sex)1
0.03522005
0.01551305
0.06790307
-0.01479413
-0.01627266
0.03411821
0.04417141
0.03936621
0.04534843
-0.01451058
0.02822741
0.03014273
0.08893463
-0.005155195
0.03167913
0.0457293
0.07534868
0.05685663
0.03004112
0.01438474
0.07602617
0.04483165
-0.01633745
0.1039572
0.006612507
0.007005889
0.02362308
0.05667832
0.03510898
0.01167537
0.02856501
0.1420318
0.05392906
0.06708493
0.05327409
-0.01225644
0.04692526
0.008630895
0.07465618
0.04308647
0.1043824
0.01028802
0.03498022
0.04331811
0.01705942
0.04531872
0.07267448
-0.01337831
0.09329936
0.07767299
0.05040435
0.04231334
0.1112567
-0.08640737
0.01522855
0.08753919
0.08456595
0.008256284
0.07388784
0.01654104
0.06403661
0.07631982
0.07360568
0.08447014
0.04747954
0.06154375
0.04201677
0.0450626
0.006930053
0.06621798
0.1055683
0.03944236
0.07901949
0.06370089
0.04545901
0.02282113
0.1020122
0.1310468
0.09406134
0.07091332
0.01035009
0.06949544
0.06050482
0.06695844
0.03443315
0.03653608
0.03150469
0.06405755
0.01433164
-0.03888042
-0.001028393
0.006843812
0.05297041
0.03417652
-0.02734505
0.02624082
0.07722468
0.03973681
0.125878
0.04411146
0.09528117
0.03438388
0.01673412
0.05044004
-0.007437428
0.0759475
0.05686993
0.02432918
0.03207568
0.06883967
0.02435938
0.04362971
0.04021928
0.09720958
0.09822077
0.1127008
-0.0184849
0.02254033
0.1223386
0.07398257
-0.01820833
-0.02143489
0.05035769
0.04941309
0.02162996
0.02191169
0.03167835
0.08921604
0.09201071
0.07210633
0.05685989
0.1219029
0.04423602
0.06545734
0.1043901
0.08176832
0.002895518
0.04188255
0.03819521
0.005091676
0.08241875
-0.02107614
0.03596782
0.1020182
0.02929936
0.007705109
0.05710281
0.06225202
0.004452847
0.08178398
0.1031981
0.04207791
-0.02427571
-0.01320585
0.02858349
0.0005997614
0.02023611
0.0327241
0.07424517
0.1337024
0.08358055
0.03337114
0.06315415
0.01354731
0.06539427
0.06619802
0.003793681
0.00989518
-0.01181435
0.1608222
0.06104432
0.1021226
0.04168954
0.01398762
-0.03613988
0.03643338
0.02220859
-0.01760962
0.01109845
0.004626812
0.03025834
0.1055229
0.06754493
0.097071
0.04996262
0.008288192
0.08172906
0.03739467
0.04869177
0.009503248
0.03450502
0.06903132
0.01462679
0.05694742
0.06618068
0.07183433
0.1227836
-0.009134812
-0.006435549
0.04802437
-0.02852007
0.02883163
0.05356179
0.03408654
0.08459752
0.02173781
0.009156405
0.02527944
-0.0007248805
-0.02029614
0.07442212
-0.04510733
0.08016996
0.09224045
0.05279957
0.01789329
0.0494782
0.05774728
0.06073171
0.02526296
0.09059231
0.07783593
0.126818
0.02039922
0.003407353
0.1034338
0.0186605
0.05061909
0.06634809
0.08490167
0.02060894
0.02343942
0.05913906
0.007398564
0.07380352
0.01276471
0.04500386
0.06737979
-0.05125268
-0.02050603
0.04329224
0.09786561
0.005205085
0.07072381
0.09653777
0.08111315
0.08245474
0.04625349
0.1280908
0.1066031
0.004367948
0.08723139
0.02705764
0.005423551
0.0001426858
0.06547737
-0.005832455
0.0923989
0.06581952
0.1038065
0.04917273
-0.02729326
-0.01214868
0.06414937
0.00577116
0.04121115
0.05431268
0.03506726
0.001286974
0.04182663
-0.01360703
0.04686644
-0.01521259
0.02070696
0.07754107
0.09489974
0.08455261
0.08248477
-0.02395947
0.05040709
0.004644487
0.06551851
-0.05373914
0.0296561
-0.03191343
0.06358429
0.01946204
0.01345098
0.09361197
0.0423899
0.06016414
0.04095478
0.06528991
0.06299493
-0.0437078
0.02277028
0.05714059
0.09446208
0.06004948
0.04318639
0.1025036
0.001637136
0.02897106
0.05963973
-0.002883025
0.07541821
0.07304227
0.03273558
0.0624558
0.03248271
0.03107235
0.04115853
0.08223371
0.06463353
0.001660755
0.09548633
-0.001156601
0.0746197
0.06162871
0.04450179
0.06926413
0.007847442
-0.01324275
0.03214066
0.09825459
0.1104263
0.001528759
0.01401277
0.0006317309
0.01429496
0.01025119
0.02017647
0.1137558
-0.01924954
0.01323393
-0.006763061
0.08194078
0.08783823
-0.00249244
0.05294602
0.1027897
0.1128252
-0.004346545
-0.01459112
0.1062642
0.04571562
0.05298942
-0.01684582
0.02644159
0.1094565
-0.01340982
0.01333745
-0.01309715
0.07536695
0.06779813
0.07657765
0.07088436
-0.02474561
0.07669447
0.06879621
0.03781001
0.08861918
0.06899063
0.07613271
0.0191725
-0.01780089
0.04052038
0.09027233
0.05221485
0.004303184
-0.03260234
0.04530619
0.04143566
0.01154943
0.105126
0.09073197
0.08206657
0.0940936
0.06593836
0.190422
0.02870615
0.05179457
0.006507489
-0.0002539306
0.009987426
0.05660557
0.08178229
0.07586632
0.02876203
-0.04577051
0.1198995
0.1173057
0.1050483
0.09622074
0.1106306
0.06927608
-0.01147698
0.07547128
0.103571
0.03895757
0.001006003
0.009112532
0.05217306
0.07873252
0.0657568
0.1000759
-0.01594338
0.09682727
0.08951116
0.04437301
0.01241261
0.1162492
0.106493
0.01761209
0.1209239
0.02923552
0.1108866
0.04707242
0.01997861
0.01399608
3.185589e-05
-0.03702557
0.0808983
0.09476254
0.06551624
0.05048413
0.04044407
0.07564528
0.02558318
0.03042938
0.08478754
-0.002709297
0.03371818
0.07368046
0.02783621
-0.003444987
0.02697839
0.07354604
0.08739923
0.1261725
0.03088151
0.02526694
0.06617338
0.009982666
0.04970648
0.004753908
0.07852467
0.04869822
-0.01743531
-0.01967114
0.03126707
0.04058024
0.1200791
0.135216
0.09421164
0.09284363
-0.04252403
0.05918376
0.06509805
0.05195375
0.05444808
0.1036305
0.06574849
-0.00655269
0.04384043
0.03400917
0.03641815
0.05729428
0.02464657
0.03403513
0.08043683
-0.02254061
0.04480111
-0.03821828
0.04862767
0.0549736
0.01089217
-0.02535968
0.03161031
0.06916523
0.07336734
0.0222714
0.08064196
0.02359387
0.07629182
0.07839749
0.09588139
0.1055684
0.01993233
0.09522928
0.0674495
0.07563881
0.04042168
0.08087343
0.04712794
0.04115658
0.104814
0.01061142
0.1097625
0.057575
0.0622341
0.06198139
0.0659636
0.04965279
0.05088006
-0.006274937
0.02833219
0.03100742
0.1030434
0.04965249
0.07728354
0.06452357
0.1382086
0.06814864
0.06629759
0.04730033
0.1568139
0.1074276
0.04392547
0.009136617
0.05198608
0.1439785
0.08072767
0.05653309
0.07286356
-0.00152041
0.06127467
0.05035247
-0.0196553
-0.07844501
-0.0292816
0.02875363
0.07010719
0.08080407
0.04009424
0.068667
-0.0063735
0.0696999
0.08943778
0.08142506
-0.008057149
-0.0275114
0.06037946
0.05799127
0.06901586
0.1464888
0.08857749
0.06576926
0.001804454
0.03141327
0.09342402
0.07243775
0.1065635
0.05643756
0.03608124
0.04920841
0.1159853
0.03633212
0.09873511
-0.03632087
0.08622392
0.05726422
-0.01084873
0.01720003
0.02539067
0.0436946
0.06456287
0.03726579
0.03410592
0.05379109
0.05533842
0.1140256
0.01188218
0.0727524
0.05240069
0.001321857
0.1046042
0.08558043
0.09461674
0.05012363
0.05013695
0.08699425
0.05510788
0.1260408
0.03952478
0.08567072
2.776003e-05
0.06028957
0.05292471
0.02115981
0.1012962
0.114517
0.1055772
0.08081927
-0.0057726
-0.005087713
0.002152407
0.009125745
0.004513054
0.08269075
0.04738445
0.04468885
0.04379403
-0.02243228
0.04751025
0.07682415
0.0303237
0.01648295
0.05032286
0.05598153
0.04073336
0.08238202
0.01200361
0.01909182
0.06953043
-0.0002398293
0.04264048
0.0635581
0.04683032
0.05887917
0.03452938
-0.001714404
0.07108481
0.04966581
0.1260614
0.03330149
0.0606105
0.0853585
0.02798191
0.09431071
0.044428
-0.003032404
0.03982859
0.007136928
0.06009257
0.06366728
0.1336348
0.03053976
0.07146985
0.1367132
0.05038523
0.04177396
0.03145888
0.1228843
0.06087197
0.0738301
0.05468393
0.13005
0.08051194
0.05180712
0.0799369
0.04804327
0.08970224
0.04379841
0.06985503
0.06335002
0.02207433
-0.01256444
0.1047798
0.05290346
-0.03962557
0.008825796
0.06677342
0.02688489
0.09994714
0.0697237
0.04787935
0.08042613
0.05385646
0.05345497
0.04394702
0.09493967
0.1018377
0.08242446
0.01086793
0.1449517
0.08673472
0.0791656
0.07511407
0.05686525
0.08607132
0.06510335
0.04617788
-0.03551697
-0.006338654
0.06055723
0.06071433
0.02948459
0.09127699
0.0003893651
-0.03400327
0.0538988
-0.01447853
-0.01672544
0.08273954
0.1081767
0.08235431
0.1374188
0.03046441
0.01084739
-0.01268953
0.007318423
0.07026981
0.0840359
0.04414045
0.04766299
0.08575688
0.04986314
0.08048831
0.06467121
0.08324507
0.00682057
-0.01755003
0.05424758
0.1201831
0.08578326
0.1169693
-0.05719561
0.03853644
0.07365497
0.09986509
-0.0530631
0.013031
0.06802577
0.03379038
0.01955474
0.08283259
0.08856871
0.0321251
-0.06355708
0.03968662
0.01962319
-0.01145161
0.01691963
0.1131498
0.01317918
0.06315992
0.0281753
0.05837558
0.02157818
0.08749225
0.03020408
0.07849306
0.02489324
0.1038632
0.05032132
0.09336292
0.07942759
-0.02605655
0.07211357
0.006477965
0.08123011
0.125782
0.1194373
0.08681131
0.08194931
0.03270066
0.04732823
0.09493199
-0.0861202
-0.005031704
-0.01589671
0.09162631
0.01829673
0.03319285
-0.00314397
0.1423295
0.1386994
0.1131709
0.04573652
-0.003963484
-0.01080104
0.08644473
0.02185401
0.01978083
0.01022999
0.06421014
0.002991034
0.02968051
0.0543418
0.001724755
0.05610345
0.08198305
0.06788519
0.02947515
0.03262641
0.07451341
0.02656896
0.04842719
-0.02384789
0.01984529
0.03002907
0.03300831
0.1030499
0.05781486
0.05560491
0.02103968
0.004757076
-0.04427664
0.01134476
0.02567755
-0.009558078
0.05680824
0.1345225
0.0577709
0.1119575
-0.03172388
0.1085826
0.01966871
0.03792659
0.02615431
0.08259567
0.07491765
0.03706848
0.04536445
0.07502582
0.1654802
0.004091614
0.06079074
0.09460717
0.007273482
-0.05627448
0.01311586
0.0273953
0.02516539
0.01979445
0.09832873
0.02211156
0.05138123
0.004334556
0.0462753
0.03367139
0.1212236
0.01000152
0.03172411
0.1163798
0.06818962
0.06630577
0.01558042
0.04300426
0.06805878
0.1300785
0.1186927
0.09088558
0.01088005
-0.02131196
0.06451257
0.1510528
0.07727824
0.06468027
0.03978852
0.02446339
0.05717283
0.03966745
0.04722338
0.0334103
0.07401323
0.08487191
0.09606236
0.08219778
0.05086563
0.01954515
0.04958694
0.1295705
0.09197716
0.04180383
0.04593675
0.008889416
0.03254909
-0.0004117333
0.01155042
0.1045615
-0.0355239
0.07729492
0.05214392
0.06040414
0.06695668
0.07895681
0.08389286
0.02955701
-0.02201868
-0.007335054
-0.04037975
-0.009142966
0.111061
0.01864082
-0.007185887
0.09132246
0.01262107
0.0525222
0.08176035
0.048116
0.0309531
-0.03980804
0.1096579
0.06546199
0.03718262
-0.05086511
0.007308376
-0.02542634
-0.0174723
0.07908588
-0.003696097
0.005155218
0.07911712
-0.007307039
0.05193432
0.04103143
0.04559328
0.0732885
0.05742762
0.02073237
0.01262875
0.03899932
0.05912707
0.009992359
0.04238984
0.01647325
0.04573837
0.08160187
-0.03252326
0.01292871
0.05974655
0.02980199
0.07505441
0.04281667
0.04007588
0.01385431
0.008219531
0.1187769
0.02329253
0.06186028
0.01958109
0.1522792
0.04696941
-0.0119827
0.02305311
0.04221093
0.06120858
0.0692752
-0.003820842
0.0809627
0.02609103
0.0277191
0.1171843
0.08170306
0.004149634
0.07732878
0.03833807
0.01932059
-0.0153114
-0.02891315
0.06884504
0.04302643
0.1104231
0.05951979
0.03547587
-0.004865431
0.08035975
0.1365904
0.03365571
0.06546114
0.04951141
0.05134661
-0.01186555
0.05757662
0.09776959
-0.04005034
-0.09526978
-0.009899668
0.06715378
-0.03178744
0.08076629
0.02962185
0.04414544
0.01370383
0.004086691
-0.02385887
0.04566735
0.07519448
0.09578879
0.0521058
0.02978392
0.05387485
0.04622488
0.02274123
0.0938672
-0.01422157
0.03955527
0.07488955
0.1586559
0.03439128
0.03449499
-0.005337078
0.04472145
0.0572167
0.08124718
0.05230422
0.01354377
0.06083905
0.04442145
0.04087488
0.05570876
0.0993279
0.09519405
-0.02043462
-0.02952694
-0.006363123
0.03838393
0.07400097
0.100384
0.01087977
0.0298676
0.07193624
0.07101959
-0.01839728
0.03079264
0.1073898
0.06737042
0.03626394
0.02525142
0.07669804
0.04716123
0.02393452
0.08365971
0.05682039
0.05329747
0.03325194
-0.05012323
0.004192901
0.06018924
0.05375682
0.06661919
-0.004598383
0.09279523
0.05830156
0.05448232
0.05324338
0.0479203
0.04446354
-0.02237689
0.03380071
0.05557405
0.1046479
0.08518577
0.004315172
0.1082617
0.02196391
0.05111873
0.06088111
0.07189464
0.06884323
0.01502903
-0.04287917
-0.03857048
-0.005894971
0.03408424
0.05982163
0.02664457
0.06711541
-0.002094869
0.08546404
0.04342865
0.08523396
0.01294839
0.06251823
0.04911156
0.03867389
0.05769026
0.1025571
0.0570491
0.1055836
-0.02306619
0.03983449
0.05532612
0.0571998
0.01625514
0.03287162
0.062164
0.008035831
0.062019
0.002410917
0.03287894
-6.878564e-05
0.104019
0.03596449
0.03976553
0.02700862
0.02663985
0.1273524
0.01237876
0.005456589
0.05122507
0.1171094
0.006622132
0.00924691
0.05972494
0.0165728
-0.02396286
0.02770509
-0.0003904036
0.02284523
0.09617809
0.06911481
-0.001763305
0.04479357
0.05363356
0.02561492
0.04113991
0.08154693
0.05379928
0.01875601
0.06754306
0.09372389
0.09742531
0.1057103
-0.05656878
0.07766106
0.04384693
0.06685042
0.0741695
0.03132837
0.1070895
-0.01373214
0.07364665
0.109502
0.08662086
0.05450142
0.07299447
0.01579826
0.07882431
-0.03130018
0.1113825
0.101647
0.03070386
0.1016533
0.02349677
0.07876373
0.1264392
0.03990599
0.03372551
0.05067863
-0.003900946
0.01097894
0.03849098
0.06448074
0.03995202
0.06708862
0.08311257
0.01983967
0.03708596
0.03320298
0.03259776
-0.002148144
0.01815277
-0.0208282
0.04039739
0.05693748
0.05527993
0.01502979
-0.02201296
0.03779304
0.0082729
0.06528519
0.07150344
0.02105948
0.05532109
0.09088418
0.0568214
0.0719935
0.0477014
0.1371278
0.07080517
0.05108808
-0.04413704
0.05039334
0.02739802
0.06065952
0.09817693
0.01798612
0.03858208
-0.01125136
0.1271336
-0.03744524
-0.01607561
0.04329799
0.07445524
-0.03092036
0.05488065
0.07555042
0.0771624
0.1162204
0.03952288
0.06553816
-0.00258162
0.0007757837
0.0352516
0.1189975
0.0799299
-0.000446787
0.007331522
0.005813389
0.03555481
0.01428446
0.001571597
-0.02929116
0.04136119
0.09069232
0.1141025
0.082506
-0.03662875
0.01684096
-0.006468274
-0.000856553
0.05843768
0.02652301
0.06827229
0.0363014
-0.0001238852
0.0512869
-0.006742596
0.03241991
0.0439529
-0.02953759
0.06846942
0.09383274
0.02413377
0.05647609
0.03620638
-0.005033807
0.05467922
0.08553421
0.06747945
-0.01012898
0.05003728
0.04221901
0.00310062
0.02257946
0.07477875
-0.04545758
0.04737378
0.09475631
0.02940296
-0.01998685
0.02225554
0.04361862
0.06495197
0.05961952
-0.002114288
0.06019588
0.02397526
0.1729402
0.044984
0.03296449
0.02274588
-0.03499265
-0.01094686
0.09039704
0.03356911
0.06554611
0.1507265
0.07946075
0.005111733
-0.05294526
0.06955057
0.1004501
-0.004357713
0.07073801
0.06448464
-0.03972141
0.00286974
0.02635319
0.09915859
0.03028436
0.05430416
-0.009983078
0.01383477
0.1207212
0.06227503
0.011889
0.01975461
0.02877471
-0.104384
0.03122464
0.06003439
0.02226103
-0.02463777
0.02647101
0.07642236
0.00391906
0.1537794
-0.005557929
0.03134212
-0.02783729
0.07164621
0.05671758
0.02432421
-0.0265801
0.1348322
0.08149577
0.01015325
0.06290043
-0.01092108
0.0363801
0.03576446
0.02025973
0.0391029
0.08667054
0.05526562
0.03178051
0.06002229
0.06153956
0.08504268
0.1371816
0.0162139
0.04272938
-0.002889038
0.1106144
-0.02476054
-0.001302798
0.04442552
0.08105631
0.1741178
0.07449707
0.05572015
0.03944231
-0.01553039
0.1121935
0.0560316
0.0563575
0.03517694
0.1145711
0.03575816
0.01396759
0.007034098
0.03902948
0.008716302
0.01519468
0.02920548
0.01990896
0.0222451
0.08112701
0.08131279
0.07598423
0.1633814
0.07768623
0.05392918
0.03434698
0.04761341
-0.03239279
0.03450866
0.03092703
0.05554336
0.025173
0.01968546
0.0004708205
0.01525964
0.1255018
0.01628864
0.07019508
0.04431541
0.05030527
0.05328029
0.1573299
0.0987698
0.07726633
0.0769365
0.03707903
-0.01284203
0.01068927
0.1159422
0.08010915
0.03615344
0.03470832
0.001884174
0.04515458
0.106402
0.0575482
0.006153487
0.003665445
0.06243046
0.06899379
0.1408181
0.1283865
0.1046575
0.01275812
0.1028587
0.04726258
0.09668858
0.07855213
0.1685878
0.1128792
0.04120401
-0.02747536
0.08956845
0.09835088
0.09139736
0.05039488
-0.0009413262
0.0532995
0.00401691
-0.01331655
0.07030202
0.04922568
0.1191516
0.06723465
-0.01528419
-0.005337363
0.04331905
0.1326302
0.04981477
0.1244819
0.06766389
0.05599252
0.09491207
0.0494502
0.07359076
0.07033034
0.08794579
0.05125905
0.04369689
0.1362701
0.02867097
0.05075715
0.01208061
0.0657425
0.05311169
0.0580543
0.09991761
0.1222966
0.1052194
0.0759682
0.07932422
0.05849069
-0.0151547
0.04755713
0.05069803
0.01773485
0.03118369
0.08138493
0.1465453
0.1309058
0.06733378
0.07496421
0.0734782
0.03568989
0.06963469
0.08018698
0.1134261
0.00957038
0.04133225
0.01821949
0.09613548
0.08224683
0.05457916
0.03704773
0.01873085
0.02448083
0.06931449
0.05014665
0.002075502
0.0672322
0.03448202
0.1225198
0.1056059
0.05407355
0.0661725
0.09777574
0.05775617
0.03137484
0.1325315
0.0426357
0.004273755
0.05038034
-0.03738264
0.03277651
0.08795473
0.06812819
0.06499224
0.1113649
0.06364516
0.01213718
0.0170367
0.01459856
-0.009352203
0.07280816
-0.03273895
0.03145989
0.05560176
0.1312368
0.09810873
0.09359502
0.04889287
-0.02552228
-0.05634835
0.1082488
-0.01070329
0.03943821
0.09753733
0.0602214
0.01636043
-0.01132468
0.02640158
0.09020141
-0.01508587
0.05007422
-0.03308777
0.07654015
0.1116859
0.07779019
0.03554388
0.04263735
0.1059003
-0.02511984
-0.0005043942
-0.01527296
0.09006947
0.04138797
0.03061085
0.07794526
0.06380385
0.06367646
0.01583419
0.1151523
0.06724948
0.005454679
0.1046557
0.00876124
0.03209107
0.05708614
0.02596699
0.05805901
0.05992503
-0.03393206
0.009081309
0.0870479
0.08073296
0.08567772
0.1046322
0.07451823
0.04476068
0.06369071
0.001746269
0.03284001
-0.006940097
0.01412746
-0.0275759
-0.01189742
0.1078231
0.01597654
0.03306857
0.02544098
-0.02323438
0.04881804
0.02450842
0.03773492
-0.01896514
-0.02598542
0.04311929
0.0953828
0.005679924
0.03796247
-0.0003479787
0.1195665
0.1207278
-0.01865035
0.1048191
0.03357867
0.0467881
0.04216272
0.03654145
-0.002338318
0.01220226
-0.02886855
0.03145829
0.003943203
-0.005675626
0.01477894
0.04762977
0.1012805
0.008831606
0.1188657
0.06420606
0.01121695
0.08361242
0.004060881
-0.01454896
0.05355789
0.09315825
-0.03625867
0.04396421
0.02789667
-0.0130613
0.03621569
0.04799425
0.0309229
0.1129072
0.03799604
0.02204446
-0.005265068
0.08535675
0.07426828
0.0858665
0.06710393
0.08742045
0.04609556
0.08143317
0.001001476
-0.00386313
0.05823659
-0.0138741
0.01093713
0.0682247
-0.007183527
0.008329946
0.01230357
0.04781604
0.0611603
-0.03174893
0.008011315
0.05885453
0.0004135456
0.02294379
-7.689231e-05
0.0835977
0.1016579
0.04735421
0.04505858
0.04207598
0.08193955
-0.01333688
-0.01487139
0.08307341
0.09814045
0.09079528
0.147023
0.07521688
0.02816817
0.08318469
0.09093133
0.08006112
0.1365813
0.04955499
0.06403506
0.05992342
0.1212606
0.02516659
0.04453799
0.02100457
0.1043074
0.09873683
0.09636325
0.06598934
0.06646033
0.05350025
0.009371443
0.06491116
0.1174893
0.03952779
0.009770964
0.1176627
0.07784283
0.01447636
0.1145225
0.02991389
0.03530385
0.06474697
0.06744371
0.03589283
0.04031045
0.1069237
0.05133164
0.0106338
-0.009446741
-0.03757628
0.04899937
0.02390773
0.1446097
0.06958781
0.02713995
-0.0372381
0.05230188
0.08753263
0.06280344
-0.001517518
-0.03946855
-0.02385697
-0.02472598
0.04599051
0.05223563
0.00576547
0.007624041
0.06687842
0.06123765
0.05344856
0.01085657
0.04692661
0.04770137
0.04109095
0.048126
0.0662516
-0.0138306
0.05130846
0.0534617
0.002844198
0.02825075
0.08840188
0.03337026
0.02816903
0.08419635
0.03746538
0.04694182
-0.002602862
0.08992477
0.1054746
0.01491921
0.1043294
0.02805849
0.04755841
0.04526376
-0.0193005
0.04024259
0.07251649
0.0168114
0.1203548
0.04007437
0.03188113
0.08070793
0.04505698
0.1169954
0.1225206
-0.09111009
0.02400207
-0.001734628
0.05852431
0.08881677
0.01852336
0.08015416
0.0728661
0.07008471
-0.02768431
0.005657818
-0.003873042
0.03607689
0.09515541
0.1322343
0.05905777
0.03623338
0.08850114
0.002796699
-0.02227268
-0.008927193
0.06533907
0.06885088
0.01697945
0.07706483
0.02452851
-0.05538567
0.003451308
0.05373892
0.07589641
0.1435708
0.0685967
0.05689756
0.003849595
0.02964923
0.06307186
0.04696916
-0.007981821
0.09939931
0.05644922
0.004100031
0.0390046
-0.07387803
-0.0786888
0.03387056
0.02274885
0.02643276
0.05210247
0.02000625
-0.01606924
0.004622576
0.01901374
0.08218681
0.07121309
0.04732596
0.1235611
0.1091317
0.001486088
0.01227493
0.01628979
0.07533358
0.03882805
0.02734066
-0.04269403
-0.0007872475
0.06579246
-0.00694633
0.009656489
0.01824809
0.0102945
0.1219603
0.1116579
0.04777921
0.03151876
0.02121862
-0.004609992
0.04874248
0.01403623
-0.03412587
-0.001526641
0.1196697
0.1458049
0.06063119
0.05726424
0.006156589
0.0285098
-0.01324551
0.0843193
0.02309006
0.02343306
0.02704004
0.05548258
0.05752908
0.006444323
0.08623793
0.002952491
-0.02223572
0.043719
0.04967494
0.1017005
0.05477195
0.042681
-0.004372727
0.08645497
0.05193721
0.01773235
0.0428313
0.0575274
0.05622957
0.005215338
0.07436997
-0.01582029
0.06486001
0.1033998
0.04622405
0.1176736
0.07660763
0.05126081
0.05742276
-0.005129508
0.08027148
0.08050284
0.03597797
0.1135805
0.06454715
-0.03653003
0.02362363
0.03337929
0.07187052
0.06352691
0.009664085
-0.01507823
0.05397138
0.04354599
0.06242342
0.05134398
0.07541248
0.04187106
0.07119442
0.09359754
0.08888591
0.02761428
0.01009624
0.1124128
-0.02229908
0.07173652
0.009820296
0.01085371
0.03683131
-0.03436216
0.01914918
0.08377175
0.07170534
0.07479092
0.0587081
0.1448088
0.08935125
0.02387292
0.0578691
0.05424114
0.07270058
-0.03480819
0.05462549
0.09357272
0.03891941
0.1066243
0.005708543
0.06839679
0.05459874
0.1464966
0.04276487
0.03655028
0.06707054
0.04553467
-0.001575912
0.029091
0.03882509
0.04012201
0.009629377
-0.03364324
0.07121587
0.05362353
0.02534455
0.02501886
0.1235581
0.02994599
0.01761837
0.05887842
0.0686914
0.04575171
0.06044959
0.1313481
0.1065737
0.05036611
0.02780074
0.02835818
0.0713509
0.0336367
0.06663633
0.0604717
0.02918986
0.05310585
0.00937525
0.04537911
0.07524961
0.04498959
0.05073206
0.1089632
0.03674666
0.09824511
0.05149875
0.02113845
0.08597594
0.002097372
0.05228548
0.001976814
0.06674543
0.02781318
0.02894569
0.09059581
0.05143623
0.065669
0.1163421
0.07779567
0.0619292
0.05682553
0.04456745
-0.01888857
0.09728788
0.08834849
0.04967807
0.08577365
0.04488148
0.08344247
0.1089779
0.02589805
0.08238866
0.01037316
0.05616639
0.07940123
0.06200573
0.009006577
0.04251693
0.02955492
0.0295987
0.0468204
0.07328478
0.01374871
0.02757855
0.01444598
0.06853476
0.09670763
0.04613695
0.1172759
0.03274582
-0.003436452
0.03198561
0.05041344
0.04551719
0.06007342
0.08550435
0.1245847
0.08270337
0.06527377
0.03714469
0.03020385
0.0863597
0.02823247
0.01992272
-0.009756564
0.03641153
-0.04012677
-0.0123525
0.04906882
0.04374692
0.05075368
0.1273161
0.05639535
0.04505477
0.04052479
-0.08529212
0.04158739
0.0453924
0.007828665
0.02118843
0.06492141
0.1429327
0.0375082
0.01080899
0.02141848
0.05722999
0.09608862
0.1153441
0.0328449
0.04174241
0.07191316
0.02534497
0.03004483
0.08706584
0.08152825
0.04890554
-0.0491981
0.07838604
-0.01469423
0.05577079
0.03102018
0.01709655
0.08159871
0.001253401
0.07105511
0.05124865
0.04216367
0.1101921
0.1211607
0.0609715
0.06897602
0.02336676
-0.01628989
0.06653807
0.04504212
0.01164824
-0.004603201
-0.0259272
-0.02156702
-0.02165789
0.04265395
0.07223914
0.06815154
0.08891403
0.0442515
0.02651284
0.002463735
0.004873635
0.04313397
0.08187123
0.06826162
0.08290615
0.09786985
0.0160799
0.08344951
0.02001079
0.03897871
0.09612536
0.05871465
0.05287558
0.04304604
0.1052767
0.03136383
0.006154154
0.02008067
0.06912631
0.004569612
0.06393369
-0.02039198
0.006491205
0.02826825
0.0384017
0.09934871
0.04851821
0.01918802
0.1020196
0.1131692
0.02874297
0.08478831
0.06412606
-0.008678354
0.03796783
0.07578012
0.02408691
0.001319769
0.07252459
0.08099399
0.01576217
-0.002381093
0.06112896
0.008338962
0.02662188
0.02171593
0.06979487
0.06205839
0.03259023
0.01882183
0.03327598
0.03225623
0.02255305
0.03958243
0.02613808
0.01176832
0.005250617
0.03346541
0.05832118
0.08363126
-0.009048736
0.09409001
0.1094294
0.08354349
0.03554978
0.008799852
0.02270634
0.04653147
0.08052796
0.07766476
0.06292735
0.04666755
0.02653353
0.01661161
0.08619721
0.05079474
0.05200405
0.06838071
0.0569416
0.06223393
0.03892357
0.01582693
0.0446773
0.07471542
0.04171277
0.01630085
-0.02572448
0.1065966
0.07636853
0.07145598
0.04169642
0.03621526
0.05630747
0.06655946
0.08991334
0.0005910242
0.102855
0.1025751
0.007630517
-0.004638117
0.09411052
0.05072614
0.05448697
0.04525659
0.04637715
0.07408001
0.04688583
0.1044681
0.0769743
-0.01868255
0.1086697
0.07827028
0.06891319
0.1131656
0.0638586
0.05359765
0.04468322
0.03021017
0.1122959
0.02995111
0.0886401
0.06865156
0.07830726
0.03045097
0.01478761
0.03660941
0.1119817
0.1113456
0.09418399
0.07544887
0.01448101
0.07148485
0.09130166
0.07223761
0.0220866
0.03545764
0.0340291
0.01307642
0.08682422
0.01168015
0.1193393
0.01842062
0.006946465
0.07003599
0.02558816
-0.003497429
0.03918924
0.03515728
-0.03346128
0.07635546
0.06058203
0.06761438
0.07600333
0.04954821
0.03632801
0.06830157
0.01177346
0.07150049
0.04206905
0.01569569
0.007401261
0.08840358
0.09374589
0.02927598
0.0383766
0.004351117
0.1055763
0.03310544
0.01241427
0.04553916
0.04471374
0.1092532
0.1399168
0.04303164
0.01086126
0.002781504
0.05340585
0.06895005
0.0810927
0.00991327
0.01154606
0.05878137
0.0434584
0.06303214
0.002179647
0.03832428
0.04217036
0.06992606
-0.03472014
0.05391865
-0.01137447
0.03680496
0.05702468
0.008305726
0.08118807
-0.002741515
0.03194176
0.03522602
0.01644835
0.1063552
-0.03173124
-0.02937354
0.08533878
0.04668541
0.09284346
0.005763949
0.1316996
0.04011027
0.03758062
0.08165895
0.05713899
0.02642136
0.03180376
0.05437536
0.01820807
0.0829175
0.1553127
0.06633253
-0.03634363
0.05186522
0.1345336
0.1137825
0.07946489
-0.02385518
0.1825184
0.09836296
0.03549571
0.03439837
0.05511119
0.01452141
0.07047502
0.06506861
0.1302066
0.06027427
-0.01674229
0.09180883
0.09794823
0.0648
0.06016049
0.0892507
0.05878758
-0.0137665
0.0596157
0.004588952
0.02911198
0.01538745
0.03917458
0.09947343
0.07051005
0.07693714
0.06862168
0.0272513
0.08026443
0.02853735
0.07932495
0.06100683
0.01625681
0.06406992
0.03261494
0.01599641
0.02351073
0.04474581
0.01966526
0.01708902
-0.02985399
0.07252952
0.04049714
-0.01721715
0.04308796
0.0783017
0.04790687
0.0358628
0.04378001
0.1001342
0.02209738
0.1299604
0.08690238
-0.01557452
0.100492
0.109319
0.06999383
0.01392393
0.08356598
0.002821484
-0.01662503
0.05062813
-0.01454098
0.0573926
-0.008202561
-0.01760748
0.05979345
0.01144614
0.04256895
-0.008252442
0.05162912
0.0205799
0.00707082
0.0878765
0.03233699
0.05744075
-0.0195641
0.05689585
0.00176437
0.05322087
0.01038763
0.04685697
0.006037526
0.01286743
0.006928923
0.01966128
-0.0101426
0.1245396
0.08969551
0.06186762
0.0690533
-0.006688571
0.1042048
0.0830168
0.03819188
0.06974252
0.08438555
0.05047994
0.04735392
0.03053076
0.0389131
-0.00998573
-0.01553446
0.01771386
0.05208526
0.05519796
0.02738003
0.01435363
0.01560397
0.01649134
0.02531535
0.007949624
-0.03021346
