id sire dam generation sex phen env tbvp gebvp
4351 3883 4143 10 F  0.203730698 -0.769910257 1.0216491 0
4352 3883 4143 10 F  1.312938818 -0.377134849 1.5771548 0
4353 3883 4143 10 M -1.512214955 -1.839475134 0.8360909 0
4354 3883 4143 10 F  1.068761607 -0.398691026 1.3606896 0
4355 3883 4143 10 M  1.027219843  0.154719385 1.1877365 0
4356 3883 4179 10 M  1.027042596  0.339151263 1.1494061 0
4357 3883 4179 10 M  0.247566140  0.179668944 0.9515487 0
4358 3883 4179 10 F  0.425991286  0.113597684 1.0242805 0
4359 3883 4179 10 F  0.752606875  0.375199016 1.1063566 0
4360 3883 4179 10 M  1.295003798  1.161240581 1.0154869 0
4361 4190 4328 10 F  1.717761056  0.764005073 0.8718675 0
4362 4190 4328 10 F  1.533274717  0.140605363 1.1234080 0
4363 4190 4328 10 M  2.318466027  0.725672047 1.0909097 0
4364 4190 4328 10 F  1.382714855  0.373537752 0.8115399 0
4365 4190 4328 10 M  1.984125465  0.367243982 1.1896979 0
4366 4190 3989 10 M  0.352220646 -0.761377111 1.0188208 0
4367 4190 3989 10 M  2.500119058  0.007051550 1.5497587 0
4368 4190 3989 10 F  0.438390075 -0.741934700 1.0487996 0
4369 4190 3989 10 F  1.050249804  0.426966910 0.9186344 0
4370 4190 3989 10 F  1.659308640  0.085515560 1.3321519 0
4371 4024 3882 10 M  0.328926583 -0.803137550 1.3535682 0
4372 4024 3882 10 M  1.388959811  0.824043645 1.1223523 0
4373 4024 3882 10 M  1.439811878  0.737235703 0.7966339 0
4374 4024 3882 10 M  2.759653987  1.358159087 0.9612682 0
4375 4024 3882 10 M  1.046173231 -0.332290142 1.0613590 0
4376 4024 4202 10 M  0.316286803 -0.343051549 1.0711364 0
4377 4024 4202 10 M  2.643478694  1.219195711 0.9277699 0
4378 4024 4202 10 M  1.742477793  0.128117827 1.1452440 0
4379 4024 4202 10 M  1.216725554  0.173454005 1.1304217 0
4380 4024 4202 10 M  1.029787545 -0.100493779 1.0336829 0
4381 3979 4183 10 F  0.846461186 -0.735151115 1.2334523 0
4382 3979 4183 10 F  0.710369401 -0.889520674 1.2302300 0
4383 3979 4183 10 F  0.926583462  0.044174388 0.8800479 0
4384 3979 4183 10 M  0.732962143 -0.148728856 0.7865580 0
4385 3979 4183 10 F  1.430168080 -0.308494976 1.4201269 0
4386 3979 4058 10 F  1.945590412  0.630837511 1.1761231 0
4387 3979 4058 10 M  0.887403922 -0.223477000 1.0785004 0
4388 3979 4058 10 M  0.248026309 -0.355028964 0.7064170 0
4389 3979 4058 10 M  0.668372502 -0.312624880 1.0701350 0
4390 3979 4058 10 F -0.178503412 -0.538518047 0.6503474 0
4391 4246 4349 10 M  0.079652654 -0.452777421 1.0253161 0
4392 4246 4349 10 F  1.419134396  0.852247607 1.0418708 0
4393 4246 4349 10 F  1.946666757  0.787896510 1.0054238 0
4394 4246 4349 10 F -0.402687291 -0.793696383 0.6074282 0
4395 4246 4349 10 M  0.241770710 -0.343531910 0.6051959 0
4396 4246 4187 10 M  1.058101631 -0.090688841 1.1060010 0
4397 4246 4187 10 M -0.913839677 -1.700994540 0.7638299 0
4398 4246 4187 10 M  0.747709323 -0.134778868 0.8779704 0
4399 4246 4187 10 M  1.711484404  0.498149756 0.9653397 0
4400 4246 4187 10 M  0.537636005 -0.250624922 0.8198174 0
4401 4116 4286 10 F  1.502208189  0.256755828 0.7106808 0
4402 4116 4286 10 M -0.876181889 -0.796218042 0.3192981 0
4403 4116 4286 10 F  1.789016878  0.597897696 0.8579610 0
4404 4116 4286 10 M -0.276196611 -1.221144851 1.0315118 0
4405 4116 4286 10 F  0.060307990 -0.613312887 0.8604554 0
4406 4116 4186 10 M  0.348299534 -0.406907125 1.2465507 0
4407 4116 4186 10 M  1.428378410  0.277788538 1.2710859 0
4408 4116 4186 10 F  1.893314958  0.834412461 1.0456417 0
4409 4116 4186 10 F  0.747728430 -0.212841053 0.9451825 0
4410 4116 4186 10 M  1.245407322 -0.111621388 1.0682674 0
4411 3938 4109 10 M  1.110271751 -0.476769168 1.1842068 0
4412 3938 4109 10 F  0.051071302 -1.183299878 1.0264979 0
4413 3938 4109 10 F  1.638432730  0.545785365 1.1501860 0
4414 3938 4109 10 M -0.322626759 -0.982693755 1.0625315 0
4415 3938 4109 10 F  1.202505623  0.118315651 1.0636777 0
4416 3938 3879 10 M  2.299689574  0.659959711 1.1036393 0
4417 3938 3879 10 M -0.289316542 -1.875393782 1.0682976 0
4418 3938 3879 10 M  1.019771500  0.708866371 1.0519497 0
4419 3938 3879 10 M  1.241865268  0.714062205 1.0487809 0
4420 3938 3879 10 M -0.076284819 -0.736189387 1.0830733 0
4421 4304 4015 10 F  0.616631921 -0.201709714 1.0727837 0
4422 4304 4015 10 F  3.602705261  0.991617464 1.1140787 0
4423 4304 4015 10 F  0.950163521 -0.548676404 1.1324174 0
4424 4304 4015 10 F  0.112777033 -0.372942905 0.7640401 0
4425 4304 4015 10 M  1.054124941  0.477482676 0.8036095 0
4426 4304 4315 10 F  2.215611663 -0.130684545 1.4023025 0
4427 4304 4315 10 M  0.865824840 -0.594130408 1.2363151 0
4428 4304 4315 10 F  2.485247149  0.854070344 1.1999284 0
4429 4304 4315 10 F  1.562117755 -0.333261289 1.4056815 0
4430 4304 4315 10 F  1.196358060 -0.330615279 1.5160933 0
4431 4238 4030 10 M -0.493596890 -1.235675957 1.0081786 0
4432 4238 4030 10 M  0.031675148 -0.986337577 0.9594739 0
4433 4238 4030 10 F  2.780934717  0.643177015 1.0233044 0
4434 4238 4030 10 M  2.214322306  0.969662774 0.9437841 0
4435 4238 4030 10 F -0.664227240 -0.748127496 0.8295492 0
4436 4238 4239 10 F  1.550570730  0.291853909 1.2416071 0
4437 4238 4239 10 F  1.330206212  0.192436896 1.4206576 0
4438 4238 4239 10 M  1.701354632  0.763775806 1.4312222 0
4439 4238 4239 10 F  2.120381024  0.421243557 1.5413625 0
4440 4238 4239 10 M  0.716649534 -0.732903824 1.2149526 0
4441 4021 3985 10 M  0.780989027  0.287457304 0.5427513 0
4442 4021 3985 10 M  1.446135221  0.437210784 0.7927627 0
4443 4021 3985 10 F  1.519335860  0.505188804 0.7703584 0
4444 4021 3985 10 F  1.400698356 -0.070103186 1.5098864 0
4445 4021 3985 10 M  0.697260715 -0.539982435 0.7787263 0
4446 4021 3974 10 F -0.128057552 -0.020930808 0.5438482 0
4447 4021 3974 10 M  0.649668975 -0.796568927 1.1753077 0
4448 4021 3974 10 M  2.176211267  0.524883348 1.3629803 0
4449 4021 3974 10 F  1.502727912 -0.407737973 1.4335827 0
4450 4021 3974 10 M  1.108766833  0.137317960 0.7926560 0
4451 4178 4037 10 F  1.316048954  0.488319876 0.9246361 0
4452 4178 4037 10 M  1.438141947  0.573181659 0.8517821 0
4453 4178 4037 10 F  1.442388760  0.714645551 0.8448821 0
4454 4178 4037 10 M  1.486038357  0.401055681 0.9494851 0
4455 4178 4037 10 M  1.534761138  0.335844464 0.8671201 0
4456 4178 3963 10 M  1.663175419  0.642916341 0.9882656 0
4457 4178 3963 10 F  0.243853314 -0.036079288 0.9143330 0
4458 4178 3963 10 M  1.497379616  1.071351965 0.8393327 0
4459 4178 3963 10 M  0.932917726 -0.158074761 0.8899644 0
4460 4178 3963 10 M  1.291925754  0.146948218 1.0272923 0
4461 4309 3961 10 F  1.152759921  0.058304604 1.3356130 0
4462 4309 3961 10 F  0.998700305 -0.397410308 1.4346735 0
4463 4309 3961 10 M  1.346944714  0.016781276 1.3091013 0
4464 4309 3961 10 F  1.776898884 -0.452559087 1.3710905 0
4465 4309 3961 10 F  0.969498574  0.232993854 0.9072410 0
4466 4309 4129 10 M  1.512921098 -0.194500812 1.6880924 0
4467 4309 4129 10 M -0.309110870 -0.574913463 0.6776631 0
4468 4309 4129 10 M  1.276796572  0.133556923 1.1448177 0
4469 4309 4129 10 M -0.015651869  0.062949884 0.6376192 0
4470 4309 4129 10 M  1.085252643 -0.643330566 1.5946848 0
4471 4283 4013 10 M  0.775210189 -0.599200896 1.0670103 0
4472 4283 4013 10 M  0.295293190  0.541821528 1.0864542 0
4473 4283 4013 10 M  0.505223690 -0.544198768 1.0499894 0
4474 4283 4013 10 F -0.840532848 -1.606895907 1.1269866 0
4475 4283 4013 10 F  1.827715068  0.252844401 0.9198317 0
4476 4283 4054 10 M -0.685796856 -1.744449003 1.1001158 0
4477 4283 4054 10 F -0.116955627  0.242397687 0.6275745 0
4478 4283 4054 10 M -0.910468244 -0.655468123 0.5897954 0
4479 4283 4054 10 F  3.250626801  1.300990531 0.9254501 0
4480 4283 4054 10 M  2.926127467  1.412423095 0.7740754 0
4481 4004 4241 10 F  0.662025595  0.072013090 0.8452155 0
4482 4004 4241 10 M  1.760509108  0.895065537 1.1594402 0
4483 4004 4241 10 F  0.294243028  0.061229813 0.8278842 0
4484 4004 4241 10 M  3.059652170  1.716767678 1.1227195 0
4485 4004 4241 10 M  1.809264841  0.758158102 1.0928248 0
4486 4004 4055 10 F  0.252017590 -0.314225325 0.9562365 0
4487 4004 4055 10 M  2.659302180  1.025969059 1.1114772 0
4488 4004 4055 10 F  0.653474163  0.249246760 0.8416929 0
4489 4004 4055 10 M  1.389179355 -0.488254680 1.0539032 0
4490 4004 4055 10 F  1.099794100  0.174198107 0.9663345 0
4491 4295 3920 10 F  1.162656238  0.216360212 1.1805195 0
4492 4295 3920 10 F  2.043579808  0.992885864 1.0670285 0
4493 4295 3920 10 M  0.471804368 -0.904975160 1.3101575 0
4494 4295 3920 10 F  2.350115168  0.421298416 1.1537408 0
4495 4295 3920 10 M -0.052340064 -1.359984773 1.2405907 0
4496 4295 3941 10 M  0.719696451 -0.821405895 1.3925907 0
4497 4295 3941 10 F -0.117649037 -0.819008028 0.9919903 0
4498 4295 3941 10 F  2.062883697  1.003259464 1.1586733 0
4499 4295 3941 10 F  1.329976304  0.236694920 1.2132645 0
4500 4295 3941 10 M  0.572454714  0.340157674 1.2698206 0
4501 4110 4256 10 F  2.012127388  0.680808179 1.2567033 0
4502 4110 4256 10 F  2.476025879  1.111657808 0.9896857 0
4503 4110 4256 10 M  0.955306090 -0.015997998 0.8906143 0
4504 4110 4256 10 F  0.242669169 -0.568514203 1.0952452 0
4505 4110 4256 10 M -0.259473250 -1.082662671 1.1076600 0
4506 4110 4097 10 M  2.201005079  0.374746229 0.7624289 0
4507 4110 4097 10 F  2.212771025  0.488914012 1.2991100 0
4508 4110 4097 10 M  0.511866595 -1.275441958 1.2269960 0
4509 4110 4097 10 F  1.205545922 -0.413571690 1.2043354 0
4510 4110 4097 10 M  0.934649460 -0.462041862 0.9269694 0
4511 4152 3992 10 F  0.607385606 -0.639859232 1.2364778 0
4512 4152 3992 10 F  1.390443529  0.289812400 1.0270001 0
4513 4152 3992 10 M  2.257620296  0.414824100 1.3880755 0
4514 4152 3992 10 M  2.096987430  1.232153104 1.1303274 0
4515 4152 3992 10 F  1.649377572 -0.333121259 1.3436559 0
4516 4152 3984 10 M  0.673948812 -0.599397381 1.2600180 0
4517 4152 3984 10 M  2.160507102  1.037344572 1.2496975 0
4518 4152 3984 10 M  0.752171809 -0.487403327 1.2854674 0
4519 4152 3984 10 M  0.340452845 -0.065036154 0.9545467 0
4520 4152 3984 10 M  1.852399756  0.713924818 1.2565610 0
4521 4247 4250 10 M  0.304557016 -0.079107753 0.9806157 0
4522 4247 4250 10 M -0.075635494 -1.143994180 1.0799490 0
4523 4247 4250 10 M  0.161600099 -0.342415329 1.0529112 0
4524 4247 4250 10 M -0.157488259 -0.834173658 1.0550912 0
4525 4247 4250 10 M  0.487206100 -0.295626073 1.0535184 0
4526 4247 4219 10 F  0.606696296 -0.950913152 1.2919877 0
4527 4247 4219 10 F  1.779654807  0.228658392 1.2862983 0
4528 4247 4219 10 M  1.940795841  0.296931395 1.3045441 0
4529 4247 4219 10 M  2.282319438  0.551090010 1.3798960 0
4530 4247 4219 10 M  0.181613106 -1.115105764 1.1851080 0
4531 4236 4067 10 F -0.130453690 -1.318060473 0.9307824 0
4532 4236 4067 10 F  1.823278001  0.327788904 1.1648321 0
4533 4236 4067 10 F  1.347704454  0.146149474 0.8581322 0
4534 4236 4067 10 F  1.959194991  0.490207305 1.0496147 0
4535 4236 4067 10 F  1.740038020  0.169215587 1.1431656 0
4536 4236 4136 10 M  2.004742078  0.465541474 1.1925897 0
4537 4236 4136 10 M  0.916314280 -0.765998304 1.3659598 0
4538 4236 4136 10 F  0.914276102  0.030577488 0.8805394 0
4539 4236 4136 10 M  3.465070807  1.526320416 1.3490443 0
4540 4236 4136 10 M  2.029267839 -0.248143444 1.3043026 0
4541 3858 4269 10 M  1.148869462 -0.208403539 1.1257610 0
4542 3858 4269 10 F -0.244969587 -1.329917232 1.3013325 0
4543 3858 4269 10 M  1.355354753  0.019498196 1.1342367 0
4544 3858 4269 10 M  1.097627598  0.094067852 1.0933027 0
4545 3858 4269 10 M  1.965350449  0.927949430 1.1366358 0
4546 3858 3923 10 F  0.510803742 -0.068961098 0.9286782 0
4547 3858 3923 10 M  2.273541778  0.696430626 1.4703713 0
4548 3858 3923 10 M  0.691130320 -0.184744803 1.1260518 0
4549 3858 3923 10 F  1.171699568  0.237329601 1.0675913 0
4550 3858 3923 10 M  1.031365589  0.235644793 1.1604508 0
4551 3929 4323 10 M  1.011086634 -0.280547093 1.0567797 0
4552 3929 4323 10 M  0.662648612 -0.709430328 0.9392561 0
4553 3929 4323 10 M  0.943839733  0.191937262 0.8436586 0
4554 3929 4323 10 F  1.562299057  0.079873241 1.1374154 0
4555 3929 4323 10 F  1.908521400  1.383429921 0.7422298 0
4556 3929 4034 10 F  1.282535548  0.098447305 1.1419660 0
4557 3929 4034 10 F  2.122052931  0.569355449 1.1384537 0
4558 3929 4034 10 M  1.340080650 -0.003004833 1.1882500 0
4559 3929 4034 10 F  1.227090434 -0.125194515 1.1675920 0
4560 3929 4034 10 M  1.068624017 -0.165445100 1.2098331 0
4561 4339 3935 10 F -2.047940601 -0.701773514 0.2991110 0
4562 4339 3935 10 F  0.882474271  0.559671321 0.6599827 0
4563 4339 3935 10 M  1.628495135  0.460881733 0.9790826 0
4564 4339 3935 10 M  0.512870709  1.152725676 0.5265556 0
4565 4339 3935 10 M  0.304177492  0.242265273 0.5066327 0
4566 4339 3884 10 F  0.215836487 -0.103212596 0.6089585 0
4567 4339 3884 10 M  1.166129367  0.866823921 0.7307284 0
4568 4339 3884 10 M  0.660429761 -0.982343345 0.9505734 0
4569 4339 3884 10 F  0.815443782 -0.067222907 0.8000835 0
4570 4339 3884 10 F  1.922667081  1.011998264 0.7921355 0
4571 3873 4338 10 M  1.301394643  0.011654060 1.0574693 0
4572 3873 4338 10 F  1.375272909  0.327349223 0.9880165 0
4573 3873 4338 10 F  1.216661045 -0.058298088 0.9677038 0
4574 3873 4338 10 F  1.348872000  0.048108888 1.2036539 0
4575 3873 4338 10 M  1.776362884  1.217045331 0.9444567 0
4576 3873 3953 10 F -1.497023256 -1.590840862 0.8623127 0
4577 3873 3953 10 M  0.934109974 -0.679026574 1.2529551 0
4578 3873 3953 10 M  0.250242132 -0.547506034 0.9566541 0
4579 3873 3953 10 M  1.567203601  0.924073921 0.9528221 0
4580 3873 3953 10 M  1.656458886  0.044900705 1.2523047 0
4581 4158 3901 10 F  0.161147772 -0.172424939 0.7572907 0
4582 4158 3901 10 F  0.702182695 -0.018476428 0.9388477 0
4583 4158 3901 10 M  0.390757720  0.147507328 0.9813982 0
4584 4158 3901 10 F -0.426421093 -1.334674480 1.2590306 0
4585 4158 3901 10 M  0.131320706  0.094451798 0.6146981 0
4586 4158 3951 10 M  0.593322729 -0.230039301 1.0121712 0
4587 4158 3951 10 M  1.226228522  0.747772091 0.9032634 0
4588 4158 3951 10 F -0.225243252 -0.885842437 0.9943153 0
4589 4158 3951 10 M -0.269195320 -1.111553293 0.9973761 0
4590 4158 3951 10 F -1.052923141 -1.001609649 0.6832090 0
4591 4253 3892 10 M  0.849523862  0.332118705 1.0637866 0
4592 4253 3892 10 M -0.974298109 -1.598492079 1.1440272 0
4593 4253 3892 10 F  3.177908816  1.137069732 1.2229297 0
4594 4253 3892 10 F  0.019245810 -0.446398696 1.0769283 0
4595 4253 3892 10 F  2.062672086  1.055294290 0.9763614 0
4596 4253 4282 10 M  0.385653766 -0.311419222 1.1407863 0
4597 4253 4282 10 M  0.893488806 -0.267628199 1.0229503 0
4598 4253 4282 10 M  0.205127487 -0.137744696 1.0736438 0
4599 4253 4282 10 F  0.530038459 -0.420207409 1.1224629 0
4600 4253 4282 10 M  1.456786001 -0.571163439 0.9848984 0
4601 4147 4343 10 F  3.218368616  1.525459589 1.3420502 0
4602 4147 4343 10 F  1.790127027  0.555416318 0.9319418 0
4603 4147 4343 10 F  0.865687927 -0.069568882 1.3132391 0
4604 4147 4343 10 M  1.244674740 -0.073169039 1.4371681 0
4605 4147 4343 10 F  0.846698589 -0.238895118 0.9927151 0
4606 4147 4195 10 M  1.679517564 -0.016111701 1.4848401 0
4607 4147 4195 10 F  1.615712881 -0.270658620 1.0449134 0
4608 4147 4195 10 F  2.405285881  0.075011798 1.1035388 0
4609 4147 4195 10 F -0.242984134 -0.167166822 0.9186257 0
4610 4147 4195 10 F  0.348080826 -0.452124580 0.9538968 0
4611 3914 4118 10 M -0.063722432 -0.351261848 0.7199323 0
4612 3914 4118 10 M  1.548005805  0.493740655 1.1655490 0
4613 3914 4118 10 M -0.437115423 -0.220039666 0.5693263 0
4614 3914 4118 10 F -0.377856767 -1.498633111 1.1094906 0
4615 3914 4118 10 M  1.284474979  0.179674613 0.9383104 0
4616 3914 4321 10 F  0.729956357 -0.941344017 1.0943532 0
4617 3914 4321 10 F  0.875796237  0.164847194 0.7698864 0
4618 3914 4321 10 M -0.741808881 -1.017267035 0.9711839 0
4619 3914 4321 10 F  0.205505249  0.301269261 0.6324606 0
4620 3914 4321 10 M -0.268786709 -0.916989937 0.7320897 0
4621 4294 4117 10 F -0.571668836 -1.099694054 0.9995974 0
4622 4294 4117 10 F  3.351677397  0.793338198 1.1957818 0
4623 4294 4117 10 F  1.880289834  0.223209766 1.3841616 0
4624 4294 4117 10 F  1.910667618 -0.036539076 1.3564812 0
4625 4294 4117 10 F  1.939578152 -0.302293330 1.4548089 0
4626 4294 4175 10 M  1.353915729  0.565521398 1.0599780 0
4627 4294 4175 10 F  2.995995173  0.146035866 1.2876414 0
4628 4294 4175 10 F  0.702297683 -1.212284351 0.9921592 0
4629 4294 4175 10 M  1.598881836 -0.415678933 1.0418960 0
4630 4294 4175 10 F  2.525267159  0.560059985 1.1722908 0
4631 3997 4173 10 M  1.659931277  0.183885645 1.3395580 0
4632 3997 4173 10 F -2.088713674 -1.949809432 0.8414592 0
4633 3997 4173 10 F  1.973301255  0.256291029 1.2543593 0
4634 3997 4173 10 F  1.452102921  0.251533631 1.1194271 0
4635 3997 4173 10 F  1.042072560  0.094917639 1.0710496 0
4636 3997 4340 10 M  2.294926436  1.729034556 0.9296286 0
4637 3997 4340 10 M  0.789825685  0.813017690 0.8443336 0
4638 3997 4340 10 M  0.149306970 -0.308295975 0.8747059 0
4639 3997 4340 10 F  0.598342608 -0.701443495 1.2025011 0
4640 3997 4340 10 M  1.291655771  0.308168986 0.9145821 0
4641 4226 4087 10 M  0.091270553 -1.085113614 1.0856812 0
4642 4226 4087 10 F  1.566122335  1.027608994 1.0132778 0
4643 4226 4087 10 F  1.046481001  0.434414297 0.9277891 0
4644 4226 4087 10 M  1.469531564  1.167997198 0.7899178 0
4645 4226 4087 10 M  1.568140867  0.247763806 1.1573747 0
4646 4226 4043 10 M  2.265726378  0.477954751 1.1759268 0
4647 4226 4043 10 M  0.941861053  0.330572612 0.6957991 0
4648 4226 4043 10 M  1.111456434 -0.790154548 1.3109285 0
4649 4226 4043 10 M  1.498301812 -0.298448620 1.2085421 0
4650 4226 4043 10 F  1.880053550  0.429990659 1.1314980 0
4651 4210 3856 10 M  0.395847898 -0.525969691 0.9046998 0
4652 4210 3856 10 F  1.200225683  0.486167208 0.6889587 0
4653 4210 3856 10 M  1.735990849  1.106030111 0.6737663 0
4654 4210 3856 10 M -0.471424911 -0.300255694 0.6216123 0
4655 4210 3856 10 M  0.890430090  1.096234579 0.8499755 0
4656 4210 3893 10 F -0.200657056 -0.311930144 0.5821408 0
4657 4210 3893 10 F  2.532652192  0.910576540 1.0364971 0
4658 4210 3893 10 F  1.488151132  0.310752700 0.8757042 0
4659 4210 3893 10 F  1.417544682  0.017564040 0.9009169 0
4660 4210 3893 10 F  0.686233620  0.107223218 0.6773963 0
4661 3890 4305 10 F  2.945461253  1.347168099 1.3687690 0
4662 3890 4305 10 F  1.208251030 -0.036643454 0.9409321 0
4663 3890 4305 10 M  1.973197132  0.187134115 1.2125558 0
4664 3890 4305 10 M -0.139105027 -1.353579489 1.3920457 0
4665 3890 4305 10 F  0.348139267 -0.512571610 1.3376303 0
4666 3890 3859 10 M  2.209580193  0.694600609 1.2287030 0
4667 3890 3859 10 F  1.083803293 -0.363840003 1.3291537 0
4668 3890 3859 10 F  2.139617039 -0.128177586 1.2515493 0
4669 3890 3859 10 F  2.087397834  0.592247715 1.1443332 0
4670 3890 3859 10 F  1.756688168 -0.161720045 1.2670539 0
4671 3956 4083 10 F  0.853232753 -0.917746809 1.0446393 0
4672 3956 4083 10 F  0.849854618 -0.663946055 1.1034313 0
4673 3956 4083 10 F  2.187946344  0.193438940 1.2051869 0
4674 3956 4083 10 F  2.110396937  0.501260681 1.1609892 0
4675 3956 4083 10 F  0.851118538 -0.564690295 1.0978886 0
4676 3956 4081 10 F  0.797548815 -0.671023855 1.1529706 0
4677 3956 4081 10 F  1.873639583 -0.036176726 1.2729033 0
4678 3956 4081 10 M  2.190161250  0.701315916 1.0985246 0
4679 3956 4081 10 M  2.529061318  1.090238931 1.0352302 0
4680 3956 4081 10 F  0.814135491 -0.243469434 1.0831432 0
4681 3945 4075 10 M  1.148835412 -0.132210699 1.0143627 0
4682 3945 4075 10 F  0.628672830 -0.192689288 0.8041623 0
4683 3945 4075 10 F  0.344739828 -0.036061512 1.0988873 0
4684 3945 4075 10 F  2.065047516 -0.427161733 1.0354355 0
4685 3945 4075 10 M -0.818533062 -2.207263721 1.0394006 0
4686 3945 4232 10 M -0.183785860 -0.358139444 0.9398650 0
4687 3945 4232 10 F  1.073876825  0.225872000 1.2436988 0
4688 3945 4232 10 M  0.324510478 -0.253242360 1.2763078 0
4689 3945 4232 10 F -1.944509386 -1.113710485 0.7052633 0
4690 3945 4232 10 F  2.095756482  1.491387874 1.2279565 0
4691 4216 4212 10 F  1.190027593 -0.440548846 1.3067232 0
4692 4216 4212 10 F  2.371941280  0.344394514 1.5925512 0
4693 4216 4212 10 F  3.200889312  1.028095340 1.6342309 0
4694 4216 4212 10 F  0.438290566 -0.384146027 1.3211616 0
4695 4216 4212 10 F  2.382675669  0.392197288 1.5686695 0
4696 4216 3936 10 M  2.368563716  1.352715962 0.9835809 0
4697 4216 3936 10 M  0.276690392 -0.698556132 1.0545758 0
4698 4216 3936 10 M  1.826196643  0.420164178 1.2275374 0
4699 4216 3936 10 F  1.020262125 -0.040139220 1.1787874 0
4700 4216 3936 10 M  0.973311359 -0.477413333 1.3416941 0
4701 4262 4016 10 M  1.858578608  0.470427692 0.9703727 0
4702 4262 4016 10 M  2.096363910  0.705987739 1.0654152 0
4703 4262 4016 10 F  0.977117044  0.056732874 0.9018697 0
4704 4262 4016 10 F -0.003924629 -1.201510455 1.0362152 0
4705 4262 4016 10 M  1.567526652  0.231077625 1.2679944 0
4706 4262 3870 10 M  1.447142419 -0.107354795 1.5447478 0
4707 4262 3870 10 F  2.005812995 -0.498444971 1.4209902 0
4708 4262 3870 10 M  0.888722510 -0.116455710 1.0276126 0
4709 4262 3870 10 M  2.171569248  1.259891682 0.9175385 0
4710 4262 3870 10 M  3.771614457  1.564148224 1.0229615 0
4711 4045 4168 10 M -0.042751364 -0.097698640 0.7853781 0
4712 4045 4168 10 M  1.422148938 -0.409634066 1.2789763 0
4713 4045 4168 10 M  1.262056041 -0.003681612 0.8231282 0
4714 4045 4168 10 M  1.305240235 -0.230029846 0.9757636 0
4715 4045 4168 10 M  0.337922940 -0.529879384 1.1920608 0
4716 4045 4085 10 M  0.753706202  0.643826843 0.7804058 0
4717 4045 4085 10 M  2.527342252  1.035232358 1.2046213 0
4718 4045 4085 10 M  1.345216058 -0.049223138 1.3143053 0
4719 4045 4085 10 F  0.706871084  0.074280152 1.0668443 0
4720 4045 4085 10 M -0.546210590 -0.479640670 0.8847931 0
4721 4135 4057 10 M  0.252849849 -0.371372421 0.7197376 0
4722 4135 4057 10 M  1.606189222 -0.165822128 0.9858580 0
4723 4135 4057 10 F  1.171292109 -0.845050502 1.0956341 0
4724 4135 4057 10 F  0.306302457  0.233157515 0.6915757 0
4725 4135 4057 10 M  2.213610240  1.293548704 0.7709829 0
4726 4135 3999 10 M  3.790661223  1.703107960 0.8437982 0
4727 4135 3999 10 F  0.076253267 -0.259443620 0.7962771 0
4728 4135 3999 10 F  0.481068764 -0.664600598 0.8339211 0
4729 4135 3999 10 M  0.728586336  0.329173662 1.0485072 0
4730 4135 3999 10 F  0.299243184  0.670209490 0.6677391 0
4731 4035 3975 10 F  1.900039768  0.404878292 1.3289032 0
4732 4035 3975 10 M  2.105990873  0.840494444 1.1466752 0
4733 4035 3975 10 F  1.397094308  0.025326606 1.3144062 0
4734 4035 3975 10 F  1.099236714  0.223295284 1.2434554 0
4735 4035 3975 10 F  0.228020220 -0.937635688 1.2936885 0
4736 4035 3889 10 M  0.404390149  0.151121690 0.6070538 0
4737 4035 3889 10 M  0.270359034 -0.126402947 0.6384520 0
4738 4035 3889 10 M -1.157452607 -1.257545712 0.7245902 0
4739 4035 3889 10 F -1.119771099 -1.325048156 0.8761949 0
4740 4035 3889 10 M -0.111986680 -0.393852914 0.8869254 0
4741 4274 4194 10 M -0.340706132 -1.258153004 1.1811887 0
4742 4274 4194 10 F  0.268776517 -0.829824884 1.1310101 0
4743 4274 4194 10 M  0.620210861  0.043210631 1.0259914 0
4744 4274 4194 10 F  1.413299404  0.402664298 1.1325558 0
4745 4274 4194 10 F  2.295183430  1.394332504 1.1980615 0
4746 4274 4160 10 M -0.098217751 -0.501849609 0.9945657 0
4747 4274 4160 10 M -0.080004727 -0.612751081 0.9625093 0
4748 4274 4160 10 M  1.145398294  0.489900814 0.8964128 0
4749 4274 4160 10 F  0.667548826  0.600764621 0.9667301 0
4750 4274 4160 10 F -0.493609709 -1.251336419 0.9229553 0
4751 4125 4298 10 F  1.281687470 -0.012486504 1.1726324 0
4752 4125 4298 10 M  2.643227112  1.334244035 1.1181545 0
4753 4125 4298 10 F  0.776937073 -0.453973876 0.9210466 0
4754 4125 4298 10 F  1.260807107 -0.617873360 1.4018039 0
4755 4125 4298 10 F  0.579962866 -0.914310072 1.3446795 0
4756 4125 4002 10 M  0.804693376 -0.498014537 1.2873283 0
4757 4125 4002 10 F  2.543080680  0.626133852 1.1702447 0
4758 4125 4002 10 M  0.418302760 -0.506714748 1.2259873 0
4759 4125 4002 10 F  1.600848591  0.414331062 1.1014088 0
4760 4125 4002 10 M  0.252111631 -0.510478712 1.1284134 0
4761 3925 4164 10 F  0.165448186 -0.562582247 0.7510789 0
4762 3925 4164 10 F  1.704724771  1.275787391 0.8077549 0
4763 3925 4164 10 M  0.519504189  0.109337564 1.0078192 0
4764 3925 4164 10 F  0.554513061  0.111171526 0.9897394 0
4765 3925 4164 10 M -0.709458274 -0.145004457 0.6530455 0
4766 3925 3917 10 M  1.054255280 -0.096394770 1.0426798 0
4767 3925 3917 10 F  0.727805003  0.786747489 0.7611654 0
4768 3925 3917 10 F -0.120597568 -0.410013768 0.6709451 0
4769 3925 3917 10 M -0.988781189 -1.378207029 0.6371050 0
4770 3925 3917 10 F  1.292920173  0.073760637 0.9573380 0
4771 4266 3874 10 F  0.861660326  0.086464829 1.1510979 0
4772 4266 3874 10 F  2.236667159  0.815413424 1.1220035 0
4773 4266 3874 10 M  0.610325249 -0.617584785 1.3823581 0
4774 4266 3874 10 M  2.813883983  1.051857509 0.9761311 0
4775 4266 3874 10 F  1.146172840  0.301325002 1.1853882 0
4776 4266 3891 10 F  2.117448700  1.247253139 1.0011572 0
4777 4266 3891 10 M -0.720093018 -0.502261414 0.7127076 0
4778 4266 3891 10 F  0.887780571 -0.589748244 1.1615748 0
4779 4266 3891 10 M -0.163801538 -0.280796109 0.9034759 0
4780 4266 3891 10 F  2.332526437  0.119680153 1.6523603 0
4781 4191 4169 10 F  1.442772488 -0.239660188 1.3953907 0
4782 4191 4169 10 M  0.845661031 -0.571213495 1.4072055 0
4783 4191 4169 10 F  0.761048949  0.042250848 0.9804317 0
4784 4191 4169 10 F  1.075737446  0.678240562 1.0379939 0
4785 4191 4169 10 M  0.556529695 -0.762742029 1.2429167 0
4786 4191 3948 10 F  1.263006828  0.508658004 0.9867786 0
4787 4191 3948 10 M  0.818622042  0.626425205 0.9564930 0
4788 4191 3948 10 F -0.348183996 -0.915889994 1.0788704 0
4789 4191 3948 10 M -0.016518746 -0.621259517 0.9070094 0
4790 4191 3948 10 M  1.576536457  0.818693233 1.0439243 0
4791 3872 3904 10 F  1.458965749 -0.019233985 1.2480279 0
4792 3872 3904 10 M  1.715277449  0.420712232 1.3101718 0
4793 3872 3904 10 M  1.686640728  0.477703214 1.2018025 0
4794 3872 3904 10 F  0.739063076 -0.301663337 1.2026561 0
4795 3872 3904 10 M -0.177734990 -0.715641610 1.0485821 0
4796 3872 4031 10 M  1.896044348  0.393576931 1.2645810 0
4797 3872 4031 10 M  1.792321839  0.519457563 1.0392192 0
4798 3872 4031 10 F  0.278873062 -0.040666407 0.8774051 0
4799 3872 4031 10 F  1.190741938 -0.449421233 1.4407655 0
4800 3872 4031 10 F  1.757919854  0.342261671 1.0255036 0
4801 4220 3944 10 M  2.689787290  1.233848504 1.1538771 0
4802 4220 3944 10 F  1.543298124 -0.042455595 1.4210562 0
4803 4220 3944 10 F  2.272534335  0.452819432 1.4325749 0
4804 4220 3944 10 F  1.947084845  0.580243508 1.2099013 0
4805 4220 3944 10 F  1.322269344 -0.121041376 1.2759375 0
4806 4220 4127 10 M  1.723518833  0.046064892 1.0695376 0
4807 4220 4127 10 F  3.618490836  1.320061242 1.6456249 0
4808 4220 4127 10 F  1.816271198  0.049020871 1.0559020 0
4809 4220 4127 10 F  1.145235228 -0.782640784 1.1427290 0
4810 4220 4127 10 F  3.119736768  0.742495752 1.2094832 0
4811 4325 4217 10 M  1.687814720 -0.285352220 1.1913195 0
4812 4325 4217 10 F  1.883836946 -0.059836266 1.5354535 0
4813 4325 4217 10 F  1.685834687 -0.118747165 1.2241282 0
4814 4325 4217 10 F  1.067420485 -0.607563778 1.2418904 0
4815 4325 4217 10 F  1.106145123 -0.869913417 1.2228000 0
4816 4325 4254 10 F  0.214260442 -0.350647179 0.7370789 0
4817 4325 4254 10 F  1.449243725  0.596316059 0.9790452 0
4818 4325 4254 10 F  0.377504199  0.360812422 0.8034706 0
4819 4325 4254 10 F  0.832281048 -0.109265873 0.7447730 0
4820 4325 4254 10 F  1.123862686  0.594985842 0.8307476 0
4821 4073 3970 10 M -0.783795728 -0.258633223 0.6017648 0
4822 4073 3970 10 M  0.511256535  0.612016515 0.7006363 0
4823 4073 3970 10 M -1.991354090 -0.981406725 0.5088156 0
4824 4073 3970 10 F  0.952473039 -0.340433801 1.1905451 0
4825 4073 3970 10 M  3.503967105  1.708935863 1.1181148 0
4826 4073 4017 10 F  0.752531288 -0.807698968 1.0601473 0
4827 4073 4017 10 M  2.756698868  1.200759549 0.8522818 0
4828 4073 4017 10 F -0.742739512 -0.778330302 0.8296126 0
4829 4073 4017 10 M -1.026150649 -0.472843065 0.6763738 0
4830 4073 4017 10 M  0.288980167 -0.186510989 0.8962749 0
4831 4324 4203 10 M  1.996780927  0.150611988 1.1654875 0
4832 4324 4203 10 M  2.015744864  0.643850685 1.1996650 0
4833 4324 4203 10 M  2.059493362  0.660085705 1.1119338 0
4834 4324 4203 10 M -0.020983970  0.173021191 0.6236474 0
4835 4324 4203 10 M  0.043670595 -0.920401114 0.7294241 0
4836 4324 4131 10 M -0.030925853 -0.658658140 0.9706264 0
4837 4324 4131 10 F  0.448025918 -0.004424997 0.8351138 0
4838 4324 4131 10 F  0.824598970 -0.738068515 1.2605224 0
4839 4324 4131 10 F  0.207532575 -0.150494016 1.0081615 0
4840 4324 4131 10 M  0.472530199 -0.078678777 0.8955596 0
4841 4281 4270 10 M  1.242154249  0.689968241 0.7165864 0
4842 4281 4270 10 M  1.724325017 -0.421627736 1.3024638 0
4843 4281 4270 10 F -0.991115157 -1.031984695 0.9644150 0
4844 4281 4270 10 M  0.336321581 -0.226385152 1.0163428 0
4845 4281 4270 10 M  3.353306901  1.624510829 1.1803095 0
4846 4281 3990 10 F -1.044653780 -1.022613152 0.7247122 0
4847 4281 3990 10 F  2.771425147  0.832098763 1.4178838 0
4848 4281 3990 10 F  2.170755988 -0.075041970 1.2404951 0
4849 4281 3990 10 M  2.418999331  0.649136022 1.4094277 0
4850 4281 3990 10 M  2.202089848 -0.112824123 1.3532885 0
