ID sire dam generation sex phen env tbvp gebvp
   1 4928 4959 5 M  2.26769220 -0.0779286778 1.7683686 0
   2 4928 4959 5 M  1.05088550 -0.6479182010 1.6399720 0
   3 4928 4959 5 F  2.16644613 -0.1976647252 1.7472168 0
   4 4928 4959 5 F  0.04614921 -1.1008533039 1.5089413 0
   5 4928 4959 5 F  1.58861608 -0.7262280897 1.9555515 0
   6 4928 4496 5 M  1.08702930 -0.4733366276 1.7590103 0
   7 4928 4496 5 M  2.99860733  0.8604461216 1.7857195 0
   8 4928 4496 5 F  1.84509434 -0.3646387940 1.7413895 0
   9 4928 4496 5 F  2.52657521  0.5132373188 1.8615105 0
  10 4928 4496 5 M  1.52375815 -0.5944064662 1.7706247 0
  11 4323 4584 5 M  1.89962714  0.4631167610 1.5690322 0
  12 4323 4584 5 F  2.67276449  1.7458445699 1.3861219 0
  13 4323 4584 5 F  0.30223699 -0.3963113919 1.2839905 0
  14 4323 4584 5 F  2.58665259  0.3518281065 1.7466451 0
  15 4323 4584 5 F  0.06767378 -0.1666740632 1.2176797 0
  16 4323 4499 5 F  1.33729173 -0.0441647541 1.6209233 0
  17 4323 4499 5 M  1.32851636 -0.3513104765 1.6568160 0
  18 4323 4499 5 M  2.18466407  0.9538029185 1.5316570 0
  19 4323 4499 5 F  3.11777933  1.8833031094 1.5429732 0
  20 4323 4499 5 M  1.12106722  0.0726144324 1.5504395 0
  21 4325 4676 5 F  3.94188142  1.1477599134 1.9427914 0
  22 4325 4676 5 M  1.15927444 -0.7144306195 1.7611217 0
  23 4325 4676 5 M  2.89838994  0.5353773724 1.7920876 0
  24 4325 4676 5 M  2.04071779  0.1527949592 1.7683948 0
  25 4325 4676 5 M  1.56456446 -0.1426935373 1.6026909 0
  26 4325 4662 5 F  1.47095668 -0.4752372821 1.6708118 0
  27 4325 4662 5 F  2.82990266  0.1245013368 2.0176079 0
  28 4325 4662 5 M  1.27430575 -0.0844667493 1.4971408 0
  29 4325 4662 5 M  1.84818362  0.0756652242 1.7530002 0
  30 4325 4662 5 F  1.90338636  0.1158485988 1.6596682 0
  31 4575 5067 5 M  1.09775669 -0.5751417003 1.5609082 0
  32 4575 5067 5 M  1.76710152 -0.1775998119 1.6923551 0
  33 4575 5067 5 M  1.22889150 -0.6985098722 1.6801582 0
  34 4575 5067 5 M  3.17258676  1.0616209738 1.7657342 0
  35 4575 5067 5 F  1.80464729 -0.0537391436 1.6725347 0
  36 4575 5230 5 F  2.34443127 -0.5760365808 2.1241887 0
  37 4575 5230 5 M  5.55888091  2.3801266556 2.0108144 0
  38 4575 5230 5 F  4.23919923  1.2816745824 1.9349327 0
  39 4575 5230 5 F  0.95575847 -1.6719249891 2.0525090 0
  40 4575 5230 5 M  3.79204806  0.1677826613 2.1783314 0
  41 4350 5210 5 F  1.35386407 -0.9012573598 1.8499546 0
  42 4350 5210 5 M  3.50692394  0.2691195893 2.1431101 0
  43 4350 5210 5 M  2.44375272 -0.5665774393 2.0075355 0
  44 4350 5210 5 M  1.11920014 -1.0075289460 1.8645266 0
  45 4350 5210 5 F  1.94133753 -0.4177823326 1.9538233 0
  46 4350 4309 5 M  1.64904078 -0.7245917947 1.8838404 0
  47 4350 4309 5 M  2.18057080  0.2199342409 1.7243518 0
  48 4350 4309 5 F  2.48747136 -0.0304602733 1.9449266 0
  49 4350 4309 5 F  2.84367076  0.0653760825 2.0117146 0
  50 4350 4309 5 M  3.15230628  0.5331290876 1.8928234 0
  51 4511 4492 5 M  2.22541075 -0.1170462623 1.9437691 0
  52 4511 4492 5 F  2.42330641  0.7870303812 1.5868865 0
  53 4511 4492 5 M  1.10364405  0.4351142591 1.3200670 0
  54 4511 4492 5 M  1.93471984 -0.4073895026 1.8897494 0
  55 4511 4492 5 M  1.07585122 -0.5622469284 1.6085877 0
  56 4511 4661 5 F  0.14790660 -0.9888437859 1.4261590 0
  57 4511 4661 5 M  3.17882426  0.4012929281 1.9906031 0
  58 4511 4661 5 M  0.77886771 -0.3615515730 1.5211167 0
  59 4511 4661 5 M  2.80450545  0.0238692109 1.9486533 0
  60 4511 4661 5 M  2.54340977 -0.3253244291 2.0098379 0
  61 4404 4821 5 M  1.19806141 -0.9802911690 1.8236355 0
  62 4404 4821 5 F  1.91097183 -0.3650141568 1.8752200 0
  63 4404 4821 5 M  2.59191365  0.4753020931 1.7326515 0
  64 4404 4821 5 M  3.87201935  1.5705134384 1.8884705 0
  65 4404 4821 5 M  2.93691078  0.0545723856 1.9983458 0
  66 4404 4424 5 M  2.50585519  0.4968944738 1.7121672 0
  67 4404 4424 5 M  1.33638650 -0.5204945881 1.6329569 0
  68 4404 4424 5 F  1.90692898  0.0674516030 1.6897369 0
  69 4404 4424 5 M  3.54765139  0.2854176234 2.0651626 0
  70 4404 4424 5 M  2.83407549  0.8320380077 1.7673341 0
  71 4301 4667 5 M  3.61928482  0.6973141730 1.9316949 0
  72 4301 4667 5 F  1.32966877 -0.1894125172 1.6646166 0
  73 4301 4667 5 M  1.38854052 -0.7028316188 1.9304469 0
  74 4301 4667 5 M  1.74341713 -0.8588209213 1.8885861 0
  75 4301 4667 5 M  2.03411163 -0.9555889201 2.0285667 0
  76 4301 4897 5 F  2.83464721  1.2279938987 1.7343949 0
  77 4301 4897 5 M  0.26373659 -0.3181165331 1.4909583 0
  78 4301 4897 5 M  0.50941170 -0.4992139303 1.4598026 0
  79 4301 4897 5 F  2.11645777  0.7098044479 1.6004894 0
  80 4301 4897 5 F  1.54534419  0.4593217187 1.6235719 0
  81 4344 4590 5 M  1.02488496 -0.6570734160 1.6442639 0
  82 4344 4590 5 F  2.90746362  0.7636581178 1.6399201 0
  83 4344 4590 5 M  2.12026036  0.5372484688 1.6191613 0
  84 4344 4590 5 F  1.65366178 -0.6767082902 1.7865734 0
  85 4344 4590 5 F -0.11053644 -1.5902567865 1.5368708 0
  86 4344 4859 5 F  2.69722461  0.0649682964 1.7901010 0
  87 4344 4859 5 M  1.73870515 -0.1041536493 1.6204221 0
  88 4344 4859 5 F  2.55527725  0.3331878977 1.7857539 0
  89 4344 4859 5 M  3.47231542  0.1299770969 1.9902276 0
  90 4344 4859 5 M  2.84956368  0.0419249598 1.8484037 0
  91 4341 4390 5 F -1.15912482 -0.9216254105 0.9896622 0
  92 4341 4390 5 F  0.41653759  0.5421558396 0.9466953 0
  93 4341 4390 5 M -1.06128105 -0.8322700396 1.0326394 0
  94 4341 4390 5 F -2.31715691 -1.9927225692 1.0257210 0
  95 4341 4390 5 M -0.58293193 -0.3555087620 0.9522226 0
  96 4341 4495 5 F  2.23698637  0.0497261139 1.8251898 0
  97 4341 4495 5 F  2.74935412  0.3314515808 1.8763419 0
  98 4341 4495 5 M  2.43248149  0.4258382718 1.9165981 0
  99 4341 4495 5 F  2.77275249  0.5841198614 1.7917560 0
 100 4341 4495 5 M  2.97338835  0.9319932687 1.8337230 0
 101 5020 4863 5 F  0.88624376 -0.9305821289 1.5843667 0
 102 5020 4863 5 F  2.49900160  0.7858903327 1.6531802 0
 103 5020 4863 5 M  3.03803911  1.5612728818 1.5358698 0
 104 5020 4863 5 M  2.62810275  0.9455280214 1.5934231 0
 105 5020 4863 5 M  1.49414001 -0.1440607802 1.5685840 0
 106 5020 4941 5 F  2.22878685  0.1692215790 1.6721336 0
 107 5020 4941 5 M  1.30975163 -0.6876176221 1.6550917 0
 108 5020 4941 5 F  4.42620507  1.6770784283 1.8314914 0
 109 5020 4941 5 M  2.76903710 -0.0405942861 1.8922149 0
 110 5020 4941 5 F  1.60276186 -0.1459749113 1.6150770 0
 111 4627 4583 5 M  3.13265626  0.2237226954 2.0080284 0
 112 4627 4583 5 M  2.24243792 -0.2362819019 1.9336050 0
 113 4627 4583 5 F  2.74294944 -0.0808020406 1.9799642 0
 114 4627 4583 5 F  3.84321486  1.5645185755 1.7546176 0
 115 4627 4583 5 M  2.00290556  0.1059052463 1.7350928 0
 116 4627 5258 5 M  3.02158579  0.8378130030 1.7596046 0
 117 4627 5258 5 F  3.15469625  0.4314072354 1.8704944 0
 118 4627 5258 5 M  1.67155841 -0.0859468773 1.6648348 0
 119 4627 5258 5 M  1.94891790  0.0317717068 1.7508385 0
 120 4627 5258 5 M  1.94932943 -0.5004088775 1.8378207 0
 121 4324 4864 5 M  2.76979454  0.0314341565 1.7745039 0
 122 4324 4864 5 F  2.25907057 -0.5742949830 1.8778972 0
 123 4324 4864 5 F  2.09558704 -0.0874127387 1.7987626 0
 124 4324 4864 5 F  1.37814029 -0.8435746601 1.7814887 0
 125 4324 4864 5 F  2.36701888 -0.2494517914 1.7749147 0
 126 4324 4489 5 F  2.12383558 -0.1135328208 1.7156746 0
 127 4324 4489 5 F  2.55728297  0.0833425437 1.8290341 0
 128 4324 4489 5 F  1.77614499  0.2340489147 1.6237438 0
 129 4324 4489 5 F  2.07095052 -0.2420552045 1.7046159 0
 130 4324 4489 5 M  3.14712966  0.4286369421 1.8628701 0
 131 4672 4737 5 M  1.45318270 -0.4030421694 1.6755235 0
 132 4672 4737 5 F  1.38379500 -0.5324047765 1.7856767 0
 133 4672 4737 5 M  1.42267043 -0.0417004279 1.5904058 0
 134 4672 4737 5 F  0.49090946 -0.6383273073 1.5142072 0
 135 4672 4737 5 M  1.30928310 -0.5675236313 1.7118211 0
 136 4672 5201 5 F  1.39809597 -0.2233988646 1.6428814 0
 137 4672 5201 5 F  1.80971908  0.0460060600 1.7441724 0
 138 4672 5201 5 M  0.93603409 -0.7023291949 1.6944307 0
 139 4672 5201 5 F  2.61595554  1.1265245756 1.6026285 0
 140 4672 5201 5 M  2.25429504 -0.9922912901 2.0000255 0
 141 5018 4490 5 M  3.50235266  0.9862523904 1.7795823 0
 142 5018 4490 5 M  2.67833945 -0.2777161063 1.8862664 0
 143 5018 4490 5 F  2.87787341  0.2330834651 1.8288371 0
 144 5018 4490 5 M  2.47647626 -0.4774148745 1.9153286 0
 145 5018 4490 5 M  3.47769938  0.6457198426 1.8836307 0
 146 5018 4728 5 F  4.19241043  0.9263433581 1.9713458 0
 147 5018 4728 5 F  2.38945838 -0.3044566388 1.8150195 0
 148 5018 4728 5 M  1.77277542 -0.9016330063 1.8358402 0
 149 5018 4728 5 M  3.24575977 -0.0916153483 2.0111670 0
 150 5018 4728 5 M  3.80361917  0.6756572933 1.8617419 0
 151 4329 4823 5 M  1.47366882 -0.1588016605 1.5977974 0
 152 4329 4823 5 F  0.29867337 -0.9218413233 1.5337978 0
 153 4329 4823 5 M  0.43268336 -1.5171340930 1.6287536 0
 154 4329 4823 5 F  1.41065389 -0.2140749147 1.6823651 0
 155 4329 4823 5 M  2.41755688  0.4606977803 1.6616153 0
 156 4329 4958 5 F  2.85025531  0.6450037048 1.8936847 0
 157 4329 4958 5 F  1.54507245 -0.2230265878 1.7959349 0
 158 4329 4958 5 F  1.37453282 -0.1504361776 1.7025318 0
 159 4329 4958 5 F  2.31512625 -0.3541883430 1.7835539 0
 160 4329 4958 5 F  1.61146773 -0.4465793870 1.8617554 0
 161 4755 4954 5 M  0.02093060 -0.2512421222 0.9945380 0
 162 4755 4954 5 M  1.42163042  1.5261396546 0.8441727 0
 163 4755 4954 5 F -0.71820902 -0.0897935777 0.5273487 0
 164 4755 4954 5 F  0.44564190  0.4660195051 0.7094899 0
 165 4755 4954 5 F -1.77109607 -0.8524105063 0.5378352 0
 166 4755 4463 5 F  3.32960692  0.5079679496 1.9511122 0
 167 4755 4463 5 F  2.31315976  0.1144284881 1.8208415 0
 168 4755 4463 5 M  2.02069070 -0.2166536729 1.8194406 0
 169 4755 4463 5 M  2.17932419  0.4526507202 1.5435305 0
 170 4755 4463 5 F  1.78747844 -0.5158456054 1.8075404 0
 171 4671 4937 5 M  3.45085270  0.7533996200 1.8873807 0
 172 4671 4937 5 M  2.35817057  0.0696466887 1.7510175 0
 173 4671 4937 5 M  1.67816879  0.3382430659 1.6056288 0
 174 4671 4937 5 M  1.89902339  0.5616811277 1.5897498 0
 175 4671 4937 5 M  0.01447196 -1.0488105508 1.4167460 0
 176 4671 4485 5 M  2.19397428 -0.6766460176 1.9042025 0
 177 4671 4485 5 F  2.35834093 -0.2457278503 1.7905291 0
 178 4671 4485 5 M  1.94810534  0.2733196900 1.6453016 0
 179 4671 4485 5 M  2.32678438 -0.0464549008 1.8149409 0
 180 4671 4485 5 F  3.47382302  0.8497713253 1.7615954 0
 181 4318 5213 5 M  0.84291278 -0.8335052975 1.5743503 0
 182 4318 5213 5 F  1.34536494 -0.8429324195 1.7472652 0
 183 4318 5213 5 M  2.17033369  0.1929711280 1.7405135 0
 184 4318 5213 5 M  3.37776231  1.4227528558 1.6602136 0
 185 4318 5213 5 M  1.47390742 -0.0044717808 1.5655611 0
 186 4318 5147 5 F  2.08541666 -0.1609769880 1.7712241 0
 187 4318 5147 5 F  1.77563562 -0.8155023200 1.8235231 0
 188 4318 5147 5 M  1.45757384 -0.1506562810 1.4901037 0
 189 4318 5147 5 M  3.23441508  0.5633782954 1.9671623 0
 190 4318 5147 5 M  2.47473115  0.9740698811 1.5068820 0
 191 4606 5150 5 M  2.97425466  0.8079348095 1.9324470 0
 192 4606 5150 5 M  1.37078718 -0.0709784954 1.7391688 0
 193 4606 5150 5 M  0.87067442 -0.5996207838 1.6560661 0
 194 4606 5150 5 F  2.13753948 -0.7419491591 1.9110936 0
 195 4606 5150 5 F  1.69545520 -0.3652302151 1.7295468 0
 196 4606 4301 5 M -0.45588170 -0.9333858059 1.1639857 0
 197 4606 4301 5 F  1.31419020  0.7162453681 1.1109148 0
 198 4606 4301 5 F -1.46591897 -1.2790388673 0.9997357 0
 199 4606 4301 5 M  0.93296543  0.5504207364 1.1484049 0
 200 4606 4301 5 F -0.09698765 -0.8450838894 1.2382134 0
 201 4608 4984 5 M  3.25141957  0.6154364730 1.9847730 0
 202 4608 4984 5 F  2.19862852  0.1418412233 1.8567075 0
 203 4608 4984 5 F  1.59025801 -0.7622914162 1.8902195 0
 204 4608 4984 5 F  3.07530988  1.2023473062 1.7637509 0
 205 4608 4984 5 F  0.90879746 -1.2308004947 1.8478388 0
 206 4608 4751 5 F  3.27735002  0.6558741629 2.0059860 0
 207 4608 4751 5 M  3.65027216  1.1471945916 1.9335829 0
 208 4608 4751 5 F  1.94902862 -0.4983763716 1.9336917 0
 209 4608 4751 5 M  3.19938327 -0.1759466412 2.0892049 0
 210 4608 4751 5 F  4.09105824  0.6005108790 2.1096479 0
 211 4517 4575 5 M -0.07930634  0.0046528003 1.0780102 0
 212 4517 4575 5 F -1.11887414 -0.8743155032 0.9521464 0
 213 4517 4575 5 F  0.40035884  0.2788964545 1.1876187 0
 214 4517 4575 5 F  0.49175747  0.1870932762 0.9906257 0
 215 4517 4575 5 F  0.53261456  0.2837560842 1.0738271 0
 216 4517 4978 5 M  2.17646855 -0.0313360384 1.8640593 0
 217 4517 4978 5 M  1.75830895 -0.5912737999 1.8314707 0
 218 4517 4978 5 F  2.27438037  0.0394081998 1.7618823 0
 219 4517 4978 5 F  2.40148290 -0.4516357287 1.9667196 0
 220 4517 4978 5 F  3.36173972  0.7072148371 2.0116678 0
 221 4576 4494 5 M  1.87197907 -1.1414306433 2.0004794 0
 222 4576 4494 5 M  2.75224413 -0.5831264910 1.9988047 0
 223 4576 4494 5 F  1.10164808 -1.2250110150 1.8269302 0
 224 4576 4494 5 M  2.75680746 -0.2714623318 1.9749533 0
 225 4576 4494 5 M  2.67226851  0.5088244282 1.8072779 0
 226 4576 5266 5 F  0.62279639  0.5399521668 1.1009924 0
 227 4576 5266 5 F  0.80507290  0.8507156196 1.0888303 0
 228 4576 5266 5 M  1.22138420  0.9080288158 1.2605358 0
 229 4576 5266 5 F -1.34990884 -0.8842661121 0.9645648 0
 230 4576 5266 5 M  1.75930564  1.5476466041 1.0920979 0
 231 4570 4933 5 M  0.27612348 -1.5724874176 1.7552788 0
 232 4570 4933 5 M  1.39799169 -1.1018775328 1.6960020 0
 233 4570 4933 5 M  2.71934573  0.8966801321 1.7012757 0
 234 4570 4933 5 F  3.02994024  0.8803680251 1.7542770 0
 235 4570 4933 5 F  1.42967613 -0.5030412452 1.8374135 0
 236 4570 4429 5 F  1.63036744 -1.1310716884 1.9468276 0
 237 4570 4429 5 M  2.10811805 -0.1391925887 1.8145535 0
 238 4570 4429 5 F  2.47116940  0.9615318447 1.5188324 0
 239 4570 4429 5 M  2.20970600  0.5775418778 1.6235747 0
 240 4570 4429 5 F  2.75749381  0.9566149802 1.6492683 0
 241 4952 4580 5 M  2.68236918  0.0379271316 1.8540263 0
 242 4952 4580 5 M -0.40495397 -1.5394066006 1.5467480 0
 243 4952 4580 5 F  1.76446424 -0.2396463762 1.8164363 0
 244 4952 4580 5 M  3.57638079  0.7507819368 2.0196441 0
 245 4952 4580 5 M  1.45744718 -0.0728040204 1.5535857 0
 246 4952 5218 5 M  1.34754176 -0.7390076301 1.7355788 0
 247 4952 5218 5 F  2.83841684  0.0166875649 1.9062048 0
 248 4952 5218 5 M  3.13598935  0.4184784320 1.8758436 0
 249 4952 5218 5 M  2.76278710  0.1753263319 1.7971477 0
 250 4952 5218 5 M  1.24276683 -0.5487258376 1.5673556 0
 251 5174 4860 5 M  2.67178342  0.7076696330 1.6089538 0
 252 5174 4860 5 F  2.64431943  0.7649969860 1.8113599 0
 253 5174 4860 5 F  4.15242522  1.3739726010 1.9431608 0
 254 5174 4860 5 F  3.14165213  0.6833743300 1.7547844 0
 255 5174 4860 5 F  1.58245988  0.5439422596 1.5303722 0
 256 5174 4330 5 F  1.86352988  0.2623510181 1.5275527 0
 257 5174 4330 5 M  0.89199307 -0.3819785535 1.4178732 0
 258 5174 4330 5 F  0.43336744 -1.4613011352 1.5918107 0
 259 5174 4330 5 F  1.90774010  0.6676732016 1.4306936 0
 260 5174 4330 5 M  2.61177098 -0.1724384864 1.7821194 0
 261 4787 4637 5 F  1.93485262 -0.1365973073 1.6341235 0
 262 4787 4637 5 F  2.50062021  0.0195475183 1.8023633 0
 263 4787 4637 5 M  2.46424673 -0.2682192527 1.8523404 0
 264 4787 4637 5 F  2.78115173  0.9217722514 1.5950845 0
 265 4787 4637 5 F  2.51909698 -0.4634025107 2.0085009 0
 266 4787 4725 5 M  3.00466665  1.0551224917 1.8612309 0
 267 4787 4725 5 F  2.21780197  0.8863113934 1.4865194 0
 268 4787 4725 5 M  2.53238885 -0.6803406856 1.9942017 0
 269 4787 4725 5 M  3.50729611  0.4794185422 2.1526937 0
 270 4787 4725 5 F  2.64044654  0.1000533077 1.7775836 0
 271 4639 4798 5 F  1.77398427  0.4412515169 1.4669834 0
 272 4639 4798 5 F  0.98087364 -0.2570406156 1.5746559 0
 273 4639 4798 5 F  2.66209995  0.1906555099 1.8031456 0
 274 4639 4798 5 F  4.40470004  1.3797631350 2.0352343 0
 275 4639 4798 5 F  0.90943637 -0.7941198442 1.7313855 0
 276 4639 4630 5 M  2.76487329 -0.3775053402 2.0567982 0
 277 4639 4630 5 M  2.60194869  0.0941801917 1.8968301 0
 278 4639 4630 5 M  2.39947526  0.1107920095 1.9079390 0
 279 4639 4630 5 F  3.28191110 -0.3810055936 2.1618456 0
 280 4639 4630 5 M  3.63396240 -0.0931239612 2.2455276 0
 281 4567 5061 5 M  3.71419529  1.1265062181 2.0751162 0
 282 4567 5061 5 M  2.20030784  0.3973287784 1.8028112 0
 283 4567 5061 5 M  3.18797318  0.4339044616 1.9837778 0
 284 4567 5061 5 F  3.48184423  0.8543839031 1.9122800 0
 285 4567 5061 5 F  3.43266054  0.4094544893 2.1579011 0
 286 4567 5232 5 F  1.50133134 -0.3518674001 1.6958161 0
 287 4567 5232 5 F  1.44987600 -0.3440748499 1.5579675 0
 288 4567 5232 5 M  1.74765726  0.3006405380 1.6184687 0
 289 4567 5232 5 F  0.62714782 -0.6394976828 1.5613815 0
 290 4567 5232 5 F  1.55941349  0.4291297205 1.4955858 0
 291 4469 4829 5 M  1.45037536 -0.4841307821 1.6702130 0
 292 4469 4829 5 F  3.83908298  0.3718607263 2.2951582 0
 293 4469 4829 5 F  3.33584604  0.1729150562 2.2887205 0
 294 4469 4829 5 M  4.01384104  1.0553742075 1.9811548 0
 295 4469 4829 5 M  2.94489086 -0.4392411740 2.1782345 0
 296 4469 4995 5 M  3.34836314  0.5060310797 1.9015999 0
 297 4469 4995 5 M  2.71455314 -0.1641395910 1.9003572 0
 298 4469 4995 5 M  0.13487435 -1.2439912899 1.7221247 0
 299 4469 4995 5 M  3.88083739  0.8293566942 1.9603718 0
 300 4469 4995 5 F  1.45997076 -0.3010283298 1.6460361 0
 301 4451 4421 5 M  1.34661902 -0.3210982224 1.7170416 0
 302 4451 4421 5 M  1.10050157 -0.5651901330 1.6182732 0
 303 4451 4421 5 F  2.04489045  0.2004841651 1.7116741 0
 304 4451 4421 5 F  2.67721592  0.3596915544 1.7795010 0
 305 4451 4421 5 F  0.90927363 -0.6517757483 1.6179957 0
 306 4451 4956 5 F  1.94237497  0.3532429707 1.5544260 0
 307 4451 4956 5 F  2.48881572  0.7177723362 1.6892133 0
 308 4451 4956 5 M  2.60314860 -0.1679259975 1.7580190 0
 309 4451 4956 5 M  2.83383924 -0.4441731357 2.0559609 0
 310 4451 4956 5 M  1.17478609 -0.4706222128 1.6060176 0
 311 4752 4386 5 M  2.07647946 -0.6046203211 1.8362562 0
 312 4752 4386 5 F  2.15808417 -0.3772518794 1.7416938 0
 313 4752 4386 5 M  4.62997555  1.8119744058 1.8910223 0
 314 4752 4386 5 M  2.00303033 -0.6922605832 1.8655935 0
 315 4752 4386 5 M  3.07163004  0.5284530154 1.8047567 0
 316 4752 4577 5 M -1.12883560 -0.5040968524 0.7137832 0
 317 4752 4577 5 M -0.51377209 -0.1123574501 0.7677957 0
 318 4752 4577 5 F -1.45900837 -1.2175944712 0.9332370 0
 319 4752 4577 5 F -0.52103818 -0.0501592431 0.7805999 0
 320 4752 4577 5 F  0.78958946  1.0890693508 0.9375426 0
 321 4854 5228 5 M  1.78795396 -1.4058848338 1.8939584 0
 322 4854 5228 5 F  2.00291862 -0.2271408269 1.7569384 0
 323 4854 5228 5 F  2.24930911  0.1785572620 1.7327500 0
 324 4854 5228 5 M  2.39838400  0.1016234358 1.8328199 0
 325 4854 5228 5 M  2.90234263 -0.4109054336 2.1055080 0
 326 4854 5222 5 F  2.65955207  0.9284618632 1.6889212 0
 327 4854 5222 5 M  3.13275786  0.0065326203 2.0881642 0
 328 4854 5222 5 F  1.67537384 -0.4921730606 1.8394508 0
 329 4854 5222 5 F  2.85616220 -0.1082880057 1.9416010 0
 330 4854 5222 5 F  2.79825956  0.5084468175 1.8179938 0
 331 5266 4332 5 M  2.67330079 -0.2790413250 1.9548249 0
 332 5266 4332 5 F  0.38118429 -1.0780693388 1.5865195 0
 333 5266 4332 5 F  2.22339002  0.3850066868 1.5419405 0
 334 5266 4332 5 F  3.35828144  0.3904738197 2.0722321 0
 335 5266 4332 5 M  2.11793687 -0.1077619559 1.8076250 0
 336 5266 4397 5 M  3.24083133  0.9489524013 1.8228368 0
 337 5266 4397 5 M  2.59010508  0.0732272674 1.8595951 0
 338 5266 4397 5 F  2.37776403  0.0503211465 1.7895083 0
 339 5266 4397 5 M  1.72548773 -0.2262363296 1.6950231 0
 340 5266 4397 5 F  2.10399188 -0.2926187893 1.7206205 0
 341 4450 4422 5 F  0.72504977 -1.1963240735 1.6565793 0
 342 4450 4422 5 M  1.27894676 -0.0834262410 1.5308712 0
 343 4450 4422 5 M  1.59964265  0.1196898367 1.5625399 0
 344 4450 4422 5 F  1.73742754  0.0733241764 1.5689034 0
 345 4450 4422 5 F  1.38739233 -0.2871671931 1.5940136 0
 346 4450 4334 5 F  1.90611416  0.0146602779 1.7454067 0
 347 4450 4334 5 F  2.02982199  0.0125230842 1.6463476 0
 348 4450 4334 5 F  1.55291001 -0.5639257386 1.6707325 0
 349 4450 4334 5 F  3.47289859  0.5119215350 1.9201426 0
 350 4450 4334 5 M  3.21747598  0.2600424900 1.9458903 0
 351 4561 4731 5 F  0.23663907 -0.8228409930 1.4469214 0
 352 4561 4731 5 F  2.29462317  0.4601470581 1.5894020 0
 353 4561 4731 5 M  1.31246119  0.2012390888 1.5618429 0
 354 4561 4731 5 F  0.50763080 -0.9225094490 1.6381432 0
 355 4561 4731 5 F  2.07931153  0.7870157384 1.5944208 0
 356 4561 4569 5 F  0.34363103  0.7327929901 0.7052907 0
 357 4561 4569 5 F -0.39480429  0.0567325790 0.7557930 0
 358 4561 4569 5 M  1.24762757  1.9988326741 0.7405260 0
 359 4561 4569 5 F -0.50981030 -0.1818064413 0.8932251 0
 360 4561 4569 5 M -0.28657259 -0.0515914562 0.7825189 0
 361 4380 4945 5 F  1.75381593 -0.2825091098 1.7728955 0
 362 4380 4945 5 F  0.48802727 -0.9728000574 1.6929402 0
 363 4380 4945 5 F  0.80212381 -0.6041172113 1.6493285 0
 364 4380 4945 5 M  2.12045250  0.6228698895 1.6710105 0
 365 4380 4945 5 M  3.07845119  0.8015599582 1.8705956 0
 366 4380 5068 5 M  1.49624391 -0.3163164980 1.6639014 0
 367 4380 5068 5 M  1.10107810 -0.8986289270 1.7779415 0
 368 4380 5068 5 F  2.53531864 -0.0262709665 1.8211678 0
 369 4380 5068 5 M  3.33829516  1.2763348865 1.7808079 0
 370 4380 5068 5 F  3.23714513  1.2322796872 1.7636348 0
 371 4675 4477 5 M  2.19292708  0.6572304441 1.6100405 0
 372 4675 4477 5 F  3.06059149  0.6952990070 1.6775670 0
 373 4675 4477 5 F  2.33591011  0.6404412083 1.6001157 0
 374 4675 4477 5 F  2.78351963  0.8285676626 1.6333589 0
 375 4675 4477 5 M  3.64355030  0.7942205554 1.8291748 0
 376 4675 4565 5 F  2.57609397  0.5790206469 1.6899225 0
 377 4675 4565 5 M  3.10873936  1.2567571097 1.6065545 0
 378 4675 4565 5 F  1.11528859 -0.9859978353 1.8168525 0
 379 4675 4565 5 M  1.27004731 -0.5661385721 1.7417302 0
 380 4675 4565 5 F  2.51545105  0.2137999151 1.8335883 0
 381 4390 5291 5 F  2.74082568 -0.4321963357 1.9965351 0
 382 4390 5291 5 M  2.80712322  0.0379547759 1.8528396 0
 383 4390 5291 5 F  0.92127726 -0.6838724830 1.6327256 0
 384 4390 5291 5 M  2.79440525  0.1194114514 1.9286751 0
 385 4390 5291 5 F  3.99127529  1.0929942293 1.9873622 0
 386 4390 5208 5 M  2.87981699  0.3182213156 1.8814205 0
 387 4390 5208 5 F  2.29044272 -0.3404147945 1.9275933 0
 388 4390 5208 5 F  2.43700602 -0.2182914917 1.9112065 0
 389 4390 5208 5 M  2.17092373 -0.6193757970 1.9686091 0
 390 4390 5208 5 M  2.58816984 -0.3077175156 2.0271522 0
 391 4699 5064 5 F -0.45808005 -0.1430706594 0.7841502 0
 392 4699 5064 5 M -0.65998434 -0.3002179166 0.7684399 0
 393 4699 5064 5 F  1.44862994  1.8571553965 0.8062769 0
 394 4699 5064 5 M  0.25629417  1.1483187295 0.6560089 0
 395 4699 5064 5 F -0.22716449 -0.3629568726 0.8674770 0
 396 4699 4526 5 M  3.68278882  0.8870103036 1.9108974 0
 397 4699 4526 5 F  2.22167801 -0.6885939722 1.9678168 0
 398 4699 4526 5 M  3.02104753  0.2996091855 1.9761863 0
 399 4699 4526 5 M  1.87876625 -1.1663083386 1.9600515 0
 400 4699 4526 5 M  3.76719231  0.6236132784 1.9355588 0
 401 4912 4986 5 F  1.57868560  0.1431912962 1.5234373 0
 402 4912 4986 5 F  2.51389935  0.2860746779 1.7964749 0
 403 4912 4986 5 F  2.20347910  0.1495212915 1.8084778 0
 404 4912 4986 5 M  4.03636319  1.5270916280 1.8609171 0
 405 4912 4986 5 F  1.02351584 -0.9372108117 1.7734617 0
 406 4912 4668 5 M  3.14566569 -0.0336728634 2.1623021 0
 407 4912 4668 5 M  1.93401486 -0.2527015853 1.8620828 0
 408 4912 4668 5 F  1.31595237 -0.0092409092 1.6786971 0
 409 4912 4668 5 M  2.89907761 -0.0609393256 1.9012104 0
 410 4912 4668 5 F  3.37989418  1.0109957009 1.9355546 0
 411 4954 4729 5 M  2.68762893  0.9903914702 1.5097494 0
 412 4954 4729 5 F  2.82795769 -0.2363280361 1.9742477 0
 413 4954 4729 5 F  1.72824236 -0.2879861847 1.9356908 0
 414 4954 4729 5 M  2.73056983  0.5734926533 1.6426878 0
 415 4954 4729 5 F  2.04380987 -1.0259772115 2.1752954 0
 416 4954 4943 5 M  2.29895533 -0.8519990590 2.0026023 0
 417 4954 4943 5 F  2.55519213 -0.0106744721 1.8488048 0
 418 4954 4943 5 F  1.68674648 -0.2471298644 1.6049562 0
 419 4954 4943 5 F  2.98415915  1.0375647322 1.6048491 0
 420 4954 4943 5 F  1.58995087 -0.0307219408 1.6819544 0
 421 4996 4358 5 M  2.42054419  0.7577902079 1.5847908 0
 422 4996 4358 5 M  1.91828163  0.0537318972 1.6796188 0
 423 4996 4358 5 M  3.00897181  0.9037060804 1.7660018 0
 424 4996 4358 5 F  1.82409067 -0.2016291788 1.7220349 0
 425 4996 4358 5 F  1.68838280 -0.2409288083 1.7376212 0
 426 4996 5287 5 M  2.52060260  0.5955100012 1.6750906 0
 427 4996 5287 5 M  2.33024972 -0.3892802905 1.7471293 0
 428 4996 5287 5 M  1.51227147 -0.5856471847 1.7037872 0
 429 4996 5287 5 F  1.50040258 -0.4838804977 1.7373247 0
 430 4996 5287 5 M  2.47700118 -0.3181071272 1.8036474 0
 431 4602 4310 5 M  1.56151906 -0.3877820669 1.6255051 0
 432 4602 4310 5 F  2.09555764  0.0342833354 1.6525587 0
 433 4602 4310 5 F  3.13387081  0.6395073412 1.9100272 0
 434 4602 4310 5 F  1.12392550 -0.8024630670 1.6176378 0
 435 4602 4310 5 M  2.50996586  0.2047306846 1.7316898 0
 436 4602 5200 5 F  1.03510558 -0.4450109180 1.5757116 0
 437 4602 5200 5 F  1.50578017  0.3894548667 1.5309218 0
 438 4602 5200 5 M  1.10461955  0.3176866063 1.5751515 0
 439 4602 5200 5 M  0.59170893 -0.5932000136 1.5516461 0
 440 4602 5200 5 M  1.91027177  0.6445462037 1.5993697 0
 441 4376 4942 5 F  1.99933150 -0.2915213877 1.8497821 0
 442 4376 4942 5 M  3.57971809  0.7054955692 1.9008141 0
 443 4376 4942 5 F  3.18374939  0.0774995738 1.8869747 0
 444 4376 4942 5 F  3.20207071  0.3198728376 1.9347404 0
 445 4376 4942 5 F  4.00814864  1.1375550879 1.9664450 0
 446 4376 4682 5 M  1.90724855 -0.3617285798 1.8933927 0
 447 4376 4682 5 M  1.82560584  0.2638940986 1.6867943 0
 448 4376 4682 5 F  2.57127578  0.1768744943 1.9576726 0
 449 4376 4682 5 M  1.70995050 -0.4555976566 1.8338108 0
 450 4376 4682 5 M  3.07986051  1.2450477980 1.7475280 0
 451 4913 4632 5 M  3.60159880  1.0624500887 1.7833558 0
 452 4913 4632 5 F  3.51495832  0.4900670848 2.0562039 0
 453 4913 4632 5 F  2.98865693 -0.4421322733 2.1472078 0
 454 4913 4632 5 M  4.20421362  0.8266812667 2.0122369 0
 455 4913 4632 5 M  5.77830605  2.4784527148 2.1684362 0
 456 4913 4302 5 F  1.31508509 -0.0478390400 1.6719137 0
 457 4913 4302 5 F  1.92437804  0.4672609594 1.6225742 0
 458 4913 4302 5 M  1.39336379 -0.1540058038 1.6576373 0
 459 4913 4302 5 M  1.81157850 -0.5810349852 1.9343578 0
 460 4913 4302 5 F  1.45729632 -0.7816078792 1.9370349 0
 461 4306 4589 5 M  1.23032787 -0.2474974252 1.7119579 0
 462 4306 4589 5 F  2.44746626  0.0783831951 1.7988841 0
 463 4306 4589 5 M  1.99075054 -0.2690634743 1.8457529 0
 464 4306 4589 5 F  0.54572545 -0.7331268620 1.4763215 0
 465 4306 4589 5 M  2.22014481  0.1858613479 1.7791069 0
 466 4306 5062 5 M  1.39242210 -0.3823710577 1.8947303 0
 467 4306 5062 5 F  1.72586136 -0.3802412768 1.8945535 0
 468 4306 5062 5 M  2.19229913 -0.6469187011 2.2411807 0
 469 4306 5062 5 F  0.84858699 -0.5483032806 1.8404815 0
 470 4306 5062 5 F  3.83513362  1.5442938769 1.9057733 0
 471 5064 4730 5 M  1.80347133  0.2501919939 1.6001862 0
 472 5064 4730 5 F  1.54665866  0.3154401534 1.4917790 0
 473 5064 4730 5 F  1.53753886  0.2331117378 1.8119085 0
 474 5064 4730 5 M  1.52808399  0.1141557364 1.7011492 0
 475 5064 4730 5 F  0.99411999 -0.5966098400 1.7800334 0
 476 5064 4464 5 F  2.80657948 -0.0261287785 1.8286663 0
 477 5064 4464 5 M  2.85123347  0.0031231578 1.8986652 0
 478 5064 4464 5 M  3.84605206  0.9554049053 2.0312694 0
 479 5064 4464 5 F  1.84632224 -0.3280110979 1.7503803 0
 480 5064 4464 5 F  1.24908037 -0.9210757963 1.6673582 0
 481 4441 4527 5 M  1.78975897 -0.9885072078 2.0261254 0
 482 4441 4527 5 M  2.50774847 -0.0273542493 2.0043588 0
 483 4441 4527 5 F  3.50459081  1.0983659402 1.7999286 0
 484 4441 4527 5 F  2.25935107 -1.0329936492 1.9953131 0
 485 4441 4527 5 F  2.32632062 -0.0190702672 1.9967653 0
 486 4441 4517 5 F -1.43354765 -1.0579645132 0.8020990 0
 487 4441 4517 5 M  0.57304914  0.6094422040 0.9186962 0
 488 4441 4517 5 F  0.37748301  0.7095093117 1.0253134 0
 489 4441 4517 5 M -0.38335723 -0.1113811768 0.7632816 0
 490 4441 4517 5 F -0.71191931 -0.3903189273 0.9261468 0
 491 4927 4762 5 F  2.11965682  0.3749038971 1.5593653 0
 492 4927 4762 5 F  2.90168517  0.1844214493 1.7769455 0
 493 4927 4762 5 F  0.13235931 -1.0091959496 1.6533309 0
 494 4927 4762 5 M  0.34520015 -0.9955719810 1.5115684 0
 495 4927 4762 5 M  1.82586820 -0.5456596229 1.8557452 0
 496 4927 4796 5 M  1.14121484 -1.0463282100 1.6917354 0
 497 4927 4796 5 M  2.02821448 -0.8519937136 1.9554070 0
 498 4927 4796 5 M  2.43725697  0.0407345134 1.6883430 0
 499 4927 4796 5 F  1.45488996 -0.4084771679 1.6440276 0
 500 4927 4796 5 F  1.58188598 -0.8918590596 1.7170270 0
 501 4594 4664 5 F  0.95071335 -1.1581627242 1.7521567 0
 502 4594 4664 5 F  3.08500752  0.8797640521 1.7406094 0
 503 4594 4664 5 F  0.44442182 -1.1025804498 1.4735957 0
 504 4594 4664 5 F  0.42630767 -0.3115228892 1.2787016 0
 505 4594 4664 5 M  2.51825390  1.1993622424 1.5531006 0
 506 4594 4989 5 M  1.32615750  0.0519198509 1.3935487 0
 507 4594 4989 5 F  0.40378303 -1.0135493826 1.4084403 0
 508 4594 4989 5 F  1.53051187  0.0193165257 1.4968405 0
 509 4594 4989 5 F  0.98519738 -0.3718993365 1.5017759 0
 510 4594 4989 5 F  1.09845704 -0.0564168450 1.3818478 0
 511 4314 4834 5 F  2.89151288 -0.2063981507 2.0583034 0
 512 4314 4834 5 M  3.43541576  0.9908606054 1.7150846 0
 513 4314 4834 5 F  0.08501567 -1.3709485948 1.5498863 0
 514 4314 4834 5 F  1.71072868 -0.6168106194 1.7125995 0
 515 4314 4834 5 F  1.33576217  0.0770804405 1.4565346 0
 516 4314 4488 5 F  3.25843755  0.2362966804 2.0373309 0
 517 4314 4488 5 F  3.52154356  0.3718144477 2.0483161 0
 518 4314 4488 5 F  2.98520826  0.3757219173 1.9288441 0
 519 4314 4488 5 M  1.74962380 -0.7590791808 1.7146580 0
 520 4314 4488 5 F  1.35003851 -0.9099061751 1.7259955 0
 521 5267 4641 5 F  2.43533106 -0.5220461121 2.0601834 0
 522 5267 4641 5 M  4.27497000  1.1562506331 2.0161264 0
 523 5267 4641 5 F  3.65008572  0.2787558930 1.9736735 0
 524 5267 4641 5 M  3.59451831  0.6981261776 1.8962136 0
 525 5267 4641 5 M  2.83099913  0.0070190924 2.0391644 0
 526 5267 4756 5 M  2.32666550  0.0060527607 1.7720789 0
 527 5267 4756 5 F  3.03182793 -0.2938635285 2.1563068 0
 528 5267 4756 5 M  1.45781547 -0.9318452521 1.8768195 0
 529 5267 4756 5 F  3.43417880  0.2763115224 2.0216200 0
 530 5267 4756 5 F  3.01597366 -0.1057122516 1.9615689 0
 531 4677 5290 5 M  1.32278618  0.1841618681 1.3442946 0
 532 4677 5290 5 M  2.70548273  0.2964836441 1.7649558 0
 533 4677 5290 5 F  1.88945150  0.1556772366 1.5665014 0
 534 4677 5290 5 F  0.21476410 -1.1870701507 1.5174503 0
 535 4677 5290 5 M  1.31719699  0.1822880786 1.4381476 0
 536 4677 4722 5 F  2.08917151 -0.2582640154 1.9261144 0
 537 4677 4722 5 M  1.93220443 -0.4217340935 1.7722376 0
 538 4677 4722 5 M  2.89117833  0.4607151189 1.7083520 0
 539 4677 4722 5 M  2.42754276  0.3930055542 1.9427112 0
 540 4677 4722 5 F  2.57917908 -0.2216756883 1.8823797 0
 541 4777 5209 5 M  3.29110074  0.2647757516 2.1442950 0
 542 4777 5209 5 F  2.89554803  0.2106310749 2.0845273 0
 543 4777 5209 5 F  3.42432662  0.0237175509 2.1566528 0
 544 4777 5209 5 F  2.25031798 -0.1327369245 1.9702520 0
 545 4777 5209 5 M  2.36592056 -0.2666276100 2.0420542 0
 546 4777 4736 5 M  1.81466420 -0.2558994620 1.7540673 0
 547 4777 4736 5 F  1.10323382 -0.2437234146 1.5637127 0
 548 4777 4736 5 F  1.05852903 -0.9032290376 1.7007819 0
 549 4777 4736 5 M  1.98713818 -0.2441770333 1.8764495 0
 550 4777 4736 5 F  1.83084811 -0.0240698228 1.6235326 0
 551 4328 5270 5 F  2.29922643 -0.3735223555 1.7731464 0
 552 4328 5270 5 F  2.31264915 -0.4175404204 1.8598418 0
 553 4328 5270 5 F  2.88381256  0.3768526087 1.6839138 0
 554 4328 5270 5 F  1.70522436 -0.7970663244 1.7515004 0
 555 4328 5270 5 M  4.06412702  0.7474326779 2.0224502 0
 556 4328 4639 5 F -0.63704426  0.2186119706 0.7874375 0
 557 4328 4639 5 M -0.62247116 -0.8182611516 1.1007716 0
 558 4328 4639 5 M  0.66956635  0.2822926309 1.1829476 0
 559 4328 4639 5 M  0.46566533  0.0171484827 1.1035968 0
 560 4328 4639 5 M  0.35858757  0.5786704524 0.9429751 0
 561 4892 4723 5 M  2.68736864  0.7261954613 1.6348347 0
 562 4892 4723 5 F  2.23164942 -0.0753586242 1.8148963 0
 563 4892 4723 5 F  2.81112315 -0.4569093256 2.0268443 0
 564 4892 4723 5 M  3.73524306  0.9150965337 1.8880501 0
 565 4892 4723 5 M  4.30333259  0.7805564314 2.0909321 0
 566 4892 4418 5 F  2.12280041 -1.0135268590 1.9825199 0
 567 4892 4418 5 F  3.14506074  0.7450236646 1.7470024 0
 568 4892 4418 5 M  3.76235104  1.0395260688 1.7885286 0
 569 4892 4418 5 M  3.91769781  0.5550333161 2.0248783 0
 570 4892 4418 5 F  2.48330374  0.4074366883 1.5670499 0
 571 4460 4885 5 F  2.79433395  0.1826417591 1.8493331 0
 572 4460 4885 5 F  1.30775248 -0.9474117472 1.7186313 0
 573 4460 4885 5 M  1.35648129 -1.2002252630 1.8496999 0
 574 4460 4885 5 F  2.09543101 -0.6494410090 1.8742160 0
 575 4460 4885 5 M  3.29881598  0.2224531429 2.0315952 0
 576 4460 4983 5 M  3.33419927  0.0365784159 2.0726479 0
 577 4460 4983 5 M  2.19175807 -0.5326930882 1.8355238 0
 578 4460 4983 5 F  2.95771049 -0.0675269915 2.0318376 0
 579 4460 4983 5 M  4.02564315  0.7259885691 2.1296146 0
 580 4460 4983 5 F  2.48703110 -0.0135496290 1.8239812 0
 581 4453 4688 5 M  2.71280348  0.9165976528 1.6512579 0
 582 4453 4688 5 F  1.59423800 -0.5125557867 1.6602650 0
 583 4453 4688 5 F  2.25918916 -0.2135187781 1.8016722 0
 584 4453 4688 5 M  2.12934223  0.3012768624 1.6233939 0
 585 4453 4688 5 F  1.72934929 -0.7736784708 1.8092449 0
 586 4453 4790 5 M  1.20131894 -0.5981676596 1.6933943 0
 587 4453 4790 5 M  2.31945563 -0.0588822526 1.8727785 0
 588 4453 4790 5 F  4.14981275  1.1511916905 2.0097557 0
 589 4453 4790 5 F  2.86825189  0.9750423293 1.6579432 0
 590 4453 4790 5 M  0.87648144 -1.3394238442 1.7673852 0
 591 5175 4896 5 M  1.96791311 -0.2909523492 1.7340704 0
 592 5175 4896 5 M  3.12066280 -0.1598411210 2.0893335 0
 593 5175 4896 5 F  1.26845868 -0.3420302381 1.5853539 0
 594 5175 4896 5 M  2.11974196  0.2659681606 1.6597810 0
 595 5175 4896 5 M  3.26037078  1.2947778067 1.6827499 0
 596 5175 4726 5 M  3.63664485  0.7696286748 1.9683005 0
 597 5175 4726 5 M  1.49838506 -0.2855708422 1.7590246 0
 598 5175 4726 5 M  4.30334606  1.5872158492 1.9817592 0
 599 5175 4726 5 F  1.48184068 -0.3160869694 1.6550181 0
 600 5175 4726 5 F  1.63586984 -0.7684628430 1.8256082 0
 601 4552 4703 5 M  1.62793078 -0.6799275535 1.8363093 0
 602 4552 4703 5 M  1.85840858 -0.0410271132 1.9625590 0
 603 4552 4703 5 F  2.41238535 -0.2073146572 1.9709472 0
 604 4552 4703 5 F  2.76813833  0.9155195218 1.8604039 0
 605 4552 4703 5 M  3.42337038  0.5240371423 1.9928199 0
 606 4552 4898 5 M  2.51180698  0.6181501646 1.5764787 0
 607 4552 4898 5 F  1.61080271  0.2331883336 1.5392184 0
 608 4552 4898 5 M  0.65922204 -0.4441369403 1.4112417 0
 609 4552 4898 5 M  0.43821604 -0.5940084576 1.4621997 0
 610 4552 4898 5 F  1.52807500  0.0787994748 1.4756425 0
 611 4481 4721 5 M  2.78873211  0.4540585887 1.8102260 0
 612 4481 4721 5 F  2.49468260 -0.4296509132 2.0109006 0
 613 4481 4721 5 M  3.43235860  0.3970980999 2.0408586 0
 614 4481 4721 5 M  2.34245230  0.3024784508 1.8322511 0
 615 4481 4721 5 F  3.58919450  1.6369704426 1.7053625 0
 616 4481 4635 5 M  3.07920157  0.4746313993 1.9362139 0
 617 4481 4635 5 F  3.42727014  0.8365710521 1.8416182 0
 618 4481 4635 5 M  4.69716019  1.8696843833 1.9585118 0
 619 4481 4635 5 F  1.91495202 -0.1337685286 1.6849769 0
 620 4481 4635 5 F  3.06205303 -0.0029557321 1.9908856 0
 621 4692 4969 5 F  0.53593685 -0.6902678792 1.5049860 0
 622 4692 4969 5 M  3.66495540  0.9349056661 1.9163329 0
 623 4692 4969 5 M  1.24856273  0.3273889312 1.3805464 0
 624 4692 4969 5 M  3.18264497  1.7618556403 1.4126106 0
 625 4692 4969 5 F  2.67461088  0.6045127390 1.6165258 0
 626 4692 4891 5 M  2.58691263 -0.0934743644 1.8453670 0
 627 4692 4891 5 M  1.19754715 -0.7765658693 1.5476241 0
 628 4692 4891 5 M  2.43918013 -0.0851720383 1.8143288 0
 629 4692 4891 5 F  0.22207451 -1.3746899738 1.4286115 0
 630 4692 4891 5 F  1.22331452 -1.0269959179 1.7244595 0
 631 4391 4772 5 F  2.71975053 -0.2380595588 2.2077710 0
 632 4391 4772 5 M  2.55106843 -0.8698045020 2.2458950 0
 633 4391 4772 5 F  0.77633348 -1.0946672257 1.7872477 0
 634 4391 4772 5 F  3.21965385  0.6643050640 1.7910513 0
 635 4391 4772 5 F  2.27979426 -0.5424806617 1.9807754 0
 636 4391 4717 5 M  1.88186906 -0.6322349495 1.8057115 0
 637 4391 4717 5 F  2.84287276 -0.2490988305 2.0412675 0
 638 4391 4717 5 M  2.34733223 -0.0205441762 1.8910162 0
 639 4391 4717 5 M  2.60842568  1.3587257374 1.6604813 0
 640 4391 4717 5 F  2.05473077 -0.4102342033 1.9226608 0
 641 4398 5253 5 M  2.81772580  0.8633337032 1.7391717 0
 642 4398 5253 5 M  3.10144771 -0.0294245589 1.9474896 0
 643 4398 5253 5 M  2.15298515  0.0095836404 1.7765800 0
 644 4398 5253 5 F  1.69896608  0.1442539386 1.5727914 0
 645 4398 5253 5 F  2.28687902  1.2465513344 1.5172854 0
 646 4398 4831 5 M  1.85993419 -0.1560313277 1.8392372 0
 647 4398 4831 5 F  3.59982195  1.1212530521 1.9295223 0
 648 4398 4831 5 F  2.70432294  0.2484116186 1.9325232 0
 649 4398 4831 5 F  0.72421295 -0.6156380183 1.6103482 0
 650 4398 4831 5 F  2.18230367 -0.6147938695 2.0905001 0
 651 5086 4740 5 M  1.11690257 -0.5212345834 1.7092729 0
 652 5086 4740 5 F  2.57061122  0.4794793400 1.6951989 0
 653 5086 4740 5 M  3.25706034 -0.1700254416 2.0434115 0
 654 5086 4740 5 M  3.64240845  1.3503283647 1.8849920 0
 655 5086 4740 5 F  2.39990215 -0.1659147929 1.8788653 0
 656 5086 4774 5 F  2.56647459 -0.4740927428 2.0222460 0
 657 5086 4774 5 M  4.07662490  1.3606461886 1.9857562 0
 658 5086 4774 5 F  3.78250987  0.8885627818 2.0590480 0
 659 5086 4774 5 F  3.49058669  0.6709757582 1.9990915 0
 660 5086 4774 5 F  2.34954879 -0.6098412015 2.0514892 0
 661 4409 5105 5 M  3.36393371  1.5692641081 1.6286344 0
 662 4409 5105 5 F  1.30399080 -0.9598682650 1.7612213 0
 663 4409 5105 5 F  3.49755640  1.2217054482 1.8012867 0
 664 4409 5105 5 M  3.11799982  0.4244880434 1.8734487 0
 665 4409 5105 5 F  3.62697937  0.6810440648 1.8439931 0
 666 4409 5299 5 F  1.75286415 -0.7527684013 1.9468537 0
 667 4409 5299 5 M  2.92000372  0.6233416561 1.7791769 0
 668 4409 5299 5 F  1.75629986 -0.9380452898 2.0554403 0
 669 4409 5299 5 F  1.58589712  0.1318420684 1.6359341 0
 670 4409 5299 5 M  0.88402824 -0.3462549669 1.5441467 0
 671 4610 4833 5 M  1.53280813  0.1852540067 1.5392375 0
 672 4610 4833 5 F  3.11530349  0.8348338208 1.8868152 0
 673 4610 4833 5 F  2.78727410  0.3584700608 1.9365615 0
 674 4610 4833 5 M  2.81355431  1.2113739340 1.6315463 0
 675 4610 4833 5 M -0.08722083 -1.6578284738 1.6031809 0
 676 4610 5294 5 M  2.09134955 -0.7883752392 1.9158114 0
 677 4610 5294 5 F  0.83485472 -1.2693508722 1.6982510 0
 678 4610 5294 5 F  3.40175425  0.4907291686 1.9135726 0
 679 4610 5294 5 M  3.75300526  1.2992080785 1.8839881 0
 680 4610 5294 5 F  2.18274574  0.0173645533 1.7725564 0
 681 5019 4558 5 F  2.66268997  0.0328462172 1.9577317 0
 682 5019 4558 5 F  3.58728661  0.8721404216 1.9112033 0
 683 5019 4558 5 F  3.01188930  0.1201629036 2.0161636 0
 684 5019 4558 5 M  2.15842368 -0.7670550535 1.9513174 0
 685 5019 4558 5 F  3.57633673  0.9113204229 1.8958923 0
 686 5019 5085 5 M  2.79264712  0.7531577117 1.7161250 0
 687 5019 5085 5 M  2.35412836  0.0713689819 1.8313819 0
 688 5019 5085 5 M  2.47671595  0.5798875687 1.7303390 0
 689 5019 5085 5 M  1.96457087  0.0905541569 1.7920637 0
 690 5019 5085 5 F  3.72559014  1.4031018511 1.7518581 0
 691 4607 5264 5 M  1.95404415 -0.6044895075 1.8983501 0
 692 4607 5264 5 F  3.34354283  0.5606641846 2.0217507 0
 693 4607 5264 5 M  2.94513324  0.9028668707 1.7431659 0
 694 4607 5264 5 M  3.23444503 -0.0027908947 2.0535143 0
 695 4607 5264 5 M  3.68800835  0.5065906313 2.0354398 0
 696 4607 4792 5 F  2.31946790 -0.1948943346 1.9712894 0
 697 4607 4792 5 F  2.27545615 -0.5051432943 2.1656614 0
 698 4607 4792 5 F  2.54510107 -0.4713648347 2.2608677 0
 699 4607 4792 5 F  3.88410465  0.5276483430 2.0967634 0
 700 4607 4792 5 M  2.56323535 -0.2856324840 1.9671075 0
 701 4321 4623 5 F  2.77327347  1.0058685379 1.6867442 0
 702 4321 4623 5 M  1.76736579 -0.3011970336 1.7417906 0
 703 4321 4623 5 M  3.44635239  1.4197434693 1.7030913 0
 704 4321 4623 5 M  2.84397662 -0.0157453927 1.8917711 0
 705 4321 4623 5 F  4.26325262  1.9684788602 1.8365324 0
 706 4321 5079 5 F  0.98284916 -1.0591902114 1.7390740 0
 707 4321 5079 5 F  0.82429897 -0.8256557213 1.7007281 0
 708 4321 5079 5 F  1.73709160 -0.4392658082 1.7734000 0
 709 4321 5079 5 M  3.08482523  0.1098972622 1.9834183 0
 710 4321 5079 5 M  2.89605514  0.0123324064 1.9096805 0
 711 4443 4655 5 F  1.10520392 -0.4279353189 1.5503767 0
 712 4443 4655 5 M  1.97339357  0.5329126830 1.4485424 0
 713 4443 4655 5 M  1.80108995  0.3610398991 1.5255147 0
 714 4443 4655 5 F  0.79178416 -0.8606421576 1.4837991 0
 715 4443 4655 5 F  2.68369943 -0.3849429469 1.9107922 0
 716 4443 5143 5 M  3.26786968  0.5857972618 1.7565072 0
 717 4443 5143 5 M  3.08521459  0.2650620995 2.0004528 0
 718 4443 5143 5 F  4.01047815  1.4841201639 1.7310239 0
 719 4443 5143 5 M  2.01701555 -0.8449090094 1.9695384 0
 720 4443 5143 5 M  2.62584665  1.0453310077 1.6165194 0
 721 4604 4900 5 F  0.54956977 -0.7286025140 1.5383282 0
 722 4604 4900 5 M  1.05238038  0.3099052784 1.2783750 0
 723 4604 4900 5 F  1.77731406  0.0544367107 1.7124404 0
 724 4604 4900 5 F  1.61450256 -0.6671727710 1.8128399 0
 725 4604 4900 5 M  0.88335369 -0.2284989435 1.4312357 0
 726 4604 4944 5 F  3.31732933  0.8253898318 1.8581021 0
 727 4604 4944 5 M  3.72778782  0.8429020794 1.8664268 0
 728 4604 4944 5 F  2.15352415 -0.5266153025 1.8597600 0
 729 4604 4944 5 F  5.21652983  2.5368873439 1.8612847 0
 730 4604 4944 5 M  1.93803751  0.0145613807 1.6909862 0
 731 4568 5272 5 F  3.58115017  0.4182244598 2.0452520 0
 732 4568 5272 5 F  2.29235518 -0.8129607723 2.0199304 0
 733 4568 5272 5 F  3.98776024  0.8169735506 2.0999249 0
 734 4568 5272 5 M  2.84837827 -0.5195050730 2.1059189 0
 735 4568 5272 5 M  2.32200985 -0.4361734626 1.9462237 0
 736 4568 5285 5 M  3.63807458  0.9680406692 1.8946829 0
 737 4568 5285 5 M  1.68823053 -0.0121879850 1.7231913 0
 738 4568 5285 5 M  3.52999211  2.0677562882 1.7281029 0
 739 4568 5285 5 M  2.65445795  0.7519969258 1.6925683 0
 740 4568 5285 5 F  1.86069270  0.3012498422 1.6958606 0
 741 5048 4303 5 M  0.78727913 -0.7549174367 1.5765107 0
 742 5048 4303 5 M  2.69859619  0.5286803815 1.7874340 0
 743 5048 4303 5 F  3.53726004  1.4142183914 1.7785089 0
 744 5048 4303 5 F  2.13039228  0.1469291808 1.7469159 0
 745 5048 4303 5 M  2.59453668  0.5390544150 1.7383768 0
 746 5048 4837 5 M  1.75341901 -0.1432213237 1.7450199 0
 747 5048 4837 5 M -0.19502875 -1.2773513597 1.5885612 0
 748 5048 4837 5 M  1.16419803 -0.5527534335 1.6379169 0
 749 5048 4837 5 M  0.68593285 -1.0904452104 1.6530060 0
 750 5048 4837 5 F  2.82461975  0.7720298376 1.7056306 0
 751 4569 4459 5 F  1.58895567 -0.3248317452 1.5986838 0
 752 4569 4459 5 M  2.62233278 -0.2871386269 1.9415708 0
 753 4569 4459 5 M  2.76128011  0.2736397103 1.7593467 0
 754 4569 4459 5 M  3.04352011  1.0296286087 1.7019345 0
 755 4569 4459 5 F  2.64895170  0.4166209111 1.7023765 0
 756 4569 4681 5 F  0.58070887 -1.5534665447 1.6473007 0
 757 4569 4681 5 F  2.36473036 -0.1866457628 1.7128470 0
 758 4569 4681 5 F  2.48527970  0.5182019844 1.7071459 0
 759 4569 4681 5 M  2.32596893  0.9275241670 1.4258531 0
 760 4569 4681 5 F  2.39876225  0.2820315324 1.6185129 0
 761 4670 4428 5 M  1.81040310 -0.1262588429 1.6165593 0
 762 4670 4428 5 M  2.33809413 -0.3009945462 1.8774371 0
 763 4670 4428 5 M  2.95986956  0.7811476895 1.6503455 0
 764 4670 4428 5 F  1.84929698 -0.1391645378 1.6540323 0
 765 4670 4428 5 M  2.55732543  0.4457963215 1.6245920 0
 766 4670 5202 5 F  3.83582120  1.2902400435 1.7832134 0
 767 4670 5202 5 F  1.65474172 -0.1755942758 1.7107498 0
 768 4670 5202 5 F  1.81841211 -0.4534615853 1.7197565 0
 769 4670 5202 5 F  2.26772167 -0.1366237954 1.7059740 0
 770 4670 5202 5 F  1.16206941 -0.5081970724 1.5723389 0
 771 4985 4644 5 F  3.68189041  0.8416752761 1.9726661 0
 772 4985 4644 5 M  3.13052860  0.0945719339 1.8585546 0
 773 4985 4644 5 F  2.20996937 -0.0297871885 1.8670706 0
 774 4985 4644 5 F  2.86511499  0.1496049906 1.7765990 0
 775 4985 4644 5 M  1.74787155 -0.5405132788 1.7111209 0
 776 4985 5189 5 F  2.51730421 -0.4306069454 1.8425333 0
 777 4985 5189 5 F  2.72544236 -0.1539521270 1.9915600 0
 778 4985 5189 5 M  3.89518071  2.2199895044 1.4995426 0
 779 4985 5189 5 F  1.54742852 -0.3662512175 1.7708163 0
 780 4985 5189 5 M  3.26638694  0.1615197764 1.8591293 0
 781 4801 4674 5 M  2.55985069 -0.0978858042 1.9347139 0
 782 4801 4674 5 F  2.54296288  0.0218246095 1.8280756 0
 783 4801 4674 5 F  1.39328404 -1.2946143560 1.9582242 0
 784 4801 4674 5 M  1.70964161 -0.7937288611 1.8860069 0
 785 4801 4674 5 M  2.56694672 -0.6767257200 2.0633524 0
 786 4801 4528 5 M  1.32255542 -1.2636487632 2.0187159 0
 787 4801 4528 5 M  3.52572782  0.5384100831 1.9753312 0
 788 4801 4528 5 M  1.59471732 -1.4752697051 2.0064910 0
 789 4801 4528 5 M  2.14180138 -0.3864039129 1.8033702 0
 790 4801 4528 5 M  2.22594015 -1.0304168968 2.0791713 0
 791 4339 5104 5 M  2.34102425  0.1023075663 1.8050902 0
 792 4339 5104 5 M  0.65725821 -0.7124633109 1.7376446 0
 793 4339 5104 5 F  1.96979979 -0.1868830134 1.8145926 0
 794 4339 5104 5 F  2.38671941 -0.4203700906 1.9128808 0
 795 4339 5104 5 F  1.65961863 -0.0164133892 1.5916485 0
 796 4339 5063 5 M -0.13292748 -0.7001953932 1.3104719 0
 797 4339 5063 5 F  1.79289566 -0.1680313214 1.8303378 0
 798 4339 5063 5 M -0.42145918 -0.9302405441 1.2966233 0
 799 4339 5063 5 M  3.31363030  0.2187294040 1.9824231 0
 800 4339 5063 5 M  2.01442980 -0.4055604412 1.7520167 0
 801 4379 4921 5 F  2.20397655 -0.1824317830 1.7701739 0
 802 4379 4921 5 F  2.39029961  0.4366661040 1.7351229 0
 803 4379 4921 5 F  0.27994158 -1.0801174589 1.4772071 0
 804 4379 4921 5 F  3.10256508  0.9028928569 1.7145531 0
 805 4379 4921 5 F  1.70772153 -0.0916386362 1.6546094 0
 806 4379 4484 5 M  0.68160152 -0.6813359548 1.4064651 0
 807 4379 4484 5 F  1.35137970 -0.4613961736 1.6776104 0
 808 4379 4484 5 M  0.99861183 -0.6518169121 1.5245426 0
 809 4379 4484 5 F  2.90806572  0.5989355724 1.6545339 0
 810 4379 4484 5 M  3.91566444  1.4999004034 1.6822790 0
 811 4385 4525 5 F  3.39608216  0.3314229420 2.0561428 0
 812 4385 4525 5 M  2.36978989 -0.3935249706 1.9574623 0
 813 4385 4525 5 F  1.55995633 -0.7876120597 1.8692027 0
 814 4385 4525 5 F  4.02646048  1.4856852567 1.9273845 0
 815 4385 4525 5 M  3.33453005  0.4467428023 2.0128380 0
 816 4385 5042 5 M  2.89004759  0.4817221400 1.8521461 0
 817 4385 5042 5 M  1.74575694 -0.4773022598 1.7662291 0
 818 4385 5042 5 M  3.22736412  1.3513601082 1.7219244 0
 819 4385 5042 5 F  2.25606706  0.3954586384 1.6699087 0
 820 4385 5042 5 F  2.77095416  0.7712787711 1.6743342 0
 821 4566 5252 5 M  2.32870441  0.1773632141 1.6948515 0
 822 4566 5252 5 F  1.69891188  0.1141358735 1.5182140 0
 823 4566 5252 5 F  2.22441646 -0.2836281222 1.8849927 0
 824 4566 5252 5 M  1.14592016  0.1587463969 1.5080818 0
 825 4566 5252 5 F  2.32462565  0.8060514926 1.6052601 0
 826 4566 5298 5 M  2.11939749 -0.1521322755 1.7167477 0
 827 4566 5298 5 F  2.29686746 -0.0847767999 1.7102866 0
 828 4566 5298 5 F  2.07235748  0.0110711455 1.8066405 0
 829 4566 5298 5 F  2.18402430 -0.6177722511 1.9321620 0
 830 4566 5298 5 F  1.51227817  0.0918250771 1.5907927 0
 831 5246 5065 5 M  0.04904511 -1.6767012945 1.7178914 0
 832 5246 5065 5 M  1.51981050 -0.2423495722 1.7101932 0
 833 5246 5065 5 M  2.79259068  0.3414177612 1.8241055 0
 834 5246 5065 5 F  3.40626007  0.2710700292 1.9761473 0
 835 5246 5065 5 M  3.12773994  0.1089391601 1.9803566 0
 836 5246 4381 5 M  3.41822659  0.5222476322 1.9466294 0
 837 5246 4381 5 F  2.78732168  0.0846573576 1.9060068 0
 838 5246 4381 5 F  2.92788056  0.6049814065 1.7155122 0
 839 5246 4381 5 F  3.27622168  0.5163784354 1.8346553 0
 840 5246 4381 5 F  2.52328594 -0.0114830006 1.8526882 0
 841 5173 4431 5 M  1.47936985 -0.4675691411 1.7118572 0
 842 5173 4431 5 M  3.00990608  0.3973849770 1.7981885 0
 843 5173 4431 5 M  2.78651074  0.0186063738 1.8482794 0
 844 5173 4431 5 F  1.83848332 -0.2009621362 1.7315236 0
 845 5173 4431 5 M  3.28059340  0.4105568792 1.8422941 0
 846 5173 5036 5 F  1.37857634  0.1726119962 1.4877193 0
 847 5173 5036 5 F  0.87409289 -0.6565655796 1.4407976 0
 848 5173 5036 5 F  4.44191702  1.9846645952 1.7701019 0
 849 5173 5036 5 M  1.73075062 -0.5492398491 1.6885420 0
 850 5173 5036 5 M  0.97983499 -0.4828746548 1.5312904 0
 851 4436 4605 5 F -0.39417060  0.0204848471 0.8376446 0
 852 4436 4605 5 F -1.00288364 -0.9396541419 1.1952376 0
 853 4436 4605 5 M  0.65485717  0.9038321273 1.0774274 0
 854 4436 4605 5 M -0.35350581  0.3827158977 0.8638660 0
 855 4436 4605 5 M  0.17335523  0.1523596404 1.1740452 0
 856 4436 4573 5 M  0.63924630 -0.5415994081 1.5536279 0
 857 4436 4573 5 M  2.15262936  0.2615597404 1.8430954 0
 858 4436 4573 5 F  1.90393683 -0.0003381811 1.7706595 0
 859 4436 4573 5 M  1.76683958 -0.3020409032 1.9217338 0
 860 4436 4573 5 M  2.85897021  0.5065915178 1.9524943 0
 861 5172 5284 5 M  2.10054053 -0.3602600446 1.7571425 0
 862 5172 5284 5 M  1.63508350 -0.1773807626 1.5750223 0
 863 5172 5284 5 F  3.58190469  0.7466309788 1.8001537 0
 864 5172 5284 5 M  3.37100324  0.2847321155 2.0224222 0
 865 5172 5284 5 F  2.98756563  0.4634040294 1.8351824 0
 866 5172 4522 5 F  2.33981539  0.1137495419 1.7831609 0
 867 5172 4522 5 M  3.60519262  0.4539303552 1.8971910 0
 868 5172 4522 5 F  3.75191149  0.7165105255 2.0458298 0
 869 5172 4522 5 F  2.19922174 -0.8925933916 1.9488107 0
 870 5172 4522 5 M  1.66333993 -0.3965097298 1.7313244 0
 871 4577 4990 5 F  0.32992084 -1.1548707258 1.5864822 0
 872 4577 4990 5 F  3.25556826  1.4442828081 1.6733977 0
 873 4577 4990 5 M  2.68439952 -0.1142435580 1.9191269 0
 874 4577 4990 5 F  1.67172035 -0.3706318299 1.7461427 0
 875 4577 4990 5 F  3.82768658  0.9375007854 1.9001938 0
 876 4577 4319 5 M  2.47782385 -0.2049006877 2.0102236 0
 877 4577 4319 5 F  2.42764859  0.0958427350 1.8253534 0
 878 4577 4319 5 M  2.28277117  1.0871255559 1.5402417 0
 879 4577 4319 5 F  1.40810856 -0.2146561655 1.7415353 0
 880 4577 4319 5 M  2.13084825 -0.3497105628 1.8534797 0
 881 4516 4305 5 F  0.78031325 -0.9049265281 1.6816388 0
 882 4516 4305 5 M  0.75164742 -0.3217223934 1.4859877 0
 883 4516 4305 5 M  1.38618803  0.1085417185 1.5526029 0
 884 4516 4305 5 F  0.74228875 -0.4236155235 1.4560138 0
 885 4516 4305 5 M  1.59895958  0.8574216187 1.3898886 0
 886 4516 4649 5 M  3.44332485  0.4276885193 1.9761078 0
 887 4516 4649 5 M  2.38997165 -0.8588161002 2.1172408 0
 888 4516 4649 5 M  2.73505284 -0.8347206971 2.0954664 0
 889 4516 4649 5 M  3.15301488 -0.1663418660 1.8942898 0
 890 4516 4649 5 F  2.80470402 -0.8029305976 2.1892368 0
 891 5002 5297 5 F  3.99557868  0.9644997646 1.9294535 0
 892 5002 5297 5 F  1.59051014 -0.0175844873 1.6989482 0
 893 5002 5297 5 M  3.02352945  0.7383590659 1.9280010 0
 894 5002 5297 5 M  2.77688102 -0.0775748290 1.8734616 0
 895 5002 5297 5 F  2.26798680  0.8852911556 1.3804107 0
 896 5002 4599 5 M  2.34789674 -0.2938360710 1.9555809 0
 897 5002 4599 5 F  2.09364813  0.7309565443 1.5218511 0
 898 5002 4599 5 M  2.18260027  0.9799387737 1.5183131 0
 899 5002 4599 5 M  2.04754235  0.1802205170 1.7045568 0
 900 5002 4599 5 M  3.71183671  0.4184975075 2.1797601 0
 901 5127 4433 5 M  2.09412560  0.8815334954 1.5667739 0
 902 5127 4433 5 M  1.01910886 -0.2376671163 1.6205802 0
 903 5127 4433 5 M  2.72308231  0.9864685513 1.5799183 0
 904 5127 4433 5 F  1.27240855 -0.2103698971 1.5960782 0
 905 5127 4433 5 M  1.73533776 -0.4682155689 1.7797615 0
 906 5127 4624 5 F  2.29269378 -0.7322142919 1.9292982 0
 907 5127 4624 5 M  2.00989830 -0.0650437255 1.7923744 0
 908 5127 4624 5 F  2.63260546 -0.4381399784 1.9830590 0
 909 5127 4624 5 F  2.04589322 -0.8928074257 1.9340146 0
 910 5127 4624 5 M  3.11212751 -0.3049247219 2.0507895 0
 911 4356 4971 5 M  1.33955411 -0.6092445582 1.7436492 0
 912 4356 4971 5 M  0.77101037 -1.0260972774 1.6532309 0
 913 4356 4971 5 F  1.18454872 -0.2456374101 1.5966549 0
 914 4356 4971 5 M  1.26952861 -0.3457873341 1.6580815 0
 915 4356 4971 5 F  3.08642628  0.6857020187 1.8266595 0
 916 4356 5008 5 F  2.73436013  0.2943078784 1.8888117 0
 917 4356 5008 5 F  2.94347302  0.4348240942 1.8557012 0
 918 4356 5008 5 M  2.32391096 -0.5056713099 1.8756055 0
 919 4356 5008 5 M  2.76442632  0.2565721033 1.7892504 0
 920 4356 5008 5 F  2.96780258  0.2142440567 1.8345970 0
 921 4369 4966 5 F  2.72613168  0.3375620852 1.7885693 0
 922 4369 4966 5 M  2.26849243 -0.5045037074 1.8866175 0
 923 4369 4966 5 M  2.43712122  0.1033713064 1.8331465 0
 924 4369 4966 5 M  1.85284584 -0.5562042804 1.7698494 0
 925 4369 4966 5 M  1.88929863 -0.4043219090 1.8074390 0
 926 4369 5283 5 M  2.26003066 -0.2606900666 1.8552987 0
 927 4369 5283 5 F  2.46634285  0.2448400571 1.7547480 0
 928 4369 5283 5 M  3.14923954  0.8647728465 1.7784345 0
 929 4369 5283 5 M  1.83668652 -0.3082944387 1.7659631 0
 930 4369 5283 5 F  1.28684551  0.2653481550 1.5094447 0
 931 4631 4851 5 M  2.38802320  0.0328050846 1.7040579 0
 932 4631 4851 5 F  2.18679128 -0.9842900441 2.0549175 0
 933 4631 4851 5 F  2.12580842  0.5676565242 1.5795387 0
 934 4631 4851 5 M  2.59825285 -0.2619868000 1.9568538 0
 935 4631 4851 5 M  2.11692932 -0.9767068113 1.9710642 0
 936 4631 5149 5 M  1.88040196  0.0719503693 1.6343116 0
 937 4631 5149 5 F  2.42912122 -0.0653852414 1.7793913 0
 938 4631 5149 5 F  1.80418767  0.1545105623 1.4180048 0
 939 4631 5149 5 M  2.54544191  0.4812523119 1.5607393 0
 940 4631 5149 5 F  1.58917227 -0.3106087542 1.6156828 0
 941 4605 4824 5 M  2.49174254  0.2170739218 1.9427517 0
 942 4605 4824 5 M  3.41807760  0.1744148875 2.1029738 0
 943 4605 4824 5 F  2.56824135  0.7688231440 1.6999828 0
 944 4605 4824 5 M  2.39531847 -0.9455549951 2.1231117 0
 945 4605 4824 5 F  1.84085374 -0.1974747061 1.7741579 0
 946 4605 4516 5 F  0.30642230  0.4543274561 0.9505562 0
 947 4605 4516 5 F -0.95800511 -0.5418317318 0.6218210 0
 948 4605 4516 5 M -1.62088364 -1.4310080607 0.9898783 0
 949 4605 4516 5 M -0.71386286 -0.5189846702 0.8585614 0
 950 4605 4516 5 F -0.64091277 -0.3072354034 0.8871771 0
 951 4316 4881 5 F  2.31306819  0.0178842209 1.8544328 0
 952 4316 4881 5 M  3.43792289  0.9889630846 1.8118753 0
 953 4316 4881 5 F  2.29713475  0.0495902067 1.7341196 0
 954 4316 4881 5 F  1.65146707 -0.3250016451 1.6111276 0
 955 4316 4881 5 M  1.71934739 -0.5417700438 1.7369826 0
 956 4316 4936 5 F  3.07897597  1.0603178848 1.6204332 0
 957 4316 4936 5 F  0.98735216 -0.1066249784 1.5102526 0
 958 4316 4936 5 M  1.22602268  0.3220036841 1.4683867 0
 959 4316 4936 5 M  1.96275066  0.1696326068 1.6213447 0
 960 4316 4936 5 M  1.59972708  0.3039412222 1.5558219 0
 961 4918 4734 5 F  1.92520207  0.4225394688 1.6320090 0
 962 4918 4734 5 F  0.41193385 -1.4778985236 1.5367499 0
 963 4918 4734 5 F  1.95366312  0.5263842234 1.7319825 0
 964 4918 4734 5 F  1.50881135 -1.0282717273 1.7869615 0
 965 4918 4734 5 M  3.53323812  0.7675870741 1.9784737 0
 966 4918 4363 5 F  1.14476229 -0.6244933165 1.6331248 0
 967 4918 4363 5 M  2.44820019 -0.2962526710 1.8777385 0
 968 4918 4363 5 M  3.15771776  0.6100224305 1.7711236 0
 969 4918 4363 5 M  0.84557919 -0.2116634130 1.4824743 0
 970 4918 4363 5 F  1.59964948 -0.3621712822 1.7118133 0
 971 4706 4574 5 F  2.95817597  0.5251582269 1.8290120 0
 972 4706 4574 5 M  2.22189653 -0.6741685049 1.9462470 0
 973 4706 4574 5 M  2.72084016  0.1841003555 1.9977304 0
 974 4706 4574 5 F  2.22492875  0.2346938023 1.6938590 0
 975 4706 4574 5 M  1.45553839 -0.4144483557 1.5899855 0
 976 4706 4924 5 F  3.47353926  1.0597374622 1.7848998 0
 977 4706 4924 5 M  0.54526146 -0.5874796205 1.5052303 0
 978 4706 4924 5 M  1.86507976  0.5700309043 1.5852577 0
 979 4706 4924 5 F  2.03387911  0.3843778364 1.6648685 0
 980 4706 4924 5 M  1.52403186 -0.0001426795 1.5971224 0
 981 5129 4354 5 M  3.09429970 -0.0471939765 2.0100982 0
 982 5129 4354 5 M  2.82604608 -0.2128258794 1.9558816 0
 983 5129 4354 5 M  0.98559406 -1.0046615212 1.7961461 0
 984 5129 4354 5 F  1.98944352 -0.8019675869 1.9487469 0
 985 5129 4354 5 M  2.33776542  0.1220980449 1.8744301 0
 986 5129 5084 5 F  2.59708997  0.2518998138 1.7621273 0
 987 5129 5084 5 F  2.68524013  0.2801931816 1.9106512 0
 988 5129 5084 5 F  3.48444640  0.9723721630 1.7653399 0
 989 5129 5084 5 F  2.31183344 -0.3632949670 1.8224548 0
 990 5129 5084 5 F  2.99078284  0.5875687798 1.9170104 0
 991 5001 5015 5 M  2.00571365  0.4258644922 1.8708551 0
 992 5001 5015 5 F  1.57661948  0.1990690991 1.8341874 0
 993 5001 5015 5 M  1.38978517  0.0938082158 1.7938872 0
 994 5001 5015 5 M  1.60468404  0.1121522306 1.6255057 0
 995 5001 5015 5 M  0.49112609 -0.7106738666 1.8311080 0
 996 5001 5199 5 F  2.84306994  0.9071366432 1.8088097 0
 997 5001 5199 5 F  0.96112997  0.0572708093 1.4786784 0
 998 5001 5199 5 F  0.68597422 -0.8067003401 1.6250036 0
 999 5001 5199 5 F  1.37271912 -0.8428489037 1.9717962 0
1000 5001 5199 5 F  1.05882898 -0.6073888280 1.7456214 0
