ID sire dam generation sex phen env tbvp gebvp
   1 3071 2368 3 M  1.508916490 -3.650765e-01 1.5007836 0
   2 3071 2368 3 M  2.545951431  1.812227e-01 1.6605624 0
   3 3071 2368 3 M  2.316885290  3.465568e-01 1.5315778 0
   4 3071 2368 3 M -0.027871151 -1.063774e+00 1.2287564 0
   5 3071 2368 3 M  0.925099468  5.155677e-01 1.0302520 0
   6 3071 2724 3 F  1.716389660 -7.708232e-02 1.3802063 0
   7 3071 2724 3 M  2.576992537 -2.068564e-01 1.7927936 0
   8 3071 2724 3 M  1.519681250 -1.819084e-02 1.3841389 0
   9 3071 2724 3 F  3.392750744  7.488591e-01 1.7962024 0
  10 3071 2724 3 F  2.467565506  1.916452e-01 1.5737178 0
  11 2607 2568 3 F  2.743081754  2.741139e-01 1.7200750 0
  12 2607 2568 3 M  0.887989088 -2.028787e-01 1.3708185 0
  13 2607 2568 3 F  2.218341521 -1.277658e+00 1.9584935 0
  14 2607 2568 3 F  1.901590357  2.586616e-01 1.4399864 0
  15 2607 2568 3 M  3.746381347  1.076361e+00 1.8238808 0
  16 2607 2692 3 M  1.906132295  6.533667e-01 1.1995414 0
  17 2607 2692 3 F  1.545201372 -1.681227e-01 1.3160328 0
  18 2607 2692 3 M  2.485364570  1.264413e+00 1.1576599 0
  19 2607 2692 3 M  1.148924388 -2.737262e-01 1.3115688 0
  20 2607 2692 3 M  0.457071275 -1.149678e+00 1.2663930 0
  21 2449 2305 3 F  2.061390458 -4.895746e-01 1.7118073 0
  22 2449 2305 3 F  1.843629688 -5.905410e-01 1.6522478 0
  23 2449 2305 3 F  1.975050495 -5.908791e-01 1.6799986 0
  24 2449 2305 3 M  1.071776256 -2.175875e-01 1.4499222 0
  25 2449 2305 3 M  1.947599320  5.496180e-01 1.4261489 0
  26 2449 3096 3 F -0.814038208 -1.461611e-01 0.2820969 0
  27 2449 3096 3 M -0.603669573  8.721738e-02 0.5329375 0
  28 2449 3096 3 F -0.379547429  2.066212e-01 0.3657305 0
  29 2449 3096 3 F -0.500960410  9.358600e-02 0.4593049 0
  30 2449 3096 3 M  0.150709035  5.477640e-01 0.4582936 0
  31 3074 3287 3 M  0.423778916 -6.844986e-01 1.2801605 0
  32 3074 3287 3 F  2.708471399  2.785214e-01 1.5338423 0
  33 3074 3287 3 F  1.600879805 -3.154315e-01 1.3812020 0
  34 3074 3287 3 M  2.681361344  1.397600e-01 1.5138372 0
  35 3074 3287 3 M  1.810054448 -4.912958e-01 1.6523539 0
  36 3074 2675 3 M  1.837234174  4.561276e-01 1.3586641 0
  37 3074 2675 3 F  1.786946810  5.225603e-02 1.4481313 0
  38 3074 2675 3 M  0.388455151 -2.672647e-01 0.9659221 0
  39 3074 2675 3 M  1.247968566 -9.762668e-01 1.6027411 0
  40 3074 2675 3 F  2.845260925  3.200962e-01 1.5747867 0
  41 3278 2370 3 M  1.581165198 -2.040372e-01 1.4136355 0
  42 3278 2370 3 F -0.044669874 -1.209563e+00 1.2292985 0
  43 3278 2370 3 F  1.705378815 -4.999931e-02 1.3417637 0
  44 3278 2370 3 M  1.170993275  3.695381e-02 1.3386813 0
  45 3278 2370 3 M  2.997342228  1.195630e+00 1.4108920 0
  46 3278 3097 3 F  0.129208749 -9.723921e-01 1.1153080 0
  47 3278 3097 3 F  1.624847263  2.768080e-01 1.1840616 0
  48 3278 3097 3 M  1.159118468 -7.433649e-02 1.1525849 0
  49 3278 3097 3 F  0.692927696 -4.514525e-01 1.2465484 0
  50 3278 3097 3 F  1.220182058 -1.151629e-02 1.2971026 0
  51 2605 2521 3 M  2.321402513 -3.056903e-01 1.6616023 0
  52 2605 2521 3 M  2.207297658 -4.499433e-01 1.7514528 0
  53 2605 2521 3 M  2.370658821  1.647351e-01 1.5779231 0
  54 2605 2521 3 F  3.294369776  8.921890e-01 1.6519990 0
  55 2605 2521 3 F  2.075702286  1.838749e-01 1.3848015 0
  56 2605 2303 3 F  0.269861899 -4.826703e-01 1.0558218 0
  57 2605 2303 3 M  0.330860557 -1.819162e+00 1.4328830 0
  58 2605 2303 3 F  0.412517176 -9.712723e-01 1.1947352 0
  59 2605 2303 3 F  3.188971697  1.559258e+00 1.3423880 0
  60 2605 2303 3 F  0.545670522 -5.828035e-02 1.0208384 0
  61 2583 2530 3 F  2.309290929  2.095910e-01 1.3867041 0
  62 2583 2530 3 F  0.381415716 -6.258438e-01 1.2460768 0
  63 2583 2530 3 F  1.913738990 -1.477101e-01 1.3375910 0
  64 2583 2530 3 M  0.613629296 -8.498921e-01 1.2667381 0
  65 2583 2530 3 F  3.326840371  1.351359e+00 1.4129946 0
  66 2583 3034 3 M  2.932068501 -1.131257e-01 1.8468436 0
  67 2583 3034 3 M  3.049413583 -6.704913e-02 1.8217385 0
  68 2583 3034 3 F  2.406290406  4.074270e-01 1.4064143 0
  69 2583 3034 3 M  2.277974010 -9.795289e-01 1.8541590 0
  70 2583 3034 3 F  0.564693072 -1.727263e+00 1.6372395 0
  71 2581 2366 3 F  3.199197961  2.836631e-01 1.6390945 0
  72 2581 2366 3 M  2.447356992 -7.665735e-02 1.5466072 0
  73 2581 2366 3 F  2.397436717 -5.380303e-02 1.5487064 0
  74 2581 2366 3 M  2.391419327 -5.765571e-01 1.6611102 0
  75 2581 2366 3 M  2.231037843 -1.515887e-01 1.5746202 0
  76 2581 2304 3 F  1.201898183 -7.977202e-01 1.3609117 0
  77 2581 2304 3 F  2.626868170  1.344123e-01 1.5260146 0
  78 2581 2304 3 M  3.651238736  9.462777e-01 1.6246743 0
  79 2581 2304 3 F  2.589376042  9.144793e-02 1.5447109 0
  80 2581 2304 3 F  2.242816521  5.563147e-02 1.4551074 0
  81 3066 2674 3 M  1.531506061  3.453331e-01 1.2257500 0
  82 3066 2674 3 M  3.048486348 -1.976294e-01 1.7016973 0
  83 3066 2674 3 M  1.659039061 -6.546602e-01 1.4322741 0
  84 3066 2674 3 M  4.509834652  1.146725e+00 1.8162298 0
  85 3066 2674 3 F  3.543741238  7.423748e-01 1.7787265 0
  86 3066 3098 3 M  1.915421487 -1.208570e-01 1.5248313 0
  87 3066 3098 3 M  2.285451835  5.446956e-01 1.5133146 0
  88 3066 3098 3 F  3.448184358  1.521980e+00 1.3728490 0
  89 3066 3098 3 F  1.281164426  3.717651e-01 1.1416984 0
  90 3066 3098 3 M  1.051132721 -3.400000e-02 1.1683319 0
  91 2610 3141 3 M  2.267482201  1.566935e-02 1.3985349 0
  92 2610 3141 3 F  3.239656369 -7.861730e-02 1.7875145 0
  93 2610 3141 3 M  3.308728708  6.343507e-01 1.7644512 0
  94 2610 3141 3 M  0.419843038 -1.061252e+00 1.2072849 0
  95 2610 3141 3 F  1.059123491 -2.659727e-01 1.2659998 0
  96 2610 2721 3 F  2.734472534  9.849513e-01 1.3896373 0
  97 2610 2721 3 M  0.181896624 -9.265704e-01 1.1727003 0
  98 2610 2721 3 F  1.647515555  4.660713e-01 1.1788954 0
  99 2610 2721 3 F  2.942774793  8.123371e-01 1.4492894 0
 100 2610 2721 3 F  2.351070967  8.004006e-01 1.3580566 0
 101 3236 2302 3 F  1.525921490  6.116423e-01 1.1545145 0
 102 3236 2302 3 F  1.949293359  8.602783e-01 1.1506354 0
 103 3236 2302 3 F  1.756005109 -3.162724e-01 1.4313830 0
 104 3236 2302 3 F  0.941241357 -9.855384e-01 1.3846864 0
 105 3236 2302 3 F  2.903576971  1.004310e+00 1.3868009 0
 106 3236 2322 3 F  1.700577631  5.398989e-01 1.1414482 0
 107 3236 2322 3 F  1.233283685  4.321940e-01 1.1432665 0
 108 3236 2322 3 F  1.695984458  2.039876e-01 1.2735218 0
 109 3236 2322 3 M  1.393256514  4.140867e-01 1.1940306 0
 110 3236 2322 3 M  1.705593377  8.803218e-01 0.9849687 0
 111 2450 3210 3 F  1.634536262 -1.073923e+00 1.7027901 0
 112 2450 3210 3 F  1.769435095  5.317075e-01 1.4021823 0
 113 2450 3210 3 F  3.556697782  7.497939e-01 1.7274498 0
 114 2450 3210 3 M  1.999667635  2.424523e-01 1.4419952 0
 115 2450 3210 3 M  1.988119135 -1.518276e-01 1.5569364 0
 116 2450 2942 3 F  0.785899582 -6.960867e-01 1.3072882 0
 117 2450 2942 3 M  0.800948549 -1.246796e+00 1.4287468 0
 118 2450 2942 3 F  3.747465204  9.716357e-01 1.7795343 0
 119 2450 2942 3 M  1.920783364 -1.802952e-01 1.4673401 0
 120 2450 2942 3 M  2.007555538  5.226949e-01 1.4633063 0
 121 2926 3058 3 M  0.838105501 -1.056781e-01 1.1389464 0
 122 2926 3058 3 M  1.270759086  2.278084e-01 1.1431317 0
 123 2926 3058 3 M  1.398296279 -3.010596e-01 1.3874490 0
 124 2926 3058 3 F  0.425909527 -1.048226e+00 1.2530744 0
 125 2926 3058 3 M  2.652814830  1.190497e+00 1.3130489 0
 126 2926 3100 3 F  3.836064184  2.228001e+00 1.3306959 0
 127 2926 3100 3 M  2.076753369 -8.385596e-02 1.5596406 0
 128 2926 3100 3 M  2.786516314  1.550759e+00 1.2305424 0
 129 2926 3100 3 F  2.888445665  4.095870e-01 1.5815871 0
 130 2926 3100 3 M  0.601507701 -8.358319e-01 1.4076907 0
 131 2447 2426 3 M  2.330971663  7.485998e-01 1.4535106 0
 132 2447 2426 3 F -0.418330090 -2.161312e+00 1.5208199 0
 133 2447 2426 3 F  1.811517124 -2.473079e-01 1.4452433 0
 134 2447 2426 3 F  2.128196952  1.349343e-03 1.5202495 0
 135 2447 2426 3 F  2.233867342  4.279920e-01 1.4523309 0
 136 2447 3057 3 F  2.035839136  4.227627e-02 1.3778459 0
 137 2447 3057 3 M  1.442122984 -2.215744e-01 1.4158604 0
 138 2447 3057 3 M  2.673959205  8.059102e-01 1.4378323 0
 139 2447 3057 3 M  2.500068548  1.017205e+00 1.2823254 0
 140 2447 3057 3 M  0.509753591 -1.006772e+00 1.3841357 0
 141 2876 3001 3 M  3.585884427  1.051873e+00 1.6177932 0
 142 2876 3001 3 M  2.796154221  8.313668e-02 1.6067123 0
 143 2876 3001 3 M  2.412072675 -5.490793e-01 1.7944393 0
 144 2876 3001 3 M  3.981273932  1.405418e+00 1.5515484 0
 145 2876 3001 3 F  2.496732221 -2.716937e-01 1.6262033 0
 146 2876 3059 3 M  2.054181671  3.484494e-01 1.3452174 0
 147 2876 3059 3 M  1.925483585  3.644239e-01 1.4505852 0
 148 2876 3059 3 M  1.672442756 -1.737628e-01 1.5276054 0
 149 2876 3059 3 M  2.526521247  9.681762e-01 1.2846513 0
 150 2876 3059 3 M  1.463029035  2.403089e-01 1.2760373 0
 151 3076 2587 3 M  2.396706176  4.625904e-01 1.5247589 0
 152 3076 2587 3 F  0.471032448 -1.096172e+00 1.4158453 0
 153 3076 2587 3 M  2.702799755  4.042375e-01 1.5988681 0
 154 3076 2587 3 F  3.445905952  1.299367e+00 1.5725229 0
 155 3076 2587 3 M  1.637138396 -9.317998e-02 1.4191799 0
 156 3076 2728 3 F  1.068887672 -1.971146e-01 1.2650185 0
 157 3076 2728 3 F  2.428853828 -1.600059e-02 1.5075002 0
 158 3076 2728 3 F  2.902319544  4.273074e-01 1.5340111 0
 159 3076 2728 3 M  3.388166490  7.723718e-01 1.5269296 0
 160 3076 2728 3 M  3.966980270  1.119384e+00 1.6359444 0
 161 3021 2900 3 M  1.353344727 -1.866998e-01 1.3420777 0
 162 3021 2900 3 M  1.587065159  2.595467e-01 1.2692880 0
 163 3021 2900 3 M  1.708590150  4.278676e-01 1.3158151 0
 164 3021 2900 3 M  1.976728905 -5.680328e-02 1.4899597 0
 165 3021 2900 3 M  1.980030377  2.873963e-01 1.3165663 0
 166 3021 3094 3 M  1.712679085  9.625386e-01 1.2035346 0
 167 3021 3094 3 F  2.038253988  1.985894e-01 1.3691414 0
 168 3021 3094 3 M -0.162002960 -9.719807e-01 1.1960089 0
 169 3021 3094 3 F  0.255416253 -1.128478e+00 1.3977078 0
 170 3021 3094 3 M  1.277250959 -1.500278e-01 1.4054660 0
 171 2342 3099 3 M  1.048318692 -1.119125e+00 1.6108206 0
 172 2342 3099 3 M  1.538487938 -7.342381e-01 1.6532199 0
 173 2342 3099 3 F  2.950204086  1.482706e-01 1.7924781 0
 174 2342 3099 3 F  2.305693233  4.095180e-01 1.5120780 0
 175 2342 3099 3 F  1.657441498 -1.731050e-01 1.4727343 0
 176 2342 2590 3 F  3.121382973 -3.060592e-01 1.9172517 0
 177 2342 2590 3 M  1.381067628 -7.159885e-01 1.4078156 0
 178 2342 2590 3 F  1.156671062 -3.098815e-01 1.2751582 0
 179 2342 2590 3 F  2.256984369  8.528207e-02 1.4995492 0
 180 2342 2590 3 M  2.150077903 -3.132374e-01 1.6161673 0
 181 3171 3038 3 M  0.382902274  1.004578e+00 0.4557689 0
 182 3171 3038 3 F -0.199887955  2.894028e-01 0.4216193 0
 183 3171 3038 3 M -1.043730330 -3.826873e-01 0.4448960 0
 184 3171 3038 3 F  0.426471649  1.242348e+00 0.3912698 0
 185 3171 3038 3 F -0.514868810  2.629444e-01 0.4722073 0
 186 3171 3005 3 M  2.268654768 -5.590539e-01 1.7384537 0
 187 3171 3005 3 M  2.610527637  3.963581e-01 1.5115822 0
 188 3171 3005 3 M  3.210160143  4.954927e-01 1.6341869 0
 189 3171 3005 3 M  2.003934336 -8.144994e-01 1.6815791 0
 190 3171 3005 3 F  3.014623936  4.375758e-01 1.6286896 0
 191 2921 2445 3 M -0.262559771  7.138823e-01 0.2818551 0
 192 2921 2445 3 F -0.418925052  4.577866e-01 0.5007667 0
 193 2921 2445 3 F -1.036826417 -3.960405e-01 0.3725686 0
 194 2921 2445 3 M -1.479037957 -6.537078e-02 0.1792749 0
 195 2921 2445 3 M -1.283987041 -9.339311e-02 0.3017860 0
 196 2921 2678 3 M  1.803929195 -6.265060e-01 1.6154551 0
 197 2921 2678 3 M  1.910214897  7.570303e-01 1.1592944 0
 198 2921 2678 3 F  2.311928263  1.562405e-01 1.5211541 0
 199 2921 2678 3 F  2.046802611 -1.480244e-01 1.4118885 0
 200 2921 2678 3 F  0.943323484 -7.470228e-02 1.1376732 0
 201 2623 2362 3 F  2.635681149  5.061016e-01 1.4129229 0
 202 2623 2362 3 F  0.845002927 -5.666417e-02 1.1456715 0
 203 2623 2362 3 M  2.200172079  4.330658e-02 1.5521502 0
 204 2623 2362 3 M  0.363990722 -6.443083e-01 1.1415016 0
 205 2623 2362 3 F  1.612989934 -4.787517e-01 1.5393343 0
 206 2623 3010 3 M  3.410443335  6.757848e-01 1.6335471 0
 207 2623 3010 3 F  0.916367584 -5.245063e-01 1.2179546 0
 208 2623 3010 3 F  3.768740843  1.420210e+00 1.4606173 0
 209 2623 3010 3 M  1.976320062 -6.216541e-01 1.5645238 0
 210 2623 3010 3 F  1.035820706 -6.262019e-01 1.3809013 0
 211 2880 2682 3 F  2.916332747 -4.632099e-03 1.7490757 0
 212 2880 2682 3 M -0.016993033 -1.760857e+00 1.4406342 0
 213 2880 2682 3 F  1.528168643  2.104005e-01 1.1587433 0
 214 2880 2682 3 M  1.593500810  3.416094e-01 1.2202593 0
 215 2880 2682 3 F  0.537056860 -3.322017e-01 1.1996996 0
 216 2880 3003 3 F  2.796270744  7.736783e-02 1.6996930 0
 217 2880 3003 3 M  2.786151090  2.140567e-02 1.7506496 0
 218 2880 3003 3 F  2.559395227 -5.651366e-01 1.8235463 0
 219 2880 3003 3 F  1.917644485 -9.356804e-01 1.7590564 0
 220 2880 3003 3 M  2.088420334 -6.131890e-01 1.6740136 0
 221 3195 2843 3 M  1.560010636 -4.899808e-01 1.4178054 0
 222 3195 2843 3 F  2.528287763  5.416789e-01 1.6035137 0
 223 3195 2843 3 M  0.699382624 -1.460018e+00 1.5307865 0
 224 3195 2843 3 M  2.593153722  5.024448e-01 1.3917207 0
 225 3195 2843 3 M  3.333043566  2.914197e-01 1.7982555 0
 226 3195 2680 3 M  1.541736793  6.493452e-05 1.2960625 0
 227 3195 2680 3 F  0.412899971 -7.429642e-01 1.2723005 0
 228 3195 2680 3 M  1.920192698  1.457464e+00 1.2637867 0
 229 3195 2680 3 F  1.261286940  2.431010e-01 1.3095625 0
 230 3195 2680 3 M  0.586412921 -5.311528e-01 1.2793466 0
 231 2566 3006 3 F  3.091496901  9.566778e-01 1.5239461 0
 232 2566 3006 3 F  2.117292323  8.080813e-02 1.6021278 0
 233 2566 3006 3 F  2.345944792 -2.774556e-01 1.5987100 0
 234 2566 3006 3 M  1.006381042 -7.095822e-01 1.3280379 0
 235 2566 3006 3 M  2.602820049  8.490150e-01 1.4747083 0
 236 2566 2600 3 M -0.538719350 -1.522859e+00 1.1019250 0
 237 2566 2600 3 F  1.433154339  4.035732e-01 1.1199942 0
 238 2566 2600 3 M  0.844650463 -2.591948e-01 1.2011007 0
 239 2566 2600 3 M  1.516879755  6.142271e-01 1.1157702 0
 240 2566 2600 3 M  1.963449068  5.567320e-01 1.3114331 0
 241 2556 2725 3 F  1.260657940 -5.229613e-01 1.3867636 0
 242 2556 2725 3 M  2.557725713  3.164054e-01 1.6428233 0
 243 2556 2725 3 F  1.824976044  3.385447e-01 1.3218430 0
 244 2556 2725 3 F  1.936166819 -3.536563e-01 1.5523508 0
 245 2556 2725 3 F  0.938584275 -2.988736e-01 1.3639582 0
 246 2556 2338 3 F  0.946033220 -9.108418e-02 1.2505654 0
 247 2556 2338 3 M  0.694713670 -1.610794e-01 1.2119632 0
 248 2556 2338 3 F  1.805030385  7.996975e-01 1.0724819 0
 249 2556 2338 3 M  1.378483915 -2.801154e-02 1.2985270 0
 250 2556 2338 3 M  2.517789679  6.854468e-01 1.5142594 0
 251 2373 2694 3 F -0.326023906 -9.947572e-01 1.0950143 0
 252 2373 2694 3 M  0.871160812 -9.090960e-01 1.4059040 0
 253 2373 2694 3 F  0.335921678 -4.668276e-01 1.1072097 0
 254 2373 2694 3 M  1.589452983  1.760255e-01 1.2853258 0
 255 2373 2694 3 M  2.003847148  3.207171e-01 1.3486610 0
 256 2373 3158 3 F  0.986308147 -1.057556e+00 1.3680060 0
 257 2373 3158 3 M  1.111090616 -7.466597e-01 1.4584371 0
 258 2373 3158 3 F  1.354042277 -8.740140e-01 1.4751142 0
 259 2373 3158 3 F  2.026268679  1.415597e-01 1.4504551 0
 260 2373 3158 3 M  2.528455478  2.233773e-01 1.5139764 0
 261 3068 3039 3 M  2.083192347  7.847297e-02 1.4471072 0
 262 3068 3039 3 M  0.868058144 -4.759558e-01 1.2199521 0
 263 3068 3039 3 F  1.363822800 -3.283529e-02 1.2999709 0
 264 3068 3039 3 F  1.810571355 -9.552249e-02 1.4508766 0
 265 3068 3039 3 M  1.829836997 -2.483223e-01 1.4011275 0
 266 3068 2899 3 F  0.653975877  1.316007e-01 1.0741966 0
 267 3068 2899 3 F  0.864412156 -4.744036e-02 1.1772718 0
 268 3068 2899 3 F  1.309333263  1.462719e-01 1.0773744 0
 269 3068 2899 3 F  1.162937605 -3.857616e-01 1.2426063 0
 270 3068 2899 3 F  0.376873610 -2.134763e-01 1.1190770 0
 271 2339 2907 3 M  1.189221131 -5.939052e-01 1.4781845 0
 272 2339 2907 3 F  2.505638438  2.306496e-01 1.6010078 0
 273 2339 2907 3 M  2.667912847  6.826601e-01 1.4377684 0
 274 2339 2907 3 F  2.136728353  6.287267e-02 1.4802491 0
 275 2339 2907 3 M  2.543916542  8.520586e-01 1.3439019 0
 276 2339 2336 3 F  1.621518770 -3.958547e-01 1.3707575 0
 277 2339 2336 3 F  2.883282591  3.290880e-01 1.6774544 0
 278 2339 2336 3 M -0.068090656 -2.239419e+00 1.4804774 0
 279 2339 2336 3 M  3.112206669  9.651554e-01 1.5222974 0
 280 2339 2336 3 M  2.392412057  2.461810e-01 1.5123671 0
 281 2349 3153 3 M  3.528880872  1.561987e+00 1.3786164 0
 282 2349 3153 3 F  1.603168668  3.746078e-01 1.2707631 0
 283 2349 3153 3 F  2.704093957  9.820092e-01 1.3884654 0
 284 2349 3153 3 F  1.994089541  2.406156e-01 1.3864742 0
 285 2349 3153 3 F  0.273918356 -8.677765e-01 1.2356394 0
 286 2349 2991 3 M  1.887762219  7.502963e-01 1.2547437 0
 287 2349 2991 3 F  3.034022329  7.111954e-01 1.5538661 0
 288 2349 2991 3 F  2.607656398  7.243693e-01 1.2597066 0
 289 2349 2991 3 M  1.402729663 -2.459788e-01 1.2692658 0
 290 2349 2991 3 M  1.444361292  4.004758e-01 1.1792246 0
 291 3038 2533 3 F  1.491226357  1.524480e-02 1.2453787 0
 292 3038 2533 3 F  1.508796261  5.195584e-02 1.3370303 0
 293 3038 2533 3 M  1.638705556 -4.116103e-02 1.3714106 0
 294 3038 2533 3 M  2.527464765  8.251414e-01 1.3139464 0
 295 3038 2533 3 F  2.586302842 -2.128784e-01 1.6960291 0
 296 3038 3054 3 M  1.316484552  9.672110e-02 1.3005733 0
 297 3038 3054 3 M  1.885896131  3.423420e-01 1.3217263 0
 298 3038 3054 3 F  1.804287589  3.348303e-01 1.3139010 0
 299 3038 3054 3 M  2.733518465  7.899553e-01 1.4972199 0
 300 3038 3054 3 M  2.165991049  1.264739e-01 1.4241090 0
 301 2553 2599 3 M  2.534545223  5.836184e-02 1.5074613 0
 302 2553 2599 3 F  2.813697883  1.917066e-01 1.6182296 0
 303 2553 2599 3 M  2.232111530  2.265147e-01 1.3761992 0
 304 2553 2599 3 F  0.581168832 -5.953911e-01 1.1924082 0
 305 2553 2599 3 F  2.575400995  3.512429e-01 1.5085380 0
 306 2553 2515 3 M  4.483270350  8.124893e-01 1.9293742 0
 307 2553 2515 3 M  2.014452763 -1.276948e-01 1.4401099 0
 308 2553 2515 3 F  2.252101414 -5.788219e-01 1.7451267 0
 309 2553 2515 3 F  2.459756239  2.193247e-01 1.5380455 0
 310 2553 2515 3 M  2.241222294  5.174796e-02 1.5573795 0
 311 3036 2966 3 F -0.451481292  3.471132e-01 0.3835493 0
 312 3036 2966 3 F -0.429607577  1.098789e-01 0.4766248 0
 313 3036 2966 3 F -1.498692947 -3.671633e-01 0.3127946 0
 314 3036 2966 3 F -2.277476185 -1.116607e+00 0.4213599 0
 315 3036 2966 3 M -0.491557756  5.239677e-01 0.3882774 0
 316 3036 2813 3 M  1.951152409  5.583452e-01 1.3257796 0
 317 3036 2813 3 F  1.001829312 -6.897955e-01 1.3214314 0
 318 3036 2813 3 F  1.603865150  1.585475e-01 1.3168287 0
 319 3036 2813 3 F  1.524460358 -2.408037e-01 1.3282830 0
 320 3036 2813 3 M  1.312876847 -3.398864e-01 1.4315572 0
 321 2483 3207 3 M  2.699569079  5.745927e-01 1.4367799 0
 322 2483 3207 3 M  2.272056138  3.088057e-01 1.4140853 0
 323 2483 3207 3 M  3.501529667  6.392855e-01 1.6851497 0
 324 2483 3207 3 F  2.549509452 -1.629444e-01 1.5523628 0
 325 2483 3207 3 M  2.695220108  6.821265e-01 1.4661355 0
 326 2483 2926 3 F -0.994161699 -5.918345e-02 0.3421337 0
 327 2483 2926 3 M -0.468445483  7.926130e-01 0.2715654 0
 328 2483 2926 3 M -0.725762636  6.285138e-01 0.2342329 0
 329 2483 2926 3 F -1.252968831 -3.900928e-01 0.2642295 0
 330 2483 2926 3 F  0.652389148  1.613779e+00 0.3670537 0
 331 2433 2538 3 F -1.107376268 -5.166732e-01 0.1628041 0
 332 2433 2538 3 M -0.011226601  7.630912e-01 0.3172559 0
 333 2433 2538 3 F -1.605877463 -1.078447e+00 0.2636371 0
 334 2433 2538 3 F -0.502674836  1.451655e-01 0.3085230 0
 335 2433 2538 3 M -0.565493856 -1.596614e-01 0.3858865 0
 336 2433 2346 3 M -1.382415092 -7.197146e-01 0.3746359 0
 337 2433 2346 3 F -0.682511063  3.211941e-02 0.3832314 0
 338 2433 2346 3 M -1.518008317 -2.962866e-01 0.1347084 0
 339 2433 2346 3 M  1.029490215  1.201832e+00 0.4704286 0
 340 2433 2346 3 F -0.107137408  4.749516e-01 0.4298486 0
 341 2602 3232 3 F  2.472592899  2.014799e-02 1.7188298 0
 342 2602 3232 3 M  2.575452097  5.341554e-01 1.5458489 0
 343 2602 3232 3 M  1.191823387 -4.548432e-01 1.4265208 0
 344 2602 3232 3 F  0.438959074 -3.699846e-01 1.1089371 0
 345 2602 3232 3 F  2.625866527  2.814235e-01 1.5604059 0
 346 2602 2339 3 F -0.396762086  2.540849e-01 0.4958338 0
 347 2602 2339 3 M -1.305156893 -5.073629e-01 0.3912811 0
 348 2602 2339 3 M -0.464248577 -1.060423e-01 0.6557777 0
 349 2602 2339 3 M -1.559862216 -7.895080e-01 0.4129440 0
 350 2602 2339 3 F -0.790181924 -1.917561e-01 0.4765244 0
 351 3111 3225 3 F  0.736032752 -5.561527e-01 1.2494046 0
 352 3111 3225 3 M  0.894628473 -5.021179e-01 1.3147146 0
 353 3111 3225 3 M  1.545570567  1.450149e-01 1.1770572 0
 354 3111 3225 3 M  2.927924941  1.426851e+00 1.2438035 0
 355 3111 3225 3 F  0.775221560 -1.125812e-01 1.0669307 0
 356 3111 2729 3 M  0.785196642 -6.982144e-01 1.2401722 0
 357 3111 2729 3 M -0.462755160 -1.599253e+00 1.1578339 0
 358 3111 2729 3 F  1.130509454  1.648195e-03 1.1459759 0
 359 3111 2729 3 F  2.270313066  5.339312e-01 1.3649591 0
 360 3111 2729 3 M  1.960591098  4.572330e-01 1.2363264 0
 361 3286 2815 3 M  2.387968754  7.783770e-01 1.3517804 0
 362 3286 2815 3 F  0.663626193 -5.269630e-01 1.1663402 0
 363 3286 2815 3 F  1.194013030 -4.717443e-01 1.3594917 0
 364 3286 2815 3 M  2.379889403  1.087876e+00 1.2667501 0
 365 3286 2815 3 F  3.026841556  8.238435e-01 1.5211571 0
 366 3286 2622 3 M -0.686631472  6.153506e-01 0.2299595 0
 367 3286 2622 3 M -1.097182608 -3.806758e-01 0.4413104 0
 368 3286 2622 3 M -0.984819701  4.703861e-01 0.2296759 0
 369 3286 2622 3 M -2.178813833 -9.505009e-01 0.2836224 0
 370 3286 2622 3 F -0.863734005  2.039677e-01 0.3491266 0
 371 3181 2356 3 F  2.609037883  4.237994e-01 1.4574690 0
 372 3181 2356 3 M  2.018928950 -1.054362e-01 1.4416331 0
 373 3181 2356 3 F  2.342599499  2.436082e-01 1.5187178 0
 374 3181 2356 3 F  2.556561668  3.945134e-01 1.4625487 0
 375 3181 2356 3 F  2.307616131  9.918159e-02 1.4262049 0
 376 3181 2516 3 F  3.081666957  1.948426e+00 1.2352060 0
 377 3181 2516 3 M  1.797350291 -4.118143e-01 1.5667673 0
 378 3181 2516 3 M  2.347624216  8.774288e-01 1.3005931 0
 379 3181 2516 3 M  2.169834052  2.732151e-01 1.4127777 0
 380 3181 2516 3 M  2.266609305  2.144866e-02 1.5437664 0
 381 2488 2921 3 F  0.158706377  1.050047e+00 0.2832751 0
 382 2488 2921 3 F -1.265016863 -4.013833e-01 0.4026688 0
 383 2488 2921 3 M -1.183379026 -4.201246e-01 0.4955551 0
 384 2488 2921 3 F  0.260830675  1.192272e+00 0.3624251 0
 385 2488 2921 3 F -1.360475836 -4.864590e-01 0.2853745 0
 386 2488 2833 3 F  1.938477150 -5.509317e-01 1.4939000 0
 387 2488 2833 3 F  2.723613465  9.577967e-02 1.6964733 0
 388 2488 2833 3 F  3.900960890  6.247570e-01 1.8272475 0
 389 2488 2833 3 F  2.723685922  5.995190e-01 1.4654291 0
 390 2488 2833 3 F  2.119537611 -3.431699e-01 1.6255024 0
 391 3016 2699 3 F  3.380076998  6.764633e-01 1.6053032 0
 392 3016 2699 3 M  2.489300537  6.683824e-01 1.4466282 0
 393 3016 2699 3 M  1.787157043 -2.072913e-01 1.3259536 0
 394 3016 2699 3 M  3.391772494  6.268348e-01 1.7321428 0
 395 3016 2699 3 M  1.495216848 -9.215276e-01 1.4672750 0
 396 3016 2537 3 M  2.188202723  3.951192e-01 1.2815075 0
 397 3016 2537 3 F  1.569682553  1.272279e-01 1.2396225 0
 398 3016 2537 3 F  3.619104223  9.413633e-01 1.5736221 0
 399 3016 2537 3 F  2.001652350  5.519723e-01 1.1367903 0
 400 3016 2537 3 F  2.631448093  7.601540e-01 1.2799190 0
 401 3067 3037 3 F  1.370648035 -2.299759e-01 1.2584609 0
 402 3067 3037 3 M  0.478124693 -9.904410e-01 1.3548455 0
 403 3067 3037 3 M  1.630330827 -4.319077e-01 1.4748896 0
 404 3067 3037 3 M  3.649158517  1.535839e+00 1.4867752 0
 405 3067 3037 3 F  1.307671512 -1.345733e+00 1.5592330 0
 406 3067 2888 3 F  2.601271332  5.887969e-01 1.4259139 0
 407 3067 2888 3 M  1.281776193 -5.401675e-01 1.3883257 0
 408 3067 2888 3 F  2.978744618  6.874474e-01 1.4577466 0
 409 3067 2888 3 M  3.528006838  1.496100e+00 1.3855825 0
 410 3067 2888 3 F  1.676971425 -1.287571e-01 1.3850783 0
 411 3179 3041 3 M -1.420557081 -6.934076e-01 0.5249909 0
 412 3179 3041 3 F  0.493471529  1.177875e+00 0.4807794 0
 413 3179 3041 3 F -1.606619551 -1.056643e+00 0.4993336 0
 414 3179 3041 3 M -0.487076743  4.121392e-02 0.3955371 0
 415 3179 3041 3 M -0.022954758  5.151604e-01 0.6575018 0
 416 3179 2361 3 F -1.174748438 -1.807701e-01 0.4262125 0
 417 3179 2361 3 M -0.709423594  1.759881e-02 0.4170352 0
 418 3179 2361 3 M -1.885412808 -8.667315e-01 0.3649183 0
 419 3179 2361 3 F -0.922950691  2.553457e-01 0.3448921 0
 420 3179 2361 3 M -0.885680427  7.944121e-02 0.2225375 0
 421 2560 2695 3 F  0.161171448 -4.417993e-01 0.9959825 0
 422 2560 2695 3 F  3.327810245 -3.409583e-02 1.9554826 0
 423 2560 2695 3 F  2.114051332  5.832915e-01 1.3259457 0
 424 2560 2695 3 F  0.789008732 -4.834285e-01 1.3154753 0
 425 2560 2695 3 F  3.006261205 -4.164736e-01 2.0143687 0
 426 2560 3295 3 M  2.638777279  3.453330e-01 1.6419723 0
 427 2560 3295 3 F  2.982575457  2.652332e-01 1.7448855 0
 428 2560 3295 3 M  4.106067285  1.886247e+00 1.5448705 0
 429 2560 3295 3 M  1.824424228 -5.267652e-01 1.5990010 0
 430 2560 3295 3 M  2.521764899  1.949269e-01 1.4954311 0
 431 2481 3091 3 M  1.721690098  8.797600e-01 1.1899255 0
 432 2481 3091 3 F  1.511808407  1.091260e-01 1.3257764 0
 433 2481 3091 3 F  3.253259663  1.028777e+00 1.4080926 0
 434 2481 3091 3 F  0.486212822 -1.951600e-01 1.0656476 0
 435 2481 3091 3 M  1.753342377  6.818465e-01 1.1517944 0
 436 2481 2526 3 F  3.086757331  8.118350e-01 1.5206602 0
 437 2481 2526 3 F  0.637416377 -8.968706e-01 1.3167874 0
 438 2481 2526 3 F  2.250315745 -7.339577e-01 1.8218772 0
 439 2481 2526 3 F  0.821448523 -1.001987e+00 1.4782081 0
 440 2481 2526 3 M  2.500402418 -2.951299e-01 1.7418046 0
 441 2415 2944 3 M  2.549807157  3.586102e-01 1.7043201 0
 442 2415 2944 3 M  2.695055069  3.500316e-01 1.7711409 0
 443 2415 2944 3 F  2.404538169 -2.701543e-01 1.8352776 0
 444 2415 2944 3 M  3.039296010  1.241029e+00 1.4641104 0
 445 2415 2944 3 F  1.113484064 -5.008989e-01 1.4665673 0
 446 2415 3110 3 M  1.631826609 -1.442832e-01 1.3465250 0
 447 2415 3110 3 M  1.950889808  1.056493e+00 1.2195000 0
 448 2415 3110 3 M  1.552712156 -3.507086e-01 1.4899439 0
 449 2415 3110 3 F  1.201971675 -6.680617e-02 1.2884387 0
 450 2415 3110 3 M  0.837961333 -4.468160e-01 1.3392399 0
 451 2691 2428 3 F  2.052048259 -2.398669e-01 1.6499554 0
 452 2691 2428 3 F  1.885928704  5.179891e-01 1.3802988 0
 453 2691 2428 3 F  3.081407626  4.382151e-01 1.6968350 0
 454 2691 2428 3 M  3.613153717  1.588324e+00 1.6181221 0
 455 2691 2428 3 M  3.070559682  5.775775e-01 1.6588278 0
 456 2691 2549 3 F -1.311759393 -8.114397e-01 0.4742501 0
 457 2691 2549 3 F -1.111625529 -8.791331e-01 0.4190533 0
 458 2691 2549 3 M -0.366820687  1.503508e-01 0.3517311 0
 459 2691 2549 3 M -1.673937948 -1.316469e+00 0.3761208 0
 460 2691 2549 3 M  0.192944968  9.763236e-01 0.4437484 0
 461 3096 2335 3 M -1.137498180 -2.122513e-01 0.2367216 0
 462 3096 2335 3 M  0.213268706  9.343987e-01 0.2560995 0
 463 3096 2335 3 M -1.444096099  2.737332e-01 0.2184217 0
 464 3096 2335 3 M -1.470100359 -3.765858e-01 0.3013686 0
 465 3096 2335 3 F -1.253944452  2.588358e-01 0.2072377 0
 466 3096 2311 3 M  1.259066685 -1.919944e-01 1.2913189 0
 467 3096 2311 3 M  2.668358991  5.019787e-01 1.4814880 0
 468 3096 2311 3 M  1.450445808 -4.271354e-01 1.3819442 0
 469 3096 2311 3 F  1.286660953 -5.652756e-01 1.4788405 0
 470 3096 2311 3 M  1.651108530  7.984020e-01 1.1557486 0
 471 2744 2623 3 M -1.266036624 -6.252325e-01 0.4312608 0
 472 2744 2623 3 M  0.445651337  1.171810e+00 0.4308692 0
 473 2744 2623 3 M  0.829519846  1.617432e+00 0.5139565 0
 474 2744 2623 3 F -1.013011268 -4.582358e-01 0.4030074 0
 475 2744 2623 3 F -0.437633645  4.133385e-01 0.2975324 0
 476 2744 2427 3 M  3.049290767  8.014087e-01 1.6954531 0
 477 2744 2427 3 M  3.547678806  7.621403e-01 1.8614249 0
 478 2744 2427 3 F  2.928991103 -3.722976e-02 1.7833966 0
 479 2744 2427 3 F  2.306095898 -4.572575e-01 1.8593302 0
 480 2744 2427 3 M  3.611206376  1.043619e+00 1.7512697 0
 481 2652 2693 3 M  1.685124443 -3.289277e-01 1.5045161 0
 482 2652 2693 3 M  3.633030120  1.267653e+00 1.6299594 0
 483 2652 2693 3 M  1.190954683 -1.846340e+00 1.7854839 0
 484 2652 2693 3 F  3.657466776  4.329635e-01 1.8176781 0
 485 2652 2693 3 M  2.693658072  6.406084e-01 1.4630720 0
 486 2652 2462 3 F  4.412021591  1.368351e+00 1.7121721 0
 487 2652 2462 3 M  2.598600391 -3.046826e-01 1.6594028 0
 488 2652 2462 3 F  3.075053170 -8.489009e-02 1.8958798 0
 489 2652 2462 3 M  3.142891206  6.831090e-01 1.6178387 0
 490 2652 2462 3 F  4.148870217  1.279524e+00 1.7427557 0
 491 2476 2993 3 F  4.350454974  1.378867e+00 1.8594478 0
 492 2476 2993 3 F  2.758048519  1.201770e-01 1.6515171 0
 493 2476 2993 3 M  2.773294172  5.283506e-01 1.6045767 0
 494 2476 2993 3 F  3.195968431  1.744775e-01 1.8395286 0
 495 2476 2993 3 M  3.054489687  1.907050e-01 1.8665606 0
 496 2476 2527 3 M  4.984164925  1.326245e+00 1.9872437 0
 497 2476 2527 3 F  2.275648852 -4.160316e-01 1.6531484 0
 498 2476 2527 3 F  1.269701800 -2.503582e-02 1.2977627 0
 499 2476 2527 3 M  2.410043162 -4.353339e-01 1.6488899 0
 500 2476 2527 3 M  3.868900180  4.215345e-01 1.9848300 0
 501 3051 2999 3 M  2.488270328 -4.323342e-01 1.6672835 0
 502 3051 2999 3 M  1.960826102  6.252912e-02 1.3422643 0
 503 3051 2999 3 M  2.066169397 -4.741890e-01 1.5639782 0
 504 3051 2999 3 F  2.062387927 -3.925910e-01 1.5634852 0
 505 3051 2999 3 M  3.663136163  4.528979e-01 1.7254666 0
 506 3051 2881 3 M  1.482380382 -7.481115e-01 1.4875053 0
 507 3051 2881 3 F  3.207735886  6.974300e-01 1.5921407 0
 508 3051 2881 3 F  1.222722833 -9.155090e-01 1.5660489 0
 509 3051 2881 3 F  1.755150886 -2.848240e-01 1.5400527 0
 510 3051 2881 3 M  1.235197784 -1.002592e+00 1.4904061 0
 511 2346 2524 3 F  0.033502270  1.032528e-01 0.7648858 0
 512 2346 2524 3 M  1.979028330  8.479648e-01 1.1354633 0
 513 2346 2524 3 F  2.245501186 -4.208744e-01 1.7669417 0
 514 2346 2524 3 M  1.391994896  6.074318e-01 1.2256541 0
 515 2346 2524 3 M  3.395528269  6.526080e-01 1.6479460 0
 516 2346 2756 3 F  1.509830491 -3.729912e-01 1.4321249 0
 517 2346 2756 3 M  1.042729563 -1.513003e-01 1.3853880 0
 518 2346 2756 3 M  0.392108111 -9.666507e-01 1.2076138 0
 519 2346 2756 3 M  1.099181546 -7.692702e-01 1.2783264 0
 520 2346 2756 3 F  1.148844817 -6.070182e-01 1.4940133 0
 521 2549 3045 3 F  2.603196901  1.008840e-01 1.5029033 0
 522 2549 3045 3 F  1.834028714 -1.412138e-02 1.2983941 0
 523 2549 3045 3 M  1.532812193 -4.203822e-01 1.3298641 0
 524 2549 3045 3 F  1.886648839  5.191962e-01 1.1950195 0
 525 2549 3045 3 F  1.431772503 -6.512200e-01 1.3912848 0
 526 2549 3235 3 F  2.612395606 -1.206038e-01 1.6793757 0
 527 2549 3235 3 M  0.886460997 -6.441201e-01 1.2220531 0
 528 2549 3235 3 M  1.853205680 -8.845888e-01 1.6947611 0
 529 2549 3235 3 M  3.538073865  1.243807e+00 1.4483010 0
 530 2549 3235 3 M  1.605309488 -4.166357e-01 1.4240154 0
 531 3276 3288 3 M  3.587535484  8.288198e-01 1.7335905 0
 532 3276 3288 3 M  3.073491330  1.053813e+00 1.5646829 0
 533 3276 3288 3 M  2.415924724 -5.925408e-01 1.8569969 0
 534 3276 3288 3 F  2.231892928 -8.216249e-01 1.7952964 0
 535 3276 3288 3 F  2.199989563 -4.570918e-01 1.6340561 0
 536 3276 2894 3 M  2.758460691  4.124363e-01 1.5406382 0
 537 3276 2894 3 F  1.170262527 -1.633227e-01 1.1444594 0
 538 3276 2894 3 M -0.076049342 -1.672967e+00 1.3271826 0
 539 3276 2894 3 F  2.553519560 -8.969652e-02 1.6650141 0
 540 3276 2894 3 F  2.215688653 -2.723790e-01 1.6168742 0
 541 3169 3092 3 F  2.194332234 -6.946430e-01 1.8614356 0
 542 3169 3092 3 M  0.973227710 -1.035843e-01 1.3815086 0
 543 3169 3092 3 M  1.440539791  4.332146e-01 1.3854059 0
 544 3169 3092 3 F  2.114651030  6.367035e-02 1.5620247 0
 545 3169 3092 3 F  2.507414443  1.331237e-01 1.5720771 0
 546 3169 2998 3 F  3.100985624 -7.794448e-02 1.9436516 0
 547 3169 2998 3 M  1.071933032 -1.457204e+00 1.6970866 0
 548 3169 2998 3 F  3.056927201 -1.143240e-01 1.7625511 0
 549 3169 2998 3 M  2.423516099 -2.513752e-01 1.7537320 0
 550 3169 2998 3 F  2.215768269 -5.200672e-01 1.7717979 0
 551 2541 2345 3 M  1.426789145  1.952361e-01 1.1431054 0
 552 2541 2345 3 F  2.056109815 -6.654419e-01 1.6469889 0
 553 2541 2345 3 F  2.531604203 -2.020057e-01 1.6579274 0
 554 2541 2345 3 F  2.516180606  1.005248e+00 1.2922686 0
 555 2541 2345 3 M  3.317657875  9.080311e-01 1.5256418 0
 556 2541 2883 3 M  1.944660074  6.389410e-01 1.1905978 0
 557 2541 2883 3 F -0.197962099 -1.266241e+00 1.1638818 0
 558 2541 2883 3 M  0.626679067 -4.971812e-01 1.2855522 0
 559 2541 2883 3 F  1.071230573 -5.193227e-02 1.2027897 0
 560 2541 2883 3 M  0.817232109 -1.161701e-01 1.2382751 0
 561 3041 2523 3 F  3.222925275  9.473666e-02 1.9043833 0
 562 3041 2523 3 F  3.727300271  1.588988e+00 1.5649008 0
 563 3041 2523 3 M  3.502078924  1.605336e+00 1.4454562 0
 564 3041 2523 3 F  1.970185652 -7.125652e-01 1.7372491 0
 565 3041 2523 3 F  1.352556475  4.259784e-02 1.2956637 0
 566 3041 3052 3 F  2.577072406  3.218745e-01 1.6752862 0
 567 3041 3052 3 F  3.716477516  4.699315e-01 1.9328730 0
 568 3041 3052 3 M  2.884135746  4.684553e-02 1.6181707 0
 569 3041 3052 3 F  3.870299604  4.208542e-01 1.9717678 0
 570 3041 3052 3 F  1.455385815 -4.700342e-01 1.5509135 0
 571 2622 2473 3 M  2.589223928  5.455939e-01 1.4508837 0
 572 2622 2473 3 F  3.641037090  1.541855e+00 1.6120832 0
 573 2622 2473 3 F  2.017947027  5.711874e-01 1.2876249 0
 574 2622 2473 3 F  2.248310965  1.155363e+00 1.2376109 0
 575 2622 2473 3 M  2.373911867 -7.591872e-02 1.4741091 0
 576 2622 2837 3 F  1.942646674 -1.669265e-01 1.4950021 0
 577 2622 2837 3 M  1.028392795 -8.233076e-01 1.3827801 0
 578 2622 2837 3 F  0.991863332 -4.970854e-01 1.2896729 0
 579 2622 2837 3 F  0.902253654 -6.997286e-01 1.3971617 0
 580 2622 2837 3 M  2.076927443  1.358539e-01 1.3750936 0
 581 2445 2390 3 M  2.285471339  4.868742e-01 1.4268624 0
 582 2445 2390 3 M  1.113344115 -4.022199e-01 1.3140096 0
 583 2445 2390 3 M  2.224608083  5.462202e-01 1.2966020 0
 584 2445 2390 3 F  2.416846411  5.471693e-01 1.3471379 0
 585 2445 2390 3 M  1.227686913 -1.973952e-01 1.3385714 0
 586 2445 2669 3 F  2.307340649  4.844264e-01 1.3478987 0
 587 2445 2669 3 M  1.999500011  5.584512e-01 1.2624327 0
 588 2445 2669 3 F  1.216896498 -1.782271e-02 1.2402532 0
 589 2445 2669 3 F  1.642916034 -5.466772e-01 1.3599527 0
 590 2445 2669 3 M  0.247459205 -1.827431e+00 1.4113071 0
 591 2470 3048 3 F  2.020880618  3.119168e-01 1.3295971 0
 592 2470 3048 3 M  2.517647445  1.403713e+00 1.4355896 0
 593 2470 3048 3 M  2.219178858  7.758649e-01 1.3552640 0
 594 2470 3048 3 M  1.196814347  5.414676e-02 1.2870420 0
 595 2470 3048 3 M  2.151516547  5.522919e-01 1.4564226 0
 596 2470 2461 3 F  2.518532285  5.076611e-01 1.5003030 0
 597 2470 2461 3 M -0.323081577 -1.887971e+00 1.3191938 0
 598 2470 2461 3 M  1.754865576 -2.840928e-01 1.4975270 0
 599 2470 2461 3 M  3.527085890  6.613783e-01 1.6741687 0
 600 2470 2461 3 M  1.816507129 -7.545607e-01 1.6553292 0
 601 3231 2897 3 M  2.422512621  6.796099e-01 1.4456734 0
 602 3231 2897 3 F  2.928719145  8.556389e-01 1.3636300 0
 603 3231 2897 3 M  1.116341289 -8.161438e-01 1.5029862 0
 604 3231 2897 3 M  0.359518096 -1.114160e+00 1.3511370 0
 605 3231 2897 3 M  1.967956423  4.936998e-01 1.2451423 0
 606 3231 2832 3 M  2.561880007 -5.618416e-01 1.7525506 0
 607 3231 2832 3 M  2.640994396 -3.132062e-01 1.5697893 0
 608 3231 2832 3 F  2.386437821  3.628252e-01 1.4394057 0
 609 3231 2832 3 M  4.216990379  1.025941e+00 1.8238242 0
 610 3231 2832 3 M  2.394837503 -6.631356e-02 1.5948708 0
 611 2466 2684 3 F  2.575829599  8.316367e-01 1.5699182 0
 612 2466 2684 3 F  2.916536978  5.751464e-01 1.5450067 0
 613 2466 2684 3 F  0.789897004 -9.674620e-01 1.4319660 0
 614 2466 2684 3 F  0.537560916 -1.504142e+00 1.5484327 0
 615 2466 2684 3 F  3.130207503  8.147882e-01 1.5353992 0
 616 2466 3202 3 F  1.443453314  9.340471e-03 1.3542117 0
 617 2466 3202 3 F  1.586438168 -8.237855e-01 1.6761499 0
 618 2466 3202 3 F  1.873635847 -9.666143e-02 1.4363099 0
 619 2466 3202 3 M  1.564678910 -3.734665e-01 1.4168218 0
 620 2466 3202 3 M  2.625121863 -8.214817e-02 1.7115905 0
 621 3108 2535 3 F  2.317189882  4.970605e-01 1.2575201 0
 622 3108 2535 3 M  2.145385789 -1.154993e-01 1.4542259 0
 623 3108 2535 3 M  1.404142897 -2.780682e-01 1.2182018 0
 624 3108 2535 3 F  2.182378645  3.336844e-01 1.3539862 0
 625 3108 2535 3 F -0.103884666 -6.343899e-01 0.9182017 0
 626 3108 2885 3 F  2.005657189 -3.150428e-01 1.6136037 0
 627 3108 2885 3 F  2.597111308  8.209474e-01 1.5521537 0
 628 3108 2885 3 M  2.018486477  4.088852e-01 1.4127029 0
 629 3108 2885 3 F  1.893589745  4.355194e-01 1.2747838 0
 630 3108 2885 3 M  2.658348030  3.628822e-01 1.5672730 0
 631 2443 2784 3 M  1.156128389 -6.574583e-01 1.2942310 0
 632 2443 2784 3 M  0.741571534  6.419657e-01 0.9682252 0
 633 2443 2784 3 M  2.029442117 -3.598871e-01 1.4768022 0
 634 2443 2784 3 F  2.048739951  3.370269e-01 1.3394923 0
 635 2443 2784 3 F  1.411914101  3.781244e-01 1.2206882 0
 636 2443 3047 3 F  1.205027521 -1.048737e-01 1.2199020 0
 637 2443 3047 3 M  2.445590068  9.699684e-01 1.2208967 0
 638 2443 3047 3 F  1.337427934 -1.035250e-01 1.2908977 0
 639 2443 3047 3 M  1.063916969 -5.805678e-02 1.0771563 0
 640 2443 3047 3 M  0.820399250 -3.949904e-01 1.2522587 0
 641 2385 3203 3 F  2.090582643  5.770689e-01 1.2483072 0
 642 2385 3203 3 F  0.689477372  5.186911e-02 1.1140945 0
 643 2385 3203 3 F -0.125650955 -1.307676e+00 1.0594910 0
 644 2385 3203 3 M  1.012272444 -6.772002e-01 1.2493189 0
 645 2385 3203 3 M  3.239487832  6.234903e-01 1.4994799 0
 646 2385 3292 3 F  3.156434670  9.166598e-01 1.5504186 0
 647 2385 3292 3 F  2.315960609 -2.608021e-01 1.5380913 0
 648 2385 3292 3 F  3.270166080  1.292354e+00 1.4578669 0
 649 2385 3292 3 F  2.171561328 -1.674435e-01 1.4763143 0
 650 2385 3292 3 M  1.998126379 -8.305020e-01 1.6033434 0
 651 3022 2405 3 F  2.399008954  5.117471e-01 1.3911818 0
 652 3022 2405 3 M  0.281112580 -8.522814e-01 1.1291474 0
 653 3022 2405 3 M  0.035081411 -7.724221e-01 1.2019117 0
 654 3022 2405 3 M  0.963669201 -3.353178e-01 1.2083025 0
 655 3022 2405 3 M  3.338962516  1.185886e+00 1.4895318 0
 656 3022 2553 3 F -2.012172853 -9.447771e-01 0.4164844 0
 657 3022 2553 3 F -0.207473282  6.995763e-01 0.4796759 0
 658 3022 2553 3 M -0.986403101 -1.612866e-01 0.5199050 0
 659 3022 2553 3 M -0.058952513  8.804417e-01 0.4653959 0
 660 3022 2553 3 F -1.693500499 -3.904395e-01 0.5204388 0
 661 2855 2698 3 M  2.589446205  6.540003e-01 1.5325788 0
 662 2855 2698 3 F  1.096927190 -5.991684e-01 1.5716741 0
 663 2855 2698 3 M  1.572719519 -2.356577e-01 1.4502372 0
 664 2855 2698 3 F  2.907702483  1.373263e-02 1.7529127 0
 665 2855 2698 3 M  0.976983780 -6.403950e-01 1.5015061 0
 666 2855 3033 3 F  0.470110169 -8.495929e-01 1.1936567 0
 667 2855 3033 3 M  2.873577657  4.170912e-01 1.6104087 0
 668 2855 3033 3 M  2.922968532  1.768710e+00 1.2465230 0
 669 2855 3033 3 M  2.143296512  7.873287e-01 1.3770504 0
 670 2855 3033 3 F  2.542133725  1.555612e-01 1.7057047 0
 671 3222 2676 3 F  0.488229183 -2.918118e-01 1.1123183 0
 672 3222 2676 3 M -0.214900979 -1.343448e+00 1.2760474 0
 673 3222 2676 3 F  0.459058971 -1.548151e-01 1.1079931 0
 674 3222 2676 3 M  0.715382800 -9.224259e-01 1.3672582 0
 675 3222 2676 3 M  1.127804694  5.605481e-01 1.0456340 0
 676 3222 2591 3 F  3.586628521  1.439340e+00 1.5982184 0
 677 3222 2591 3 M  1.803384231 -3.531794e-01 1.5973791 0
 678 3222 2591 3 F  1.534637304  5.108061e-01 1.2143246 0
 679 3222 2591 3 F  1.302322213 -7.277884e-01 1.3374051 0
 680 3222 2591 3 M  1.620821981 -5.056407e-01 1.4928033 0
 681 2320 3181 3 F -0.433805225  5.769428e-01 0.3672429 0
 682 2320 3181 3 M -0.900269277 -5.784968e-01 0.6147398 0
 683 2320 3181 3 M -1.446872510 -7.513478e-01 0.5012106 0
 684 2320 3181 3 M -1.270836767 -6.064940e-01 0.4935461 0
 685 2320 3181 3 F -0.004728607  7.347632e-01 0.5335442 0
 686 2320 2399 3 M -1.152274598 -2.896219e-01 0.4627550 0
 687 2320 2399 3 F -1.722480167 -1.466144e+00 0.4941818 0
 688 2320 2399 3 F -2.652297189 -2.208730e+00 0.4827218 0
 689 2320 2399 3 F  0.416104058  1.208395e+00 0.4615452 0
 690 2320 2399 3 F -0.542677201  2.034590e-01 0.4476082 0
 691 2399 2662 3 F  1.707064857  3.603050e-01 1.4147165 0
 692 2399 2662 3 M  2.243350021  5.839487e-01 1.3821260 0
 693 2399 2662 3 M  0.760096929 -7.975742e-01 1.3171548 0
 694 2399 2662 3 F  1.548183847 -3.585847e-01 1.5213410 0
 695 2399 2662 3 F  1.112643610 -5.678758e-01 1.3519729 0
 696 2399 2929 3 M  0.310798132  1.315029e+00 0.2766879 0
 697 2399 2929 3 F  0.509252642  6.596527e-01 0.4380707 0
 698 2399 2929 3 F -2.191921002 -1.449609e+00 0.3746090 0
 699 2399 2929 3 F -0.226771002  8.479253e-01 0.4232218 0
 700 2399 2929 3 F -1.231286987 -2.857608e-01 0.3217864 0
 701 2361 2528 3 M  2.207075309  4.557704e-01 1.4655197 0
 702 2361 2528 3 M  0.503046311 -2.080343e+00 1.6711592 0
 703 2361 2528 3 F  2.635129758  1.959837e-01 1.5810805 0
 704 2361 2528 3 F  1.959981043 -2.949966e-02 1.4501565 0
 705 2361 2528 3 M  2.996235964  2.310474e-01 1.6576783 0
 706 2361 2779 3 F  1.427226635 -2.535615e-01 1.3074068 0
 707 2361 2779 3 M  2.504066335  1.829233e-01 1.4303363 0
 708 2361 2779 3 M  3.517971477  1.463761e+00 1.3108975 0
 709 2361 2779 3 F  2.446228119  2.341043e-01 1.3147610 0
 710 2361 2779 3 M  3.044057828  1.133544e+00 1.2764679 0
 711 2929 2886 3 M  0.690578859 -7.686943e-01 1.2816969 0
 712 2929 2886 3 M  0.597394231 -3.917844e-01 1.1646082 0
 713 2929 2886 3 F  2.155157016  9.937784e-01 1.1861705 0
 714 2929 2886 3 M  1.075975914  1.904111e-02 1.1768993 0
 715 2929 2886 3 M  1.410605338  1.577301e-01 1.2609840 0
 716 2929 2367 3 M  1.851537801  7.201477e-01 1.2043177 0
 717 2929 2367 3 M  0.840829293 -4.522627e-01 1.2272388 0
 718 2929 2367 3 M  0.981417496 -4.349111e-01 1.2710279 0
 719 2929 2367 3 F  1.648535506  1.507112e-01 1.2948920 0
 720 2929 2367 3 F  2.963289409  9.259002e-01 1.5557452 0
 721 2975 3044 3 M  2.013301610  4.834400e-01 1.1699283 0
 722 2975 3044 3 F  2.345152831  7.567516e-01 1.3645547 0
 723 2975 3044 3 M  2.129674475  6.722412e-01 1.3110240 0
 724 2975 3044 3 M  2.693330534  4.396143e-02 1.7575628 0
 725 2975 3044 3 F  1.910346523  4.341869e-02 1.4814511 0
 726 2975 2331 3 F  2.315497897  8.941891e-01 1.1604545 0
 727 2975 2331 3 F  3.246225397  7.159267e-02 1.8422349 0
 728 2975 2331 3 M  3.085962623 -1.203979e-01 1.7225421 0
 729 2975 2331 3 M  4.163629131  9.323908e-01 1.7974115 0
 730 2975 2331 3 M  2.004941821  7.058676e-01 1.2202037 0
 731 2411 2387 3 M  2.494834569  3.457734e-01 1.3774299 0
 732 2411 2387 3 F  3.049854226  6.226132e-01 1.5165423 0
 733 2411 2387 3 M  1.649906635 -8.196621e-01 1.6295350 0
 734 2411 2387 3 M  2.489218430  3.987878e-01 1.3098073 0
 735 2411 2387 3 F  3.699682916  1.187415e+00 1.6686487 0
 736 2411 2408 3 F  1.047944332 -4.560277e-02 1.1679865 0
 737 2411 2408 3 F  1.446048282  4.310333e-01 1.2005839 0
 738 2411 2408 3 M  1.647660664 -2.219124e-01 1.3477159 0
 739 2411 2408 3 F  1.707209356 -7.997550e-02 1.4827985 0
 740 2411 2408 3 M  1.869217689  8.035654e-01 1.3505228 0
 741 2347 2891 3 F  0.371344861  2.558828e-01 0.9204982 0
 742 2347 2891 3 F  1.972996837  9.132583e-01 1.0968846 0
 743 2347 2891 3 M -0.206153819 -1.228905e+00 1.2515305 0
 744 2347 2891 3 F  0.846609154 -1.005490e+00 1.3084338 0
 745 2347 2891 3 M  1.876327254  1.231148e+00 0.9459781 0
 746 2347 2494 3 F  0.581095333 -7.944831e-01 1.2643817 0
 747 2347 2494 3 M  1.473442049 -1.923296e-01 1.5033308 0
 748 2347 2494 3 F  1.246608947 -6.794773e-01 1.4816324 0
 749 2347 2494 3 F  0.998106001 -4.135973e-02 1.1238008 0
 750 2347 2494 3 F  0.794658979 -5.800482e-01 1.2652975 0
 751 2558 2846 3 M  1.623545082  1.537688e-02 1.4073104 0
 752 2558 2846 3 M  2.298655143 -2.118259e-01 1.5496844 0
 753 2558 2846 3 M  3.060947418  5.186527e-01 1.5296854 0
 754 2558 2846 3 F  2.471223593 -4.673807e-02 1.6911452 0
 755 2558 2846 3 F  2.918961173  3.826307e-01 1.5918741 0
 756 2558 2492 3 F  3.424408643  1.224839e+00 1.4339777 0
 757 2558 2492 3 F  1.177249370 -3.028679e-01 1.3029381 0
 758 2558 2492 3 F  0.319940459 -1.098831e+00 1.1335862 0
 759 2558 2492 3 F  2.740490034 -2.587586e-01 1.6966339 0
 760 2558 2492 3 F  1.908197778  4.193726e-01 1.1099526 0
 761 2575 2466 3 M -0.345451851  4.483440e-01 0.4926120 0
 762 2575 2466 3 F  0.032680850  5.529225e-01 0.5765456 0
 763 2575 2466 3 F -0.767275579 -4.604726e-01 0.5194719 0
 764 2575 2466 3 F -1.173653586 -6.559757e-01 0.5473925 0
 765 2575 2466 3 M -0.702814123 -5.651352e-01 0.6581442 0
 766 2575 3279 3 F  3.331703559  3.366523e-01 1.6513476 0
 767 2575 3279 3 F  1.505595712 -2.932653e-02 1.2937564 0
 768 2575 3279 3 F  0.840379143 -3.892345e-01 1.2032289 0
 769 2575 3279 3 M  0.751922584 -6.351389e-01 1.2183039 0
 770 2575 3279 3 F  2.248408921 -1.222694e-01 1.5595164 0
 771 2667 2511 3 F  1.630525922 -1.972291e-01 1.3599700 0
 772 2667 2511 3 M  1.589172911 -9.259257e-01 1.5595293 0
 773 2667 2511 3 F  1.140737264 -1.329847e-01 1.2729912 0
 774 2667 2511 3 M  1.276480558 -3.071820e-01 1.3290974 0
 775 2667 2511 3 F  0.919680190 -3.543875e-01 1.2495469 0
 776 2667 3138 3 F  2.838275524  5.415417e-01 1.5373373 0
 777 2667 3138 3 M  1.064887406 -9.340280e-01 1.4263420 0
 778 2667 3138 3 M  3.896576645  1.173271e+00 1.6376557 0
 779 2667 3138 3 M  0.310242255  1.080102e-01 0.8969219 0
 780 2667 3138 3 M  1.607780090 -6.568604e-02 1.1514607 0
 781 3219 2383 3 F  1.215178828 -1.032123e-01 1.2364487 0
 782 3219 2383 3 M  1.298111545  5.943844e-01 1.0412178 0
 783 3219 2383 3 F -0.005095107 -7.084266e-01 1.0921602 0
 784 3219 2383 3 M  0.373499599 -3.966614e-01 1.0487962 0
 785 3219 2383 3 F  2.350638565  1.343326e+00 1.1270638 0
 786 3219 3069 3 M  1.560001717 -4.166483e-01 1.3750034 0
 787 3219 3069 3 F  0.315165415 -5.688775e-01 1.0616473 0
 788 3219 3069 3 F  1.376007967  5.500923e-01 1.0977185 0
 789 3219 3069 3 F  0.394171146 -2.812495e-01 1.0314882 0
 790 3219 3069 3 F  1.142558087 -6.945200e-02 1.1573997 0
 791 2538 2386 3 M  1.249757123 -5.948178e-01 1.3928139 0
 792 2538 2386 3 F  2.330995492  7.088255e-01 1.5467314 0
 793 2538 2386 3 M  2.153098085  9.028539e-01 1.2595548 0
 794 2538 2386 3 F  2.052112455 -2.735620e-01 1.7085804 0
 795 2538 2386 3 M  2.685506442  2.728275e-01 1.5620568 0
 796 2538 2463 3 F  1.332159164 -5.255505e-01 1.3988974 0
 797 2538 2463 3 F  0.772256367 -5.505526e-01 1.1851340 0
 798 2538 2463 3 M  2.953984789  3.620080e-02 1.6888001 0
 799 2538 2463 3 M  3.177570414  4.264209e-01 1.5896496 0
 800 2538 2463 3 F  3.013640088  2.729893e-01 1.6109760 0
 801 2749 2641 3 M -0.227486719 -6.740452e-01 0.9585137 0
 802 2749 2641 3 M  0.726647433 -5.751108e-01 1.2912627 0
 803 2749 2641 3 M  1.587136249  6.862693e-01 1.1831303 0
 804 2749 2641 3 F  2.836525111  1.703134e+00 1.3445478 0
 805 2749 2641 3 F  0.293124936 -5.527758e-01 1.0862593 0
 806 2749 2739 3 M  1.305458269 -1.234016e-01 1.2625152 0
 807 2749 2739 3 F -0.297711329 -1.832186e+00 1.3516145 0
 808 2749 2739 3 M  1.003316267 -6.869509e-01 1.2955097 0
 809 2749 2739 3 M  2.358447682  1.136378e+00 1.2840732 0
 810 2749 2739 3 F  1.088539172 -1.685151e-01 1.2595785 0
 811 2939 2761 3 M  2.023828093  6.102698e-01 1.3672879 0
 812 2939 2761 3 F  1.641815646 -4.746426e-02 1.3277583 0
 813 2939 2761 3 F  2.891002280  6.848124e-01 1.5861682 0
 814 2939 2761 3 F  1.877997401 -1.873885e-01 1.5843271 0
 815 2939 2761 3 M  1.363544774 -5.135507e-01 1.3345367 0
 816 2939 2307 3 F  4.311696311  1.568966e+00 1.7435582 0
 817 2939 2307 3 M  3.354265337  7.851204e-01 1.7103283 0
 818 2939 2307 3 F  0.924785987 -1.428606e+00 1.4945459 0
 819 2939 2307 3 F  3.084672936  8.454760e-02 1.7441846 0
 820 2939 2307 3 F  3.252082252 -2.019531e-02 1.8502124 0
 821 2775 3090 3 M  1.277717623 -4.786963e-01 1.3196010 0
 822 2775 3090 3 M  0.129266830 -4.777982e-01 1.1359248 0
 823 2775 3090 3 F  1.704975350  7.105025e-01 1.2433737 0
 824 2775 3090 3 F  2.206344843  2.055755e-01 1.3551011 0
 825 2775 3090 3 F  1.759044745  6.015087e-01 1.2891698 0
 826 2775 2409 3 M  1.486892795 -8.593574e-03 1.3893116 0
 827 2775 2409 3 F  1.209234292  2.830026e-01 1.1052150 0
 828 2775 2409 3 F  3.295924216  1.147536e+00 1.5214640 0
 829 2775 2409 3 F  1.623870880 -5.511519e-01 1.5547277 0
 830 2775 2409 3 M  1.486034201 -2.650610e-01 1.3983711 0
 831 2414 2310 3 M  3.023478864  6.913109e-01 1.7069858 0
 832 2414 2310 3 F  2.161727677 -3.697054e-02 1.4430626 0
 833 2414 2310 3 M  2.331302636 -1.319144e-01 1.5216482 0
 834 2414 2310 3 M  1.673187307  2.781426e-01 1.2403048 0
 835 2414 2310 3 M  2.509740392  2.287218e-01 1.4906262 0
 836 2414 3260 3 M  2.059791709  5.807172e-01 1.2405335 0
 837 2414 3260 3 F  0.344925170 -1.782914e+00 1.5158156 0
 838 2414 3260 3 M  1.957494327  8.898416e-01 1.1850259 0
 839 2414 3260 3 F  4.294856694  1.389856e+00 1.6842530 0
 840 2414 3260 3 F  3.626876176  9.835664e-01 1.6442468 0
 841 3270 2446 3 M -0.215880723 -1.596593e+00 1.3249260 0
 842 3270 2446 3 F  2.687234285  1.866905e-01 1.5499689 0
 843 3270 2446 3 F  1.073234930 -4.624528e-01 1.3915845 0
 844 3270 2446 3 F  2.071906464  2.426757e-01 1.3635602 0
 845 3270 2446 3 F  1.312507242 -4.173636e-03 1.2022474 0
 846 3270 2776 3 F  3.840719542  9.443693e-01 1.6505930 0
 847 3270 2776 3 F -0.434262487 -1.056971e+00 0.9311962 0
 848 3270 2776 3 M  1.729445072 -3.621788e-01 1.4657740 0
 849 3270 2776 3 F  2.360745045  1.976615e-01 1.3824160 0
 850 3270 2776 3 F  2.875763437  8.042340e-01 1.4593812 0
 851 3055 2992 3 M  2.615106495  5.504281e-01 1.4884787 0
 852 3055 2992 3 F  2.553076539  1.584923e-01 1.4672479 0
 853 3055 2992 3 F  2.963674062  2.290421e-01 1.6420960 0
 854 3055 2992 3 F  1.826254085 -7.991578e-01 1.6743226 0
 855 3055 2992 3 F  2.551958919  3.183211e-01 1.4236944 0
 856 3055 3067 3 F -1.074927483 -3.141902e-01 0.4605977 0
 857 3055 3067 3 M -0.798615380 -5.458052e-01 0.6804248 0
 858 3055 3067 3 M -0.982018324 -1.947662e-02 0.3829345 0
 859 3055 3067 3 M -0.781684023 -1.281399e-01 0.4968707 0
 860 3055 3067 3 M -1.901124562 -1.260092e+00 0.5025806 0
 861 2550 2711 3 M  1.146786805 -1.104552e+00 1.5060797 0
 862 2550 2711 3 F  1.119374421 -6.663948e-01 1.3812774 0
 863 2550 2711 3 F -0.113336558 -1.649831e+00 1.3128316 0
 864 2550 2711 3 F  1.701738839 -1.337014e-01 1.3392086 0
 865 2550 2711 3 M  2.293048189 -4.647384e-01 1.6890643 0
 866 2550 2820 3 M  2.044784219  3.134361e-01 1.3810581 0
 867 2550 2820 3 F  1.430305690 -4.462225e-01 1.4550043 0
 868 2550 2820 3 M  1.308900869 -3.566383e-01 1.2970742 0
 869 2550 2820 3 F  1.784975220  6.701276e-01 1.2521554 0
 870 2550 2820 3 M  2.237304837  4.210654e-01 1.4819245 0
 871 3164 2429 3 F  2.468840525 -5.310885e-01 1.7547287 0
 872 3164 2429 3 F  2.144404146 -7.865802e-01 1.7593116 0
 873 3164 2429 3 M  2.022132138 -5.734927e-01 1.7205489 0
 874 3164 2429 3 F  2.900006188 -1.945665e-01 1.7525000 0
 875 3164 2429 3 F  2.225269900 -4.344756e-01 1.7181533 0
 876 3164 2970 3 M  1.882981634 -9.915733e-01 1.6594095 0
 877 3164 2970 3 M  1.959448916  2.390945e-01 1.2949489 0
 878 3164 2970 3 M  0.769697425 -1.023983e+00 1.2600547 0
 879 3164 2970 3 M  2.889603096  6.409153e-02 1.6356268 0
 880 3164 2970 3 M  1.562462308 -2.783600e-01 1.3639387 0
 881 2477 2454 3 F  1.976315217 -7.688585e-01 1.5594042 0
 882 2477 2454 3 M  3.069393900  7.282963e-01 1.5142236 0
 883 2477 2454 3 F  3.637503405  3.679421e-01 1.8420872 0
 884 2477 2454 3 M  1.885094111 -5.155914e-01 1.7210500 0
 885 2477 2454 3 M  3.118253221 -1.329170e-01 1.9231532 0
 886 2477 2764 3 F  3.674810723  2.154955e+00 1.3785485 0
 887 2477 2764 3 M  2.170740992  1.708113e-01 1.4311694 0
 888 2477 2764 3 F  0.705723886 -1.078709e+00 1.4904545 0
 889 2477 2764 3 M  2.639667343  9.393419e-01 1.3464869 0
 890 2477 2764 3 F  1.332850200  9.232982e-03 1.2897186 0
 891 3025 2519 3 F  2.050378725  3.951165e-01 1.4427400 0
 892 3025 2519 3 M  0.550671077 -8.685897e-01 1.4234768 0
 893 3025 2519 3 M  3.268337750  5.638864e-01 1.7429081 0
 894 3025 2519 3 M  2.018337816  4.224585e-01 1.4339262 0
 895 3025 2519 3 F  2.862657637  1.335139e+00 1.4227806 0
 896 3025 2624 3 M  2.832080958  9.175133e-01 1.3484868 0
 897 3025 2624 3 F  1.192245803 -7.601320e-01 1.4112093 0
 898 3025 2624 3 F  2.955413102  1.015660e+00 1.5479677 0
 899 3025 2624 3 F  0.579002059 -9.804798e-01 1.3382913 0
 900 3025 2624 3 F  2.274260048  2.524216e-01 1.4770111 0
 901 2441 3080 3 M  3.467155476  1.070515e+00 1.5091882 0
 902 2441 3080 3 F  1.503819384 -2.110772e-01 1.4135474 0
 903 2441 3080 3 M  2.921644930  2.743331e-01 1.6578940 0
 904 2441 3080 3 M  1.427284062 -3.902526e-01 1.5047282 0
 905 2441 3080 3 M  2.166528161  2.030979e-02 1.5070013 0
 906 2441 3000 3 M  1.725410509  1.148006e-01 1.3383606 0
 907 2441 3000 3 F  3.009407672  1.460065e+00 1.3548740 0
 908 2441 3000 3 M  3.061730229  7.430931e-01 1.5741936 0
 909 2441 3000 3 M  1.835403001  4.926924e-01 1.3153498 0
 910 2441 3000 3 F  0.813111988 -7.110997e-01 1.2857283 0
 911 2649 2760 3 M  0.996562319 -6.888952e-01 1.2432439 0
 912 2649 2760 3 M  0.479512867 -1.143350e+00 1.2610553 0
 913 2649 2760 3 M  0.761765749 -3.411008e-01 1.1796434 0
 914 2649 2760 3 M  2.104574733  2.852958e-01 1.3830020 0
 915 2649 2760 3 F  0.742467383 -5.394552e-01 1.2405644 0
 916 2649 2596 3 M  2.581621836  5.289103e-01 1.4243018 0
 917 2649 2596 3 F  1.720147467  5.951236e-01 1.2041028 0
 918 2649 2596 3 F  1.069148053 -7.357963e-01 1.3332432 0
 919 2649 2596 3 F  0.544707830 -4.218884e-01 1.1421345 0
 920 2649 2596 3 M  1.633009569  7.056920e-01 1.1049554 0
 921 2547 2935 3 F  1.921671297 -3.337394e-03 1.4399312 0
 922 2547 2935 3 F  1.217734806 -3.080481e-01 1.3929773 0
 923 2547 2935 3 M  2.477656820  3.866934e-01 1.3943852 0
 924 2547 2935 3 M  1.487671840 -6.993469e-01 1.5105740 0
 925 2547 2935 3 M  1.196919354  2.263056e-02 1.2179184 0
 926 2547 3108 3 M -1.749167161 -5.181417e-01 0.1932542 0
 927 2547 3108 3 M -0.429143240  2.671412e-01 0.3096759 0
 928 2547 3108 3 M -0.484422416 -1.166312e-01 0.5336453 0
 929 2547 3108 3 M  0.258344419  7.679353e-01 0.5003140 0
 930 2547 3108 3 F  0.928966408  1.424895e+00 0.4654326 0
 931 2950 2465 3 M  1.162234083 -3.817126e-01 1.4098211 0
 932 2950 2465 3 F  0.139647445 -1.243474e+00 1.0875809 0
 933 2950 2465 3 M  1.122599726 -6.037288e-01 1.3061070 0
 934 2950 2465 3 F  1.845954618  4.591594e-01 1.1471168 0
 935 2950 2465 3 F  1.451950284 -2.667280e-01 1.3302711 0
 936 2950 2720 3 F  2.499913600  1.261273e-01 1.5588067 0
 937 2950 2720 3 F  2.386344387  7.832170e-01 1.2559028 0
 938 2950 2720 3 M  2.499147245 -5.182230e-03 1.5828784 0
 939 2950 2720 3 M  1.755952640 -4.824445e-02 1.5089785 0
 940 2950 2720 3 F  0.831915189 -1.337182e+00 1.5364893 0
 941 2966 3229 3 F  0.093878554 -1.573014e+00 1.3351979 0
 942 2966 3229 3 F -0.172672617 -1.079497e+00 1.0720326 0
 943 2966 3229 3 F  2.315440460  1.317553e+00 1.1559311 0
 944 2966 3229 3 M  1.268311927  4.609278e-01 1.0376612 0
 945 2966 3229 3 M  2.212073630  3.619144e-01 1.3628883 0
 946 2966 2556 3 F -0.778701812  3.081291e-02 0.2232424 0
 947 2966 2556 3 F -1.912905426 -4.653594e-01 0.1635248 0
 948 2966 2556 3 F -1.980323688 -9.602188e-01 0.5394937 0
 949 2966 2556 3 M -0.763235657 -1.787560e-01 0.4234569 0
 950 2966 2556 3 M -1.644608672 -4.891783e-01 0.3288039 0
 951 2372 3215 3 F  1.464021942 -1.361211e+00 1.7052087 0
 952 2372 3215 3 M  2.328984566 -1.014099e-01 1.5979044 0
 953 2372 3215 3 M  0.695746532 -1.032806e+00 1.4512871 0
 954 2372 3215 3 F  2.748233539 -9.374518e-03 1.7112286 0
 955 2372 3215 3 M  2.291741078  3.201179e-01 1.4493766 0
 956 2372 2896 3 F  2.338651650  2.971215e-01 1.3741807 0
 957 2372 2896 3 F  2.733380226  4.972058e-01 1.5082045 0
 958 2372 2896 3 F  1.510422756  5.682998e-01 1.1278103 0
 959 2372 2896 3 M  2.757435487  8.796272e-01 1.3803507 0
 960 2372 2896 3 F  2.580337027  6.950828e-01 1.3422954 0
 961 2474 2520 3 M  1.588548197  2.122996e-01 1.3436778 0
 962 2474 2520 3 F  1.574776165 -4.623821e-01 1.5139486 0
 963 2474 2520 3 M  1.936964725  8.040249e-02 1.4359040 0
 964 2474 2520 3 F  0.552192017 -9.087358e-01 1.2969676 0
 965 2474 2520 3 M  2.031570113  7.457664e-01 1.3197306 0
 966 2474 3118 3 M  2.297214781 -4.952714e-01 1.6482030 0
 967 2474 3118 3 M  2.994096766  4.875131e-01 1.5911057 0
 968 2474 3118 3 F  3.927808486  2.747012e-01 1.9113776 0
 969 2474 3118 3 F  3.216771360  7.252259e-01 1.6569438 0
 970 2474 3118 3 F  2.771121922  2.463608e-01 1.6269856 0
 971 2768 3268 3 F  3.428976101  1.218996e+00 1.4383739 0
 972 2768 3268 3 F  2.749759948  3.816833e-01 1.4517721 0
 973 2768 3268 3 M  3.563294127  7.456344e-01 1.6567641 0
 974 2768 3268 3 F  1.454990279 -1.445719e+00 1.6840784 0
 975 2768 3268 3 F  3.527787420  1.104094e+00 1.5616775 0
 976 2768 2313 3 M  1.606567083 -1.022866e+00 1.6979501 0
 977 2768 2313 3 F  3.179144430  1.130219e+00 1.3782585 0
 978 2768 2313 3 M  2.264486071 -6.284592e-02 1.5495211 0
 979 2768 2313 3 M  2.092870428 -5.724608e-01 1.5702536 0
 980 2768 2313 3 F  2.459932529  7.362683e-01 1.2679135 0
 981 2353 3024 3 M  1.815271858  2.572110e-01 1.2215390 0
 982 2353 3024 3 F  0.647830517 -7.848325e-01 1.2749245 0
 983 2353 3024 3 M  0.495067012 -6.659311e-01 1.1973094 0
 984 2353 3024 3 M  1.065764038  2.369712e-02 1.0896049 0
 985 2353 3024 3 M  2.372340720  6.630942e-01 1.3512988 0
 986 2353 2498 3 M  0.504516612 -5.605263e-01 1.1536693 0
 987 2353 2498 3 M  1.460051297 -5.166492e-01 1.4298082 0
 988 2353 2498 3 M  1.663562327 -5.355428e-01 1.4644471 0
 989 2353 2498 3 F  1.132559799 -4.787937e-01 1.3820056 0
 990 2353 2498 3 F  0.122694876 -8.340490e-01 1.1637720 0
 991 2335 2826 3 M  1.920478453  7.088773e-01 1.1492154 0
 992 2335 2826 3 M  2.181702167 -1.660147e-01 1.5437169 0
 993 2335 2826 3 M  2.728089410  4.301509e-01 1.4558884 0
 994 2335 2826 3 F  1.954331833 -2.195807e-01 1.4583989 0
 995 2335 2826 3 F  0.230570727 -1.121501e+00 1.1495527 0
 996 2335 2654 3 F  0.016281153 -8.489932e-01 1.1367687 0
 997 2335 2654 3 F  1.947085732  9.973302e-01 1.0920794 0
 998 2335 2654 3 F  3.042759109  1.933080e+00 1.1554301 0
 999 2335 2654 3 M  0.471853689 -4.579009e-01 1.0868178 0
1000 2335 2654 3 F  1.089709938 -3.422852e-02 1.2361082 0
