ID sire dam generation sex phen env tbvp gebvp
   1 5313 6053 6 F  2.27683787  0.3431904283 2.0287737 0
   2 5313 6053 6 F  2.88670523  0.6862307818 1.8585155 0
   3 5313 6053 6 M  1.13053902 -1.1381308665 1.9659341 0
   4 5313 6053 6 F  1.54941778 -0.0101653714 1.6514954 0
   5 5313 6053 6 M  1.96636953  0.0337054990 1.9260108 0
   6 5313 6132 6 F  1.97844066  0.3107757931 1.7427520 0
   7 5313 6132 6 F  2.29749813  0.4886659715 1.7116466 0
   8 5313 6132 6 F  2.32500306  0.3237689359 1.8576673 0
   9 5313 6132 6 M  2.00040097  0.3885398223 1.6448333 0
  10 5313 6132 6 M  2.11947346 -0.1458542601 1.7964990 0
  11 5311 6069 6 F  2.87930951 -0.0473534969 2.1254799 0
  12 5311 6069 6 F  3.09059250  0.4303091084 1.9392215 0
  13 5311 6069 6 F  2.87201927  1.0077479382 1.6810921 0
  14 5311 6069 6 F  3.01420047  0.2282447126 2.0716786 0
  15 5311 6069 6 M  2.42862332 -0.2239458703 1.9827130 0
  16 5311 6136 6 M -0.79939376 -0.9273807340 1.0693505 0
  17 5311 6136 6 F -1.25501069 -0.7720663509 0.9103214 0
  18 5311 6136 6 M -0.15914517 -0.3849604313 1.0850425 0
  19 5311 6136 6 M -0.08900107 -0.0107899837 1.0277681 0
  20 5311 6136 6 F -0.62617551 -0.4398006813 1.0395861 0
  21 5301 6068 6 F  3.04793947  0.5096823306 2.0882929 0
  22 5301 6068 6 F  3.07174365  0.1819249820 2.0717609 0
  23 5301 6068 6 F  2.39110115  0.1381378729 1.6785652 0
  24 5301 6068 6 F  2.42988184  0.6589358416 1.8337449 0
  25 5301 6068 6 M  1.63468885  0.0965226106 1.7883693 0
  26 5301 6021 6 F  0.34451804 -0.1465275640 1.0338285 0
  27 5301 6021 6 M  1.21465128  0.5912641825 1.0879276 0
  28 5301 6021 6 M  1.03478586  0.7624181242 0.9349620 0
  29 5301 6021 6 M -0.08871030 -0.2308406023 1.0228427 0
  30 5301 6021 6 M -0.70980894 -0.5448075352 0.8928840 0
  31 5358 5915 6 M -0.29670800 -0.1735462631 0.8922062 0
  32 5358 5915 6 F -0.78624905 -0.5040450834 0.7872230 0
  33 5358 5915 6 F  0.06067788  0.4333268452 0.8383769 0
  34 5358 5915 6 M  0.06951404  0.3689985748 0.9500263 0
  35 5358 5915 6 M -0.58663617  0.0450206688 0.7150278 0
  36 5358 5504 6 F  0.10604815 -1.0085460293 1.5753270 0
  37 5358 5504 6 F  2.64663055 -0.0616279681 1.8701965 0
  38 5358 5504 6 M  2.30122793  0.0049167888 1.7629348 0
  39 5358 5504 6 M  2.70736715  0.1647178337 1.8970435 0
  40 5358 5504 6 M  2.28460357  0.4410812646 1.6968550 0
  41 5396 6010 6 F  2.09352647 -0.3988052513 1.9566713 0
  42 5396 6010 6 F  2.37936734 -0.2458251089 2.0389009 0
  43 5396 6010 6 M  3.25988893  0.4183136718 1.9885698 0
  44 5396 6010 6 F  2.47837525  0.2603899387 1.7646238 0
  45 5396 6010 6 M  4.47212627  1.6281637814 1.9043139 0
  46 5396 5486 6 F  2.60585442  0.6599750892 1.6625491 0
  47 5396 5486 6 F  2.49589806 -0.0242037118 1.8931192 0
  48 5396 5486 6 M  3.45842225  1.3146895139 1.8956085 0
  49 5396 5486 6 F  1.07969158 -1.1886438863 1.7602533 0
  50 5396 5486 6 M  2.64499533  0.1639875230 1.9149446 0
  51 5306 6115 6 F  1.86814619 -0.3086671383 1.6957236 0
  52 5306 6115 6 M  2.82363277  0.8119882262 1.6552889 0
  53 5306 6115 6 M  3.08552168  0.0507682277 1.9328101 0
  54 5306 6115 6 M  1.66547397 -0.1860859507 1.7705752 0
  55 5306 6115 6 F  1.34681986 -0.5164707719 1.6218851 0
  56 5306 6118 6 M  2.94101053 -0.3445797872 2.0260471 0
  57 5306 6118 6 F  3.97286324  1.0337275580 2.0270395 0
  58 5306 6118 6 M  2.91821915  1.2645066858 1.6554819 0
  59 5306 6118 6 F  2.23467691 -0.6703505598 2.0028609 0
  60 5306 6118 6 M  3.61254214  0.5246641011 1.9744974 0
  61 5342 6056 6 F  2.32797005 -0.5141245033 1.9687161 0
  62 5342 6056 6 F  2.93479636  1.2203997922 1.7680734 0
  63 5342 6056 6 F  3.18746927  0.1649074708 1.9752032 0
  64 5342 6056 6 F  1.93668961 -0.8457345601 1.8780177 0
  65 5342 6056 6 F  2.75850219  0.0722616435 1.9656900 0
  66 5342 6060 6 M  3.07440343  1.1923537399 1.7868367 0
  67 5342 6060 6 M  2.55769981  0.0292952554 1.8175963 0
  68 5342 6060 6 F  2.44111628  0.5146374095 1.7286956 0
  69 5342 6060 6 M  2.31507812 -0.0486461732 1.8489260 0
  70 5342 6060 6 M  3.45445643  0.7071360547 2.0940566 0
  71 5393 5535 6 F  2.47511666  1.2949066934 1.4574645 0
  72 5393 5535 6 M  2.25825148  0.2860272738 1.6995839 0
  73 5393 5535 6 F  3.13778828  1.5650458849 1.6553584 0
  74 5393 5535 6 F  2.27797014  0.5257943112 1.5662087 0
  75 5393 5535 6 M  3.20057642  0.8839643818 1.8449674 0
  76 5393 6023 6 F  1.14477113 -0.1257439204 1.5352020 0
  77 5393 6023 6 F  1.59163887  0.0709306905 1.5546309 0
  78 5393 6023 6 M  1.27892756 -0.5274248034 1.7175972 0
  79 5393 6023 6 M  0.65500738 -0.7249138869 1.6639729 0
  80 5393 6023 6 F  1.14562690 -0.4171186362 1.6119181 0
  81 6236 5908 6 M -0.15230490  0.5278206741 0.7421539 0
  82 6236 5908 6 M -0.74385611 -0.0183235639 0.8772138 0
  83 6236 5908 6 F -0.42786323 -0.0312184768 0.9724007 0
  84 6236 5908 6 M  0.29232919  0.1444375559 1.0624926 0
  85 6236 5908 6 F -1.24149008 -0.3774732373 0.7306431 0
  86 6236 5554 6 F -0.44521437  0.2575930883 0.7851197 0
  87 6236 5554 6 F  0.05407667  0.0071749999 1.1053931 0
  88 6236 5554 6 F  0.43776188 -0.1782272155 1.1377722 0
  89 6236 5554 6 F -0.94084210 -1.0027300582 0.9703743 0
  90 6236 5554 6 M -0.30984299 -0.4872723435 1.0198627 0
  91 5564 6078 6 F  2.54151392  0.5127794720 1.7807418 0
  92 5564 6078 6 F  2.29530878 -0.6778294338 2.0606647 0
  93 5564 6078 6 F  1.95994118 -0.6560654685 1.9688035 0
  94 5564 6078 6 M  2.68628336  0.4127264259 1.8428223 0
  95 5564 6078 6 F  3.29778419  0.5323267995 2.0444440 0
  96 5564 6075 6 M  2.00178704  0.1559677925 1.7730897 0
  97 5564 6075 6 M  1.69187645 -0.1095017826 1.7878570 0
  98 5564 6075 6 F  1.84508186 -0.4769498952 1.9806206 0
  99 5564 6075 6 F  1.73733166 -0.0219491927 1.7273178 0
 100 5564 6075 6 M  2.33777610 -0.0220828911 1.8418440 0
 101 5477 6273 6 M  2.70678814 -0.2382907037 2.0020390 0
 102 5477 6273 6 M  1.93760685 -0.4535881191 1.7292461 0
 103 5477 6273 6 M  3.05206572  0.4620758855 1.7722743 0
 104 5477 6273 6 F  1.05743434 -0.3547444707 1.4364834 0
 105 5477 6273 6 M  2.46712189  0.3501962273 1.6249309 0
 106 5477 6024 6 M  1.29753564 -0.1412669982 1.5078868 0
 107 5477 6024 6 M  2.22771795  0.0928158793 1.7116318 0
 108 5477 6024 6 F  1.62650801 -0.4289556309 1.7352966 0
 109 5477 6024 6 M  2.07541938 -0.0068110334 1.7015745 0
 110 5477 6024 6 M -0.32340193 -1.8450935762 1.5812413 0
 111 6280 5827 6 F  0.53902282  0.5820320814 0.8844137 0
 112 6280 5827 6 M  0.46609391  0.9170599188 0.7832922 0
 113 6280 5827 6 F  0.05846255  0.2974609513 0.8356545 0
 114 6280 5827 6 M -1.01807599 -0.4634905131 0.6947920 0
 115 6280 5827 6 M  1.65070469  2.2905168760 0.6561549 0
 116 6280 6052 6 M  2.85168290  0.3560261626 1.7887632 0
 117 6280 6052 6 M  1.89423880  0.2448001817 1.5701213 0
 118 6280 6052 6 F  2.73152663  0.6147146240 1.6767859 0
 119 6280 6052 6 F  1.81624284  0.3594833057 1.5209969 0
 120 6280 6052 6 M  1.81832793 -0.6213421033 1.9071807 0
 121 5719 5497 6 M  2.59950376 -0.9654767488 2.1343647 0
 122 5719 5497 6 M  2.93485983 -0.3295454290 2.1331326 0
 123 5719 5497 6 F  4.16697996  0.4624501405 2.1622447 0
 124 5719 5497 6 M  3.46614580 -0.0225963771 2.1528206 0
 125 5719 5497 6 F  3.01665691 -0.6470796023 2.1274572 0
 126 5719 5338 6 M  2.34042184  0.3011506771 1.7859715 0
 127 5719 5338 6 F  2.39930063  0.4749975359 1.7823456 0
 128 5719 5338 6 M  2.99011151  1.0048403877 1.7529449 0
 129 5719 5338 6 M  2.13940107 -0.0298732364 1.8732567 0
 130 5719 5338 6 F  2.38566952 -0.8277058642 2.1819813 0
 131 6034 6079 6 M  1.34318609 -0.8289826022 1.7894899 0
 132 6034 6079 6 F  0.99699477 -0.7376427397 1.5745381 0
 133 6034 6079 6 F  2.35945257 -0.0225421872 1.8403534 0
 134 6034 6079 6 F  0.74015916 -0.7745548434 1.5703597 0
 135 6034 6079 6 F  2.58903855  0.8134819757 1.7115262 0
 136 6034 6210 6 F  2.12857376 -0.3328813966 1.9140339 0
 137 6034 6210 6 M  1.55028399 -0.0710950830 1.5822196 0
 138 6034 6210 6 F  1.97789963 -0.3095528216 1.7547526 0
 139 6034 6210 6 M  2.65626615  0.1095759710 1.7296893 0
 140 6034 6210 6 F  3.13184371  0.6589328067 1.8498025 0
 141 5344 5555 6 M -0.43540504 -0.1917366734 0.9373748 0
 142 5344 5555 6 M -0.58516627 -1.0648390020 1.0863208 0
 143 5344 5555 6 M  0.09357927 -0.2998573507 1.0589487 0
 144 5344 5555 6 F  0.99962855  0.9326768828 0.8651902 0
 145 5344 5555 6 F -0.60097563 -0.9231939985 1.0276620 0
 146 5344 5542 6 M  1.49738411 -0.2171337305 1.6583212 0
 147 5344 5542 6 M  2.11057223  0.4590457570 1.6587793 0
 148 5344 5542 6 F  1.29538324 -0.7488077297 1.7238838 0
 149 5344 5542 6 M  1.20254175 -0.7557599662 1.6303194 0
 150 5344 5542 6 F  1.13475453 -0.4350355398 1.5354959 0
 151 5436 5311 6 M  1.21503167  0.1305094949 1.2701753 0
 152 5436 5311 6 M -0.72002379 -0.7557931619 0.9236393 0
 153 5436 5311 6 M  0.68426290  0.3011318621 1.1126263 0
 154 5436 5311 6 M  1.21265061  1.2418416969 0.8251873 0
 155 5436 5311 6 F -0.28864149 -0.5371013031 1.0145395 0
 156 5436 5357 6 M  3.54260298  1.4504241891 1.7316259 0
 157 5436 5357 6 F  1.77490098 -0.0499507618 1.6486938 0
 158 5436 5357 6 M  1.77511954  0.3183566308 1.6117987 0
 159 5436 5357 6 M  2.73451001  0.4447373914 1.8146671 0
 160 5436 5357 6 F  2.68421446  0.6343163663 1.6833425 0
 161 5739 5720 6 M -0.91497381 -0.5862994173 0.9350464 0
 162 5739 5720 6 F -0.66880504 -0.7863906976 0.9460879 0
 163 5739 5720 6 F -0.51417072 -0.4934698878 1.1855801 0
 164 5739 5720 6 M -1.20217944 -0.8313800436 1.1129536 0
 165 5739 5720 6 F -0.46417170  0.0336475161 1.0027874 0
 166 5739 6008 6 F  2.22727484 -0.8270894186 2.0653046 0
 167 5739 6008 6 M  5.01285423  1.2203626539 2.1763428 0
 168 5739 6008 6 F  2.07595404  0.0132399460 1.6887713 0
 169 5739 6008 6 F  2.73128472 -0.3980172762 2.0472526 0
 170 5739 6008 6 M  3.77475156  0.3150471284 2.0731412 0
 171 6240 6294 6 F  2.69508684  0.6319967312 1.6543527 0
 172 6240 6294 6 M  1.48041590 -0.5956834573 1.6968121 0
 173 6240 6294 6 M  1.96236262 -0.3546405344 1.7567975 0
 174 6240 6294 6 M  1.75317608 -0.1635729579 1.7156841 0
 175 6240 6294 6 M  2.09583788  0.0535446387 1.6824167 0
 176 6240 6231 6 M  0.93214176  1.0738474091 0.9390877 0
 177 6240 6231 6 F -0.24605596 -0.6079234101 1.0007828 0
 178 6240 6231 6 F -0.68036009 -0.7639298754 0.9658736 0
 179 6240 6231 6 M -0.06596181  0.0704838520 0.8725995 0
 180 6240 6231 6 F -0.14454538  0.0442533176 0.8563712 0
 181 5401 6293 6 M  2.89191022  0.8817140658 1.7766524 0
 182 5401 6293 6 F  1.73023939  0.1747488991 1.6507318 0
 183 5401 6293 6 F  1.35724008 -0.8008449867 1.7872813 0
 184 5401 6293 6 F  1.30086786 -0.3133068768 1.6999621 0
 185 5401 6293 6 M  2.25425567  1.0950167435 1.4672316 0
 186 5401 5971 6 M  1.66102089 -0.4455384566 1.7498352 0
 187 5401 5971 6 F  1.88591560 -0.7903846434 2.0034249 0
 188 5401 5971 6 F  1.49891962 -0.5920789422 1.7222688 0
 189 5401 5971 6 M  2.14569909  0.0201877452 1.8126856 0
 190 5401 5971 6 M  2.46908453 -0.2619596773 2.0204289 0
 191 6106 5500 6 F  2.05420794 -0.2083840316 1.7357384 0
 192 6106 5500 6 F  1.66614631 -0.4573456072 1.7899474 0
 193 6106 5500 6 F  2.48585558 -0.4847364423 2.0455166 0
 194 6106 5500 6 F  1.83504405 -0.2923395215 1.7361873 0
 195 6106 5500 6 F  2.71337801 -0.2140263020 2.0366748 0
 196 6106 5918 6 M  3.13848058  1.1485948941 1.7817958 0
 197 6106 5918 6 M  1.78797780  0.2198391028 1.4920383 0
 198 6106 5918 6 F  1.00967981 -0.8331454794 1.5947390 0
 199 6106 5918 6 F  1.46720971 -0.5049817704 1.5869194 0
 200 6106 5918 6 M  1.94200112 -0.0905119086 1.7779526 0
 201 5847 6063 6 F  2.07038049 -0.2624621156 1.7514908 0
 202 5847 6063 6 F  3.60140592  0.2401142295 2.1717666 0
 203 5847 6063 6 F  2.58110667  0.3997956480 1.7507162 0
 204 5847 6063 6 M  1.78665109 -0.8539109070 2.0598324 0
 205 5847 6063 6 F  3.30087777  0.6031691291 1.9198587 0
 206 5847 5666 6 F  0.17620692 -1.1796075848 1.5187462 0
 207 5847 5666 6 F  1.53391975  0.2447854083 1.5077353 0
 208 5847 5666 6 M  2.68125953  0.2190279263 1.8440044 0
 209 5847 5666 6 F  1.09118035 -1.0799834709 1.6834924 0
 210 5847 5666 6 M  3.27975892  0.6623159424 1.9351972 0
 211 5717 5723 6 M  2.66230869 -0.5834617321 2.0566137 0
 212 5717 5723 6 F  2.73229886 -0.0383762081 1.8905408 0
 213 5717 5723 6 M  4.51680294  0.3935523948 2.3259571 0
 214 5717 5723 6 F  2.12911847 -0.3017282743 1.7399883 0
 215 5717 5723 6 M  3.23249503 -0.2415528612 2.0713927 0
 216 5717 5579 6 F  1.84144791 -0.4429216012 1.8108746 0
 217 5717 5579 6 M  1.59012110 -1.2910318049 1.9684213 0
 218 5717 5579 6 F  2.04469240 -0.8400777923 2.0693379 0
 219 5717 5579 6 F  2.89109393  0.4166833352 1.8804047 0
 220 5717 5579 6 F  3.58143274  0.8985631774 1.9904791 0
 221 5574 6103 6 M  2.02976097  0.1394266680 1.6817832 0
 222 5574 6103 6 M  1.31445355 -0.5678830083 1.6409519 0
 223 5574 6103 6 M  2.00065712  0.5012708243 1.6256694 0
 224 5574 6103 6 F  0.18761231 -1.5885877651 1.6415324 0
 225 5574 6103 6 F  2.53299621  0.5397248615 1.6412494 0
 226 5574 5503 6 F  2.91272571  0.9204300749 1.8309471 0
 227 5574 5503 6 M  4.07664845  0.6256747735 2.1749646 0
 228 5574 5503 6 F -0.05050526 -1.6763965856 1.6668141 0
 229 5574 5503 6 F  2.65294537  0.5434406361 1.8176407 0
 230 5574 5503 6 M  2.70812394  0.5336647010 1.7666601 0
 231 5361 5966 6 F  1.29610808 -0.1802584960 1.6631096 0
 232 5361 5966 6 M  2.48493912  0.7149896136 1.6967965 0
 233 5361 5966 6 F  0.53564298 -1.5868214937 1.7125840 0
 234 5361 5966 6 F  2.65721188  0.7221737605 1.6520704 0
 235 5361 5966 6 M  1.03202685 -1.1134909004 1.7442837 0
 236 5361 5788 6 F  1.04403535 -1.2962980602 1.7782855 0
 237 5361 5788 6 M  1.61118575 -0.3019873966 1.7236112 0
 238 5361 5788 6 M  2.99559469  0.4547047192 1.8845569 0
 239 5361 5788 6 M  2.77206110  0.5754018626 1.7798287 0
 240 5361 5788 6 M  3.14195517  0.8619510957 1.8409343 0
 241 6182 6291 6 M  1.38381684  0.1676452734 1.4712701 0
 242 6182 6291 6 F  1.99401745  0.9849721819 1.3272085 0
 243 6182 6291 6 M  2.11796218  0.2373595615 1.6047558 0
 244 6182 6291 6 F  2.64182865  0.2900826362 1.9175491 0
 245 6182 6291 6 F  2.42171091  0.9264341079 1.4870872 0
 246 6182 5491 6 M  2.89076225 -0.1282697912 1.8908330 0
 247 6182 5491 6 F  3.93120732  0.5192391265 2.2016132 0
 248 6182 5491 6 F  2.19988951 -0.8036164239 1.9843327 0
 249 6182 5491 6 F  2.83265764  0.1225155113 1.9842913 0
 250 6182 5491 6 F  3.82904909  0.7241220388 1.9877966 0
 251 5572 5829 6 M  3.78483392  1.3871581272 1.9326943 0
 252 5572 5829 6 M  2.84037064  0.2658971291 1.9856741 0
 253 5572 5829 6 F  3.39589737  0.3855450744 2.1360441 0
 254 5572 5829 6 F  2.94326003  0.7830672544 1.8728097 0
 255 5572 5829 6 F  2.35716614  0.1797982292 1.8547901 0
 256 5572 5973 6 M  2.30869947 -0.0619798182 1.8545251 0
 257 5572 5973 6 F  1.08310156 -1.4412661160 1.9154126 0
 258 5572 5973 6 F  3.87216283  1.0848375690 1.8831079 0
 259 5572 5973 6 F  2.44437597  0.0092053973 1.8261310 0
 260 5572 5973 6 M  2.17481741 -0.4170610841 1.8989600 0
 261 5350 6296 6 M  4.50359837  0.8567792342 2.1507083 0
 262 5350 6296 6 F  3.06429133  0.0188622854 2.0869919 0
 263 5350 6296 6 M  2.85562154 -0.5281527677 2.2639593 0
 264 5350 6296 6 F  1.68237302 -1.1822549243 1.9871220 0
 265 5350 6296 6 F  1.89307350 -0.9498547723 1.9530476 0
 266 5350 6064 6 M  2.75882859  0.1679991577 1.9290006 0
 267 5350 6064 6 F  3.81806261  1.7790127862 1.8185924 0
 268 5350 6064 6 F  4.05420752  0.4741768241 2.1521659 0
 269 5350 6064 6 F  2.34401317 -0.7378832874 1.9502906 0
 270 5350 6064 6 F  2.38816161  0.3893894919 1.7247813 0
 271 5308 6116 6 F  2.07777333  0.2088164211 1.6245502 0
 272 5308 6116 6 F  2.26341120 -0.0029398044 1.7750946 0
 273 5308 6116 6 M  2.51249796  0.3054770321 1.7175024 0
 274 5308 6116 6 M  2.10726361 -0.0441694112 1.6309454 0
 275 5308 6116 6 M  1.61785228 -0.3724958885 1.6371058 0
 276 5308 6222 6 F  1.92694145 -0.5637001461 1.7601225 0
 277 5308 6222 6 M  2.62992282 -0.1437599540 1.9127627 0
 278 5308 6222 6 M  2.68531762  0.1397393554 1.8158215 0
 279 5308 6222 6 M  1.97421090 -0.0901360833 1.6144266 0
 280 5308 6222 6 F  2.57373407  0.1868044275 1.7463272 0
 281 5720 5631 6 M  3.08383491  0.0557497027 2.0992717 0
 282 5720 5631 6 F  1.22844375 -0.6109795754 1.7155995 0
 283 5720 5631 6 F  2.04075057  0.8149131201 1.5620962 0
 284 5720 5631 6 F  3.40860713  1.3421327705 1.7731369 0
 285 5720 5631 6 M  3.87630443  0.1883130175 2.3165492 0
 286 5720 5356 6 F  2.35357818 -0.1339413658 1.8205199 0
 287 5720 5356 6 F  0.72434818 -0.9850276142 1.5902893 0
 288 5720 5356 6 F  2.72725155  0.9353521173 1.5883958 0
 289 5720 5356 6 F  1.95133051 -0.1141876712 1.6399109 0
 290 5720 5356 6 M  2.29307065  0.0796000881 1.7436537 0
 291 5740 5996 6 M  1.80191969 -0.2488049239 1.8168040 0
 292 5740 5996 6 F  2.30025656  0.5140411078 1.8114350 0
 293 5740 5996 6 F  2.19150204  0.4840189382 1.7749366 0
 294 5740 5996 6 F  3.47585900  1.1573908582 1.7954421 0
 295 5740 5996 6 F  1.51819555 -0.2473193767 1.8302144 0
 296 5740 5314 6 F  2.45817286  0.4592093074 1.7084773 0
 297 5740 5314 6 F  2.16553622 -0.5991346801 2.0342949 0
 298 5740 5314 6 F  3.34887858  0.0330274917 2.1214090 0
 299 5740 5314 6 F  3.44550466  1.2843534250 1.6932979 0
 300 5740 5314 6 M  3.90974034  0.7937966233 2.0069161 0
 301 5397 6073 6 M  2.14152609 -0.3915369629 1.9401087 0
 302 5397 6073 6 M  0.52907239 -1.1669216940 1.6610831 0
 303 5397 6073 6 M  2.56818755 -0.0465587130 1.9518576 0
 304 5397 6073 6 M  1.68948484 -0.4408423668 1.8467619 0
 305 5397 6073 6 F  3.83300402  1.8668011931 1.5362173 0
 306 5397 6117 6 F  2.21355363 -0.2079511353 1.7557327 0
 307 5397 6117 6 F  2.55855406 -0.2645841184 1.9406517 0
 308 5397 6117 6 F  2.49990133  0.8465629472 1.3299309 0
 309 5397 6117 6 F  2.85658224  0.1243207483 1.9937617 0
 310 5397 6117 6 F  2.80257638 -0.0392694688 1.9533792 0
 311 5566 5524 6 F  2.22161585 -0.0841968474 1.7464991 0
 312 5566 5524 6 M  0.86113779 -0.2403869838 1.3422084 0
 313 5566 5524 6 M  1.85083155  0.6333545821 1.7061090 0
 314 5566 5524 6 M  1.83787867 -0.0823965769 1.5964238 0
 315 5566 5524 6 M  2.24861819  1.0173495227 1.4748377 0
 316 5566 5800 6 M  1.08669902 -0.8951147460 1.7294464 0
 317 5566 5800 6 M  2.17602781  0.9042684518 1.4166476 0
 318 5566 5800 6 F  1.44175752 -0.9762235456 1.7226717 0
 319 5566 5800 6 F  1.99765386 -0.3434206165 1.6579607 0
 320 5566 5800 6 F  1.44289212 -0.5765055031 1.6689616 0
 321 5908 6107 6 M  3.47718534  1.1305086740 1.7656220 0
 322 5908 6107 6 F  1.79626421 -0.9681313526 1.9310761 0
 323 5908 6107 6 M  2.68432437  0.8969170880 1.6580438 0
 324 5908 6107 6 M  1.57238580 -0.0506451694 1.5735677 0
 325 5908 6107 6 F  1.73422633 -0.0750156657 1.5809685 0
 326 5908 6009 6 M  2.36611532 -0.0887530439 1.8211349 0
 327 5908 6009 6 F  2.42408928 -0.5810087007 2.0075257 0
 328 5908 6009 6 M  1.80804330 -0.7369542583 1.9029281 0
 329 5908 6009 6 M  2.24166125 -0.4240021137 1.9692431 0
 330 5908 6009 6 F  2.91080624  0.0092928159 2.0390787 0
 331 5335 5716 6 F  0.69200531 -1.1865290121 1.9004625 0
 332 5335 5716 6 M  2.31466412  0.8352657145 1.4605223 0
 333 5335 5716 6 M  1.82515316  0.0456072105 1.7373141 0
 334 5335 5716 6 M  2.41451792  0.7117518913 1.6920567 0
 335 5335 5716 6 M  1.52949622 -0.2108874172 1.5184262 0
 336 5335 6208 6 M  1.91358084 -0.5283557362 1.8878898 0
 337 5335 6208 6 F  3.14389680  1.0331766027 1.7829648 0
 338 5335 6208 6 F  1.80589221  0.4069449505 1.4856090 0
 339 5335 6208 6 M  1.38928928 -0.1743121873 1.5971752 0
 340 5335 6208 6 M  0.98816532 -0.0900432039 1.3813911 0
 341 5480 5471 6 F  0.89909263 -0.8967752313 1.6328722 0
 342 5480 5471 6 M  3.54315025  1.2253616017 1.7195781 0
 343 5480 5471 6 M  2.69747823  0.7214739849 1.6791430 0
 344 5480 5471 6 F  2.08927425 -0.2106995443 1.6958378 0
 345 5480 5471 6 F  1.76885030 -0.0630268528 1.6129494 0
 346 5480 5999 6 M  3.19209034  0.9761815333 1.7832435 0
 347 5480 5999 6 M  2.27131655  0.0232603093 1.6852712 0
 348 5480 5999 6 M  2.44466106  0.5607524460 1.6396628 0
 349 5480 5999 6 M  1.64126926 -0.3279559902 1.6248818 0
 350 5480 5999 6 F  0.33624598 -1.3962287381 1.5845502 0
 351 5707 5568 6 M  3.45820012  0.8817003930 2.0118890 0
 352 5707 5568 6 M  1.09938226 -0.0101948958 1.5032966 0
 353 5707 5568 6 F  1.82727923  0.0016119905 1.6647529 0
 354 5707 5568 6 F  0.17238095 -0.9934608369 1.4766273 0
 355 5707 5568 6 M  2.54418574  0.1533769918 1.8673164 0
 356 5707 6106 6 F  0.16679086  0.0561811478 0.8423398 0
 357 5707 6106 6 M  0.33834951  0.2601853773 0.7724419 0
 358 5707 6106 6 F  1.08085255  0.9502341190 0.8404778 0
 359 5707 6106 6 M -0.04187989 -0.1897659102 0.8133608 0
 360 5707 6106 6 M  1.12079313  0.9890156163 0.6934774 0
 361 5362 6300 6 F  2.95695560  0.2178986004 2.1042709 0
 362 5362 6300 6 M  1.95589344 -0.6399707336 2.0673807 0
 363 5362 6300 6 F  1.41649772 -1.3102908980 2.0927030 0
 364 5362 6300 6 F  4.03284663  0.7596654026 2.1731940 0
 365 5362 6300 6 M  2.98310078  0.3914208918 1.9279934 0
 366 5362 6128 6 M  2.70746912  0.4593470984 1.7821963 0
 367 5362 6128 6 F  0.68869653 -1.2370070165 1.7609790 0
 368 5362 6128 6 F  1.50575095 -1.1632083925 1.7908164 0
 369 5362 6128 6 M  1.88256239 -0.0034016686 1.8584296 0
 370 5362 6128 6 F  1.87594738 -0.1105583437 1.7853784 0
 371 5365 6252 6 M  4.21126867  1.3665070389 1.9947356 0
 372 5365 6252 6 F  3.31798225  0.0103462211 2.0178413 0
 373 5365 6252 6 M  3.89305387  0.6188202332 2.0417355 0
 374 5365 6252 6 M  2.70874115  0.9808656225 1.6315854 0
 375 5365 6252 6 M  2.54788877 -0.3561551726 1.9275636 0
 376 5365 5964 6 F  3.50971150  0.7973326246 1.9750843 0
 377 5365 5964 6 F  1.53314965 -1.3366438717 2.0036100 0
 378 5365 5964 6 F  2.41509358 -0.6149466628 2.0277432 0
 379 5365 5964 6 F  1.55475777 -0.7142268021 1.8162958 0
 380 5365 5964 6 F  2.08379898  0.2712878774 1.6483477 0
 381 5421 5799 6 F  2.09798895  0.2079377035 1.6852346 0
 382 5421 5799 6 M  2.49636174  0.0995079147 1.7298334 0
 383 5421 5799 6 M  1.02195124 -0.6458478470 1.5792438 0
 384 5421 5799 6 M  2.39113714  0.1632556874 1.7559729 0
 385 5421 5799 6 F  1.81086503  0.1088239849 1.5840676 0
 386 5421 5692 6 M  2.68124566 -0.3670743081 1.9647043 0
 387 5421 5692 6 M  3.55572902  0.4997221429 1.9911419 0
 388 5421 5692 6 F  1.00363946 -1.0599318401 1.7161709 0
 389 5421 5692 6 F  2.13421544  0.1606638380 1.6503785 0
 390 5421 5692 6 F  3.39629774  1.3315592253 1.6912921 0
 391 5915 5759 6 F  2.25752502  0.0188903574 1.7375259 0
 392 5915 5759 6 M  2.30290199  0.1189396186 1.7390346 0
 393 5915 5759 6 F  3.99898722  0.8843026452 2.0591862 0
 394 5915 5759 6 F  2.42126133  0.3046846733 1.7287050 0
 395 5915 5759 6 M  1.25604938 -1.5903862884 1.9798849 0
 396 5915 5844 6 M -0.04622115 -1.8243922284 1.6592228 0
 397 5915 5844 6 M  0.91260894 -0.8215253888 1.5775714 0
 398 5915 5844 6 F  2.05999059  0.8113786989 1.5471685 0
 399 5915 5844 6 M  0.90116115 -0.7882841604 1.5716332 0
 400 5915 5844 6 F  1.36743927 -0.0068461389 1.5263526 0
 401 5685 5562 6 M  1.81415736 -1.0994310911 1.8586416 0
 402 5685 5562 6 M  1.51925622 -0.9150272867 1.8006329 0
 403 5685 5562 6 F  1.91912300 -0.0980688045 1.7013080 0
 404 5685 5562 6 M  1.26623250 -0.4515140154 1.5362978 0
 405 5685 5562 6 F  2.67680337  0.0331825021 1.8423473 0
 406 5685 5320 6 F  2.03959450  1.9375991297 1.0230325 0
 407 5685 5320 6 M  0.02769531  0.2386620131 0.9405278 0
 408 5685 5320 6 F -0.31563618 -0.3177823441 1.0181181 0
 409 5685 5320 6 F -0.73781642 -0.7428958105 1.0130442 0
 410 5685 5320 6 M -0.77423885 -0.7345806367 1.0184998 0
 411 5527 5565 6 M  2.76742389  0.7308648395 1.6678514 0
 412 5527 5565 6 F  1.45967083 -0.7611321504 1.7647214 0
 413 5527 5565 6 M  1.57177737 -1.4635729580 2.0454164 0
 414 5527 5565 6 F  1.93678199 -0.3235939406 1.8114673 0
 415 5527 5565 6 M  2.55095704 -0.3065943951 1.8665575 0
 416 5527 5426 6 F  1.21492158 -0.7710885117 1.7198832 0
 417 5527 5426 6 M  2.98933023  0.8965734577 1.7564327 0
 418 5527 5426 6 F  2.72395035 -0.1965055867 1.9293212 0
 419 5527 5426 6 M  2.89141635 -0.0221125149 2.0356000 0
 420 5527 5426 6 M  2.78543496  0.9040195307 1.6607710 0
 421 6021 5757 6 M  2.90620651  0.2057714945 1.8624566 0
 422 6021 5757 6 F  2.99126157  0.1462377127 1.9708493 0
 423 6021 5757 6 M  2.81186668 -0.2032907087 1.9405640 0
 424 6021 5757 6 M  2.73288669 -0.1941981301 2.0137942 0
 425 6021 5757 6 M  3.49241520  0.0391019110 2.0311951 0
 426 6021 5641 6 M  2.27220222  0.0696112261 1.7155546 0
 427 6021 5641 6 F  1.06196462 -0.9833869525 1.6017324 0
 428 6021 5641 6 F  2.83708422  0.2197577414 1.8335573 0
 429 6021 5641 6 F  1.32710966 -0.7860661024 1.7351733 0
 430 6021 5641 6 M  1.81326899 -0.0089081673 1.6412209 0
 431 6030 5463 6 M  2.10057796 -0.0646762636 1.8300593 0
 432 6030 5463 6 M  1.46911015 -0.7133523938 1.6480009 0
 433 6030 5463 6 M  1.08730355 -1.0292605225 1.8201882 0
 434 6030 5463 6 M  1.86373324 -0.4493728266 1.8520236 0
 435 6030 5463 6 M  2.74695572  0.3806184759 1.7680708 0
 436 6030 5878 6 F  1.60036981 -0.5263450093 1.7172549 0
 437 6030 5878 6 M  1.79824972 -0.6379051700 1.7776235 0
 438 6030 5878 6 F  2.74264711  0.5353635077 1.6718320 0
 439 6030 5878 6 F  1.38088618 -0.5726953273 1.5659240 0
 440 6030 5878 6 M  2.76237382  0.1881481414 1.7939162 0
 441 5470 5724 6 F  2.07861027  0.0815949941 1.8494543 0
 442 5470 5724 6 F  0.86772031 -1.0944745412 1.8152463 0
 443 5470 5724 6 M  1.91315236 -0.0896405872 1.7132213 0
 444 5470 5724 6 M  2.17373935 -0.0492929704 1.7838375 0
 445 5470 5724 6 M  1.61117319 -0.4623254984 1.8337696 0
 446 5470 6110 6 M  1.77113455  0.2342508248 1.6075730 0
 447 5470 6110 6 F  3.55206169  1.3024392413 1.8547587 0
 448 5470 6110 6 F  2.61183597  0.1773245323 1.8813866 0
 449 5470 6110 6 F  3.16411199  0.6230881262 1.8999929 0
 450 5470 6110 6 M  2.15494544 -0.4390442279 1.9718745 0
 451 5434 5363 6 M  3.90519998  1.4449627866 1.8464060 0
 452 5434 5363 6 M  1.82283696 -0.6825930461 1.9957870 0
 453 5434 5363 6 M  2.23751038  0.7156548458 1.5675281 0
 454 5434 5363 6 M  2.24985332 -0.2920477938 1.9915485 0
 455 5434 5363 6 F  0.72482823 -0.6707689981 1.6385649 0
 456 5434 5687 6 F  0.42878501 -0.9267499048 1.5391641 0
 457 5434 5687 6 M  0.42255865 -1.4445826012 1.6417688 0
 458 5434 5687 6 M  2.57128405  0.8496830588 1.6186229 0
 459 5434 5687 6 M  3.92577371  0.8793429970 2.0026206 0
 460 5434 5687 6 M  2.79631923  1.3718402048 1.5854847 0
 461 5451 6093 6 F  4.36013084  1.5546859583 1.9457127 0
 462 5451 6093 6 M  2.27528761 -0.2090919274 1.8785267 0
 463 5451 6093 6 M  1.10753538 -0.6665964802 1.4913171 0
 464 5451 6093 6 F  0.71065223 -1.2478001489 1.7090951 0
 465 5451 6093 6 M  1.76894331 -0.4290363946 1.7594268 0
 466 5451 5775 6 M  2.89658114  0.5331683876 1.7930752 0
 467 5451 5775 6 F  2.75986415  0.3272460670 1.8229644 0
 468 5451 5775 6 F  3.13980337  1.0346706824 1.8669463 0
 469 5451 5775 6 M  2.63837977  1.1445328291 1.6615408 0
 470 5451 5775 6 F  1.42653843 -0.2442319115 1.6005321 0
 471 6233 5399 6 M  1.80276007 -0.3151696118 1.7835290 0
 472 6233 5399 6 F  3.03495260  0.6718496721 1.8027856 0
 473 6233 5399 6 F  2.91915676  0.5073300283 1.8168216 0
 474 6233 5399 6 F  1.74294685  0.5713280383 1.6150626 0
 475 6233 5399 6 M  3.55730803  1.3301152218 1.6782304 0
 476 6233 5924 6 M -0.58857993 -0.3330466403 0.8962873 0
 477 6233 5924 6 M -0.42439839 -0.5550750522 0.9948294 0
 478 6233 5924 6 F -0.78732387 -0.0947369225 0.7651725 0
 479 6233 5924 6 M -1.71904916 -0.9647020072 0.6677485 0
 480 6233 5924 6 M -0.73681349 -0.8673581559 1.0225969 0
 481 5547 6025 6 F  1.31556295  1.6896040849 0.7305553 0
 482 5547 6025 6 F -0.42391479  0.6758394729 0.6813710 0
 483 5547 6025 6 F -0.14570326  0.2064330815 0.8336873 0
 484 5547 6025 6 M -1.45834712 -0.5620975837 0.7128090 0
 485 5547 6025 6 F -0.30006953  0.4588583656 0.7999369 0
 486 5547 5970 6 F  1.74577002  0.0164590929 1.6028954 0
 487 5547 5970 6 F  3.74539763  1.2994680812 2.0169340 0
 488 5547 5970 6 F  0.02493266 -1.2163505951 1.5004628 0
 489 5547 5970 6 M  2.97137016  0.6142671216 1.8141617 0
 490 5547 5970 6 M  1.73037137 -0.0324323411 1.7589558 0
 491 5427 5925 6 F  2.01156310  0.4018003445 1.3475449 0
 492 5427 5925 6 M  1.00951658  0.2812574886 1.2444740 0
 493 5427 5925 6 M  0.07638536 -1.3189654734 1.4240761 0
 494 5427 5925 6 F  0.10855387 -0.4763105616 1.1945108 0
 495 5427 5925 6 M  2.68952976 -0.1105563790 1.8589923 0
 496 5427 5836 6 F  1.62839515  0.5428781163 1.4335020 0
 497 5427 5836 6 M  0.35230557 -0.2761656983 1.3077239 0
 498 5427 5836 6 M  2.86148033  0.6102706768 1.7393135 0
 499 5427 5836 6 F -0.80472598 -2.1876493698 1.4719917 0
 500 5427 5836 6 M  1.81414425 -0.9050246283 1.9638882 0
 501 5347 5695 6 F  2.62750433  0.0693385339 1.8940081 0
 502 5347 5695 6 F  1.21137379 -0.8372046838 1.8005658 0
 503 5347 5695 6 F  1.40816932 -0.3663619865 1.7190966 0
 504 5347 5695 6 M  4.06493436  1.8463881591 1.8379258 0
 505 5347 5695 6 F  1.69230881 -0.6087980146 1.9391974 0
 506 5347 6199 6 F  1.13750209 -0.7151146648 1.8683917 0
 507 5347 6199 6 M  2.60328679  0.5878097293 1.7658004 0
 508 5347 6199 6 F  2.18469618 -0.0251619013 1.7761410 0
 509 5347 6199 6 F -0.12573324 -1.9742530080 1.6297038 0
 510 5347 6199 6 F  2.90446396  0.6376457444 1.8151203 0
 511 5321 5592 6 M  3.71738441  0.7739086964 2.1119236 0
 512 5321 5592 6 F  3.00125613  1.2080370641 1.6686595 0
 513 5321 5592 6 F  3.17008407  1.2638365045 1.8266457 0
 514 5321 5592 6 F  2.83552236 -0.1002551371 2.0377324 0
 515 5321 5592 6 F  1.57447177 -0.5236953284 1.7098037 0
 516 5321 6061 6 M  3.41264541  0.5344542662 2.1179997 0
 517 5321 6061 6 F  1.50205137 -0.3397246622 1.9072507 0
 518 5321 6061 6 M  1.21382067 -1.1558331558 1.9580890 0
 519 5321 6061 6 F  2.92361512  0.9664292131 1.8035460 0
 520 5321 6061 6 F  1.65671409  0.0039223514 1.7452615 0
 521 6185 5341 6 F  3.61713180  0.9539017740 2.0308944 0
 522 6185 5341 6 F  2.27366225 -0.4157928939 1.8536434 0
 523 6185 5341 6 F  2.55002619 -0.2141958720 1.8919189 0
 524 6185 5341 6 F  3.72815505  1.6513147379 1.8063033 0
 525 6185 5341 6 M  2.47809888  0.5321183831 1.7427510 0
 526 6185 5537 6 F  2.31279143 -0.2268385159 1.7885843 0
 527 6185 5537 6 F  0.60389970 -1.1103769596 1.5545187 0
 528 6185 5537 6 F  0.88364555 -0.9710825419 1.6176687 0
 529 6185 5537 6 F  3.51696136  0.7992414979 1.8206257 0
 530 6185 5537 6 F  1.96641954 -0.5633759309 1.9663673 0
 531 5475 5342 6 M -1.14251036 -0.8229003873 0.7998879 0
 532 5475 5342 6 F -0.91638994 -1.0974626423 0.9825722 0
 533 5475 5342 6 M  1.44554016  1.5253907124 0.8908094 0
 534 5475 5342 6 M -0.17678943  0.0203562161 0.9506769 0
 535 5475 5342 6 M  2.02921914  1.6990197561 1.0640969 0
 536 5475 5493 6 F  4.27779701  1.4390521907 1.8162733 0
 537 5475 5493 6 F  1.78435010  0.1024556453 1.4954576 0
 538 5475 5493 6 M  1.61235669 -0.6215278120 1.6731258 0
 539 5475 5493 6 M  3.69286666  1.7577127828 1.5867360 0
 540 5475 5493 6 F  4.30659124  1.8801452095 1.6214550 0
 541 5721 6145 6 M -0.61226045 -1.9094304053 1.4639730 0
 542 5721 6145 6 F  2.00053054 -0.5046590063 1.8902084 0
 543 5721 6145 6 M  2.81370375 -0.1122524300 2.0151461 0
 544 5721 6145 6 M  1.55608298 -0.8686986939 1.7845382 0
 545 5721 6145 6 M  0.88420436 -0.4360099908 1.4199623 0
 546 5721 6206 6 F  2.89978997  0.1709837117 1.8485197 0
 547 5721 6206 6 F  3.40590435  0.0693671909 2.1678993 0
 548 5721 6206 6 M  2.89350959  0.3668023935 1.8865959 0
 549 5721 6206 6 F  1.52324190 -0.3394973741 1.7854953 0
 550 5721 6206 6 M  1.76454957 -0.4726994649 1.8405211 0
 551 6231 6297 6 M  1.90081587  0.1963109131 1.6668166 0
 552 6231 6297 6 M  1.07832115 -0.8907080249 1.7027851 0
 553 6231 6297 6 M  2.43360712  0.6389529244 1.6683079 0
 554 6231 6297 6 F  2.47131349 -0.0714804388 1.9459280 0
 555 6231 6297 6 F  2.37708682  0.2898400146 1.7594313 0
 556 6231 6134 6 F  5.09842912  2.0447018583 1.9612604 0
 557 6231 6134 6 F  3.21375700 -0.0296929967 2.0523517 0
 558 6231 6134 6 F  2.22110242 -0.0904280962 1.7915445 0
 559 6231 6134 6 F  1.84417212 -0.5842490049 1.7442413 0
 560 6231 6134 6 F  2.27062611  0.1564877750 1.6694170 0
 561 5780 6062 6 M -0.26686166 -0.4386440412 0.9906033 0
 562 5780 6062 6 M -1.83779221 -1.5888164544 0.7934799 0
 563 5780 6062 6 M  1.33853172  0.6090734101 1.2116263 0
 564 5780 6062 6 M  0.38680372  0.7467754483 0.7691300 0
 565 5780 6062 6 F  0.45040368  0.3730269734 0.9510399 0
 566 5780 5830 6 M  3.17394269  0.8730302712 1.7817547 0
 567 5780 5830 6 F  4.23656282  0.8883428919 2.1183186 0
 568 5780 5830 6 M  2.41930254  0.0996045054 1.8768905 0
 569 5780 5830 6 F  2.85509170 -0.2512111248 2.0477242 0
 570 5780 5830 6 M  2.56015528  0.9064523980 1.6369391 0
 571 6017 6083 6 F  3.51003143  0.3614342565 2.0313508 0
 572 6017 6083 6 F  2.89451998  1.1850899802 1.6315245 0
 573 6017 6083 6 M  1.69862706 -0.3734127409 1.7067846 0
 574 6017 6083 6 F  1.73213165  0.1352602758 1.6035253 0
 575 6017 6083 6 M  1.81681863  0.2807300704 1.5576632 0
 576 6017 6081 6 F  2.00317121  0.8580783140 1.5907458 0
 577 6017 6081 6 M  2.92964195  0.1495468369 2.0388025 0
 578 6017 6081 6 M  2.11294262 -0.1035082450 1.8341673 0
 579 6017 6081 6 F  3.14310840  0.5986939957 1.9434041 0
 580 6017 6081 6 F  2.54689714  0.2801056630 1.8580360 0
 581 5415 5575 6 M  2.03568215 -0.9453679721 1.9725767 0
 582 5415 5575 6 M  0.65252953 -1.3775555092 1.7217612 0
 583 5415 5575 6 F  1.21288440 -0.2456656143 1.7053516 0
 584 5415 5575 6 F  1.85204876  0.3167559587 1.6015087 0
 585 5415 5575 6 F  1.78700612 -0.0409325095 1.6897943 0
 586 5415 5856 6 F  2.69602355  0.9703513548 1.6482227 0
 587 5415 5856 6 M  1.05713514 -0.1374496529 1.5175541 0
 588 5415 5856 6 F  0.55058175 -0.8021147374 1.7351634 0
 589 5415 5856 6 M  0.77117540 -0.9896155684 1.5335153 0
 590 5415 5856 6 M  1.48521426 -0.2032078932 1.7199392 0
 591 6057 6105 6 M  1.52601119 -1.4733750997 1.9899142 0
 592 6057 6105 6 F  0.41658515 -0.5151468657 1.4137299 0
 593 6057 6105 6 F  0.79635733 -0.4403022018 1.4118907 0
 594 6057 6105 6 M  1.35849020 -0.8819802442 1.8203382 0
 595 6057 6105 6 M  2.60603706  1.0817917882 1.5342818 0
 596 6057 5837 6 M  1.65710225 -0.5843132441 1.8243200 0
 597 6057 5837 6 M  3.74431075  0.6872750018 1.9952120 0
 598 6057 5837 6 M  2.83295972  0.3677722597 1.9270703 0
 599 6057 5837 6 M  0.72534380 -0.9449067264 1.5895836 0
 600 6057 5837 6 M  1.51749454 -0.0997026655 1.5681239 0
 601 5536 5454 6 F  2.50750942 -0.3928724587 2.0186542 0
 602 5536 5454 6 F  2.26762577 -0.1404729037 1.9937346 0
 603 5536 5454 6 F  2.68662577  0.1284888073 1.9614100 0
 604 5536 5454 6 M  3.21785312  0.5621251797 2.1257490 0
 605 5536 5454 6 M  1.68254858 -0.0429408232 1.8653938 0
 606 5536 5701 6 F  2.17972921 -0.0826210324 1.8162915 0
 607 5536 5701 6 M  2.34763300  0.0384307879 2.0173323 0
 608 5536 5701 6 M  1.33152480 -0.7547482117 1.7689829 0
 609 5536 5701 6 F  2.16521297 -0.3565644086 1.9488015 0
 610 5536 5701 6 M  1.79258255 -0.1959501626 1.6522881 0
 611 6082 6274 6 M  1.84252577 -0.3771513307 1.7061681 0
 612 6082 6274 6 F  2.55490728  0.1059432808 1.6815091 0
 613 6082 6274 6 F  0.39936577 -1.4111901900 1.6206209 0
 614 6082 6274 6 M  1.72230914 -0.0637724705 1.5026120 0
 615 6082 6274 6 M  2.03916992 -0.0184209144 1.6201883 0
 616 6082 5479 6 F  1.14230795 -0.5013112587 1.4549854 0
 617 6082 5479 6 F  0.89060306 -0.3118091539 1.5551145 0
 618 6082 5479 6 M  1.81285930  0.6146927094 1.3093821 0
 619 6082 5479 6 F  0.93612281 -0.1787211801 1.4905164 0
 620 6082 5479 6 M  3.33156335  0.6051525084 1.8429041 0
 621 5320 5706 6 F  3.01423136  0.3715974207 2.0300723 0
 622 5320 5706 6 M  2.50143535  0.2223178404 1.8511480 0
 623 5320 5706 6 F  1.95473285 -0.2944384843 1.7831427 0
 624 5320 5706 6 M  2.97746038  0.6312949430 1.9228618 0
 625 5320 5706 6 M  1.38807549 -0.5907605453 1.8130480 0
 626 5320 6290 6 M  2.76120179  0.6714091067 1.6345158 0
 627 5320 6290 6 M  2.55239465  0.2303184006 1.8384257 0
 628 5320 6290 6 M  3.20771471  0.6497087046 1.8182662 0
 629 5320 6290 6 F  2.57276233  0.6104869035 1.5508678 0
 630 5320 6290 6 M  1.98734019 -0.5091508086 1.8207486 0
 631 5543 6121 6 M  1.21004803 -0.8812085433 1.7245388 0
 632 5543 6121 6 M  0.69475318 -0.3246786910 1.3961385 0
 633 5543 6121 6 M -0.49021073 -1.0052819434 1.2782571 0
 634 5543 6121 6 F  1.24430830  0.1290624988 1.4584360 0
 635 5543 6121 6 F  1.91056721  0.4745077798 1.5004176 0
 636 5543 6129 6 F  2.72931607 -0.0301615327 1.8341128 0
 637 5543 6129 6 M  2.62720200  0.1461527413 1.7504168 0
 638 5543 6129 6 F  2.06268419 -0.6067459706 1.8613379 0
 639 5543 6129 6 M  1.03492246 -0.2872975719 1.5247743 0
 640 5543 6129 6 M  1.68077470  0.4450941997 1.5321416 0
 641 5555 5376 6 M  2.30153352  0.1723519995 1.6035847 0
 642 5555 5376 6 M  0.68171579 -0.6917533575 1.6555203 0
 643 5555 5376 6 F  3.35843608  1.2431241365 1.7982674 0
 644 5555 5376 6 M  3.04144639  1.3512426907 1.6354069 0
 645 5555 5376 6 F  0.63050948 -0.9236913740 1.6273918 0
 646 5555 6109 6 M  1.27832966  0.1725270172 1.5660399 0
 647 5555 6109 6 M  0.58039855 -1.4946278146 1.8051621 0
 648 5555 6109 6 M  0.82508536 -0.4126750799 1.6031528 0
 649 5555 6109 6 M  2.55307921  1.3255974463 1.5584267 0
 650 5555 6109 6 F  2.17049730  0.0408377738 1.8252297 0
 651 5711 5730 6 M  1.72838813  0.0657197907 1.6217787 0
 652 5711 5730 6 M  1.58476140 -0.2465615271 1.6779988 0
 653 5711 5730 6 F  2.57993483  0.5328300080 1.6750628 0
 654 5711 5730 6 F  2.70821914  0.3439987788 1.8324813 0
 655 5711 5730 6 F  1.53910411  0.0082983612 1.5769804 0
 656 5711 5315 6 M  0.88637999 -0.4519757236 1.5574543 0
 657 5711 5315 6 F  1.17100628 -0.4358952744 1.5891687 0
 658 5711 5315 6 M  1.83367904  0.2770119832 1.6191770 0
 659 5711 5315 6 F  1.67277726 -0.3458093289 1.7226110 0
 660 5711 5315 6 M  3.10302853  0.6380129003 1.8176715 0
 661 5419 6281 6 F  0.12267582 -0.0430916780 0.9443430 0
 662 5419 6281 6 M  0.57963335  0.0521979560 1.1021997 0
 663 5419 6281 6 F  0.32658824  0.3390565772 1.0206119 0
 664 5419 6281 6 F -1.10709371 -1.1025461469 0.9485756 0
 665 5419 6281 6 M -0.50384510  0.1369765217 0.8180764 0
 666 5419 6126 6 M  3.03466943  0.0187122445 2.0893074 0
 667 5419 6126 6 F  3.24978071 -0.0421591906 1.9951976 0
 668 5419 6126 6 M  3.37899851  0.2621432541 2.0727002 0
 669 5419 6126 6 M  3.04079343  0.1643796452 2.1875841 0
 670 5419 6126 6 F  3.31503470  0.1012731964 1.9548451 0
 671 6039 5645 6 M  2.13932240 -0.0348012874 1.7578890 0
 672 6039 5645 6 M  1.65625719 -0.2029644193 1.5588925 0
 673 6039 5645 6 F  3.48716721  0.5877089689 2.0123813 0
 674 6039 5645 6 M  2.70412349  0.0016667873 1.8156473 0
 675 6039 5645 6 F  3.11399907  0.2531434818 1.9869928 0
 676 6039 5547 6 F -0.56207206 -0.3478997883 0.8368531 0
 677 6039 5547 6 M -0.36601700 -0.4966338207 0.9177097 0
 678 6039 5547 6 F -0.81058704 -0.3996556236 0.7091881 0
 679 6039 5547 6 F  0.33471394  0.8714036965 0.7635646 0
 680 6039 5547 6 F -0.75565511 -0.4194625096 0.7018549 0
 681 6062 6144 6 F  3.05241083  0.8988884798 1.7538699 0
 682 6062 6144 6 F  1.79801514  0.0606118488 1.5652011 0
 683 6062 6144 6 F -0.02476597 -0.8629744782 1.3309283 0
 684 6062 6144 6 F  3.50496035  1.1772625564 1.7192429 0
 685 6062 6144 6 M  2.98283537  0.3805781995 1.9539744 0
 686 6062 5672 6 M  1.91132611  0.0167386575 1.6858660 0
 687 6062 5672 6 M  1.33841547  0.3811057972 1.3217338 0
 688 6062 5672 6 F  1.81979668 -0.8801924038 1.9110747 0
 689 6062 5672 6 M  1.30631654 -0.5308353101 1.6747625 0
 690 6062 5672 6 M  1.76209436  0.2940763201 1.4272279 0
 691 5405 5523 6 M  2.68426008  0.1080580763 1.8386798 0
 692 5405 5523 6 M  0.62029570 -1.4316882534 1.8610153 0
 693 5405 5523 6 M  2.00425153  0.1108007439 1.6144322 0
 694 5405 5523 6 M  2.21779203  0.1554247971 1.9002745 0
 695 5405 5523 6 M  2.17956003  0.1167646359 1.7329288 0
 696 5405 5962 6 F  1.52538275 -0.0053603204 1.6321160 0
 697 5405 5962 6 F  2.33244366 -0.0189986466 1.9177171 0
 698 5405 5962 6 F  2.50301160  0.3944418653 1.8539431 0
 699 5405 5962 6 M  3.32687690  1.1243317435 1.7640944 0
 700 5405 5962 6 F  0.49841948 -1.2215971988 1.6939608 0
 701 5327 5708 6 F  2.21630046 -0.5487226335 1.8990698 0
 702 5327 5708 6 M  2.94072379 -0.0922884481 2.0055061 0
 703 5327 5708 6 F  2.21334845 -0.3867512519 1.9302196 0
 704 5327 5708 6 F  3.40760695  0.3840295204 1.9813146 0
 705 5327 5708 6 M  3.29632792  0.3692976621 2.0123261 0
 706 5327 5499 6 M  3.08671743  1.3614438161 1.7008767 0
 707 5327 5499 6 F  1.56167400  0.1559049456 1.5248808 0
 708 5327 5499 6 F  0.38889914 -0.9223260122 1.5193524 0
 709 5327 5499 6 F  1.95224030 -0.0199975773 1.6607030 0
 710 5327 5499 6 F  2.28800020 -0.0273530551 1.9016158 0
 711 6281 6111 6 F  0.78528650  0.6809239291 1.0734514 0
 712 6281 6111 6 M  1.67169211  1.6066474946 1.0013503 0
 713 6281 6111 6 M -0.58857922 -0.6386236421 0.9252102 0
 714 6281 6111 6 F  0.02223141  0.1254905796 1.0309288 0
 715 6281 6111 6 M -1.09953745 -1.0964418916 0.9384535 0
 716 6281 6003 6 M  2.11813608 -0.0895495462 1.7583899 0
 717 6281 6003 6 M  2.79892485 -0.6866540739 2.2264143 0
 718 6281 6003 6 F  3.31777554  0.0873418164 2.1177560 0
 719 6281 6003 6 M  2.76799572  0.5562937605 1.7902000 0
 720 6281 6003 6 M  3.50721535  0.3763860077 2.0458497 0
 721 6025 5344 6 F  0.61892391  0.6659020284 0.9033216 0
 722 6025 5344 6 F -0.67287542 -0.1712483671 0.8392378 0
 723 6025 5344 6 F -1.16512239 -0.9125895352 0.9452504 0
 724 6025 5344 6 F  0.51715455  0.9766938208 0.8144048 0
 725 6025 5344 6 M  0.02779750 -0.2078653604 0.9716016 0
 726 6025 5965 6 M  3.07831858 -0.1552061880 2.0944343 0
 727 6025 5965 6 F  1.02376622 -0.6479602680 1.4509607 0
 728 6025 5965 6 F  2.00216859 -1.0025434075 1.8789827 0
 729 6025 5965 6 F  2.74259435  0.5567554563 1.6179952 0
 730 6025 5965 6 M  1.79691910  0.2384108104 1.5360293 0
 731 5329 5992 6 M  3.99740347  0.6809913974 2.1601258 0
 732 5329 5992 6 M  2.87089957  0.4682789794 1.7437337 0
 733 5329 5992 6 M  2.81026848 -0.6020367402 2.1115001 0
 734 5329 5992 6 M  3.13380196  0.2361874649 1.9151466 0
 735 5329 5992 6 M  0.68187378 -2.0014637556 1.8492975 0
 736 5329 5960 6 M  1.42765602 -0.8423593654 1.6265815 0
 737 5329 5960 6 F  1.80635588 -0.2668972836 1.5320181 0
 738 5329 5960 6 M  2.61432751  0.7008266328 1.5950801 0
 739 5329 5960 6 F  1.55238325 -0.2563509434 1.4052874 0
 740 5329 5960 6 M  0.81717120 -1.3942430126 1.6967987 0
 741 5551 5820 6 M  2.03160024  0.7498042231 1.5110219 0
 742 5551 5820 6 F  0.98567678 -0.6227507995 1.4968694 0
 743 5551 5820 6 M  1.70541559  0.0335184855 1.5155578 0
 744 5551 5820 6 F  0.84072244 -0.4722120528 1.5338575 0
 745 5551 5820 6 F  1.73205461 -0.0998179783 1.5155714 0
 746 5551 6207 6 F  2.33728406 -0.0988998012 1.7902344 0
 747 5551 6207 6 F  2.29565139 -0.1502997438 1.9243716 0
 748 5551 6207 6 F  2.20727663  0.3433742439 1.6892931 0
 749 5551 6207 6 M  1.72875593  0.4371634416 1.6244272 0
 750 5551 6207 6 M  1.74564745 -0.5502008483 1.8987992 0
 751 5766 6091 6 M  0.68432661 -1.1968472121 1.6399187 0
 752 5766 6091 6 F  2.15975555  0.5766907995 1.4757375 0
 753 5766 6091 6 F  4.50542642  1.1434663241 2.0608091 0
 754 5766 6091 6 M  1.52653964  0.2989695414 1.3639536 0
 755 5766 6091 6 M  0.65672686 -0.9972769767 1.5497831 0
 756 5766 5460 6 F  3.39451618  0.3686045068 1.9631134 0
 757 5766 5460 6 M  3.40513784  0.3460018648 1.9506975 0
 758 5766 5460 6 F  3.05058719 -0.0621667270 1.9132624 0
 759 5766 5460 6 M  3.25393864  0.2455233666 1.9049315 0
 760 5766 5460 6 M  3.11035712  0.2080192296 1.8943232 0
 761 5827 6276 6 F  2.76683535  0.8298841271 1.7093366 0
 762 5827 6276 6 M  1.72976322 -0.8978321235 1.9209535 0
 763 5827 6276 6 M  3.76304060  0.6599517431 1.9932310 0
 764 5827 6276 6 M  1.92804425  0.2109722349 1.6488832 0
 765 5827 6276 6 M  2.75859973  0.2911916472 1.8687376 0
 766 5827 5488 6 M  2.21815837 -0.3383627313 1.8838446 0
 767 5827 5488 6 M  1.18677323  0.0643294201 1.4997301 0
 768 5827 5488 6 F  1.67202245  0.2521732766 1.5281189 0
 769 5827 5488 6 F  2.08962766  0.7534521360 1.5630441 0
 770 5827 5488 6 F  1.50487554 -0.5645495726 1.7566579 0
 771 6232 5998 6 M  1.34209618 -0.3256517140 1.6880157 0
 772 6232 5998 6 M  1.11218658 -0.7620611225 1.7780003 0
 773 6232 5998 6 M  2.87920644  1.3138864547 1.5805139 0
 774 6232 5998 6 M  3.14185375  1.0245852122 1.6953819 0
 775 6232 5998 6 M  3.03875755  1.3750987869 1.6547876 0
 776 6232 5980 6 M  2.92243265 -0.0790960149 1.8881810 0
 777 6232 5980 6 F  2.02209139 -0.1388148330 1.7960601 0
 778 6232 5980 6 F  2.08730065 -0.3990120286 2.0185652 0
 779 6232 5980 6 M  2.47052489 -0.6372256722 2.0443772 0
 780 6232 5980 6 M  2.01227960  0.0482201899 1.7686252 0
 781 5309 5492 6 F  2.46863998 -0.4765019917 1.9020711 0
 782 5309 5492 6 M  1.73839396 -1.2747789350 1.9609774 0
 783 5309 5492 6 F  3.82755487  0.7589147857 1.9125577 0
 784 5309 5492 6 F  3.61408390  0.6857350176 1.9646769 0
 785 5309 5492 6 F  3.21486849  0.3954437993 1.9262782 0
 786 5309 6289 6 M  2.80158888  0.2884083724 1.8951569 0
 787 5309 6289 6 F  2.87427174  0.9586091916 1.6312528 0
 788 5309 6289 6 F  2.22975480 -0.1462465607 1.7031947 0
 789 5309 6289 6 M  1.92432998 -0.2836693199 1.7502928 0
 790 5309 6289 6 M  3.18469753  0.5848251719 1.7613534 0
 791 6181 6299 6 M  2.38897461 -0.3609884356 2.0143678 0
 792 6181 6299 6 F  2.53949565 -0.0110170871 1.9278191 0
 793 6181 6299 6 F  2.21787464 -0.1367334144 1.7888428 0
 794 6181 6299 6 F  1.73627787 -0.5233504769 1.7263929 0
 795 6181 6299 6 M  1.92572248 -0.7035395668 1.8610267 0
 796 6181 6086 6 F  3.67857461  1.2910107055 1.8341352 0
 797 6181 6086 6 F  2.72572436  0.7108049485 1.7565315 0
 798 6181 6086 6 F  1.58368404  0.3976399065 1.5059310 0
 799 6181 6086 6 M  3.02228390  1.2052971112 1.6968833 0
 800 6181 6086 6 M  2.12002992  0.5175911995 1.6367035 0
 801 5364 5802 6 F  1.70964264 -0.5921765911 1.8271079 0
 802 5364 5802 6 M  2.63300094 -0.4415174309 2.0562170 0
 803 5364 5802 6 F  2.36426753  0.1480285017 1.8172100 0
 804 5364 5802 6 M  2.27495478 -0.3048265034 2.0762361 0
 805 5364 5802 6 F  2.50385694  0.7217366296 1.7550413 0
 806 5364 6209 6 F  1.87338782 -1.1962255610 2.0685645 0
 807 5364 6209 6 F  2.77333288  0.0900556938 1.9750371 0
 808 5364 6209 6 F  3.54278372  0.8221124927 2.1271164 0
 809 5364 6209 6 M  0.84532687 -0.9255882329 1.6904882 0
 810 5364 6209 6 M  2.73394994  0.5140446431 1.6666072 0
 811 6074 6215 6 M  0.93008987 -0.8394714793 1.7185017 0
 812 6074 6215 6 M  2.40627043  0.0899056234 1.8844848 0
 813 6074 6215 6 F  3.13407112  0.7255733448 1.7480725 0
 814 6074 6215 6 F  1.99841890 -0.5376502026 1.9250787 0
 815 6074 6215 6 F  1.44068030 -1.2176767669 1.9424518 0
 816 6074 5810 6 M  0.54031337 -0.8288194471 1.4945532 0
 817 6074 5810 6 M  0.87232785 -1.0387617813 1.6317892 0
 818 6074 5810 6 M  2.72887379  0.5450050253 1.6369993 0
 819 6074 5810 6 F  0.66922903 -0.5467531325 1.4714615 0
 820 6074 5810 6 M  1.82206452  0.8221695716 1.5767806 0
 821 5697 6216 6 M  1.95165263  0.1992229312 1.7793481 0
 822 5697 6216 6 M  2.43605511 -0.2882865768 1.9894491 0
 823 5697 6216 6 F  2.27819245  0.0967366367 1.9177059 0
 824 5697 6216 6 F  0.79050359 -1.2658806442 1.9746197 0
 825 5697 6216 6 F  3.64027223  1.0282876974 1.8753533 0
 826 5697 5541 6 M  0.20202227 -1.0756161619 1.4813770 0
 827 5697 5541 6 F  2.24374384  0.0322019245 2.0165246 0
 828 5697 5541 6 M  0.68197758 -0.0154980913 1.4189778 0
 829 5697 5541 6 M  1.68370652  0.1970616609 1.4971058 0
 830 5697 5541 6 M  0.83328175 -0.5968066618 1.3971836 0
 831 5916 5381 6 M  0.71044546 -0.4231602997 1.5938211 0
 832 5916 5381 6 F  1.06571646 -0.7308734200 1.5852826 0
 833 5916 5381 6 F  2.05801505  0.3648388898 1.5877326 0
 834 5916 5381 6 M  2.00928287 -0.3472915999 1.7653790 0
 835 5916 5381 6 M  1.22456859  0.4436531599 1.3077310 0
 836 5916 5635 6 M  2.54494305  0.3275326747 1.8996832 0
 837 5916 5635 6 F  3.15048887 -0.3459472632 2.2111237 0
 838 5916 5635 6 M  4.17240337  0.3081268808 2.2167291 0
 839 5916 5635 6 F  3.71438050  0.0708076708 2.2023704 0
 840 5916 5635 6 F  3.83075500  0.5457306464 2.0413709 0
 841 5784 5807 6 M  0.84834306 -0.5941998336 1.5012287 0
 842 5784 5807 6 F  1.98566025  0.6815766648 1.4569619 0
 843 5784 5807 6 F  0.68875771 -0.5302396301 1.4305237 0
 844 5784 5807 6 M  1.90450600  0.6156496363 1.5777344 0
 845 5784 5807 6 M  1.10206177  0.0459369124 1.4445183 0
 846 5784 5580 6 M  2.51795665  0.0006676112 1.9561438 0
 847 5784 5580 6 M  3.94786994  0.6506672606 2.0044637 0
 848 5784 5580 6 F  2.46340403 -0.6602710377 2.0901430 0
 849 5784 5580 6 M  1.60691692 -0.4834532996 1.7125748 0
 850 5784 5580 6 M  2.54447104 -0.5627794701 2.0707330 0
 851 6111 5679 6 M  0.68561092 -0.4500671670 1.4361094 0
 852 6111 5679 6 F  2.40982794  0.7902931957 1.6076488 0
 853 6111 5679 6 M  0.62517973 -0.3677307195 1.5408313 0
 854 6111 5679 6 F  1.50205291  0.6666753542 1.4400120 0
 855 6111 5679 6 F  0.49257518 -0.6221914586 1.4045444 0
 856 6111 6173 6 F  1.68080535 -0.9994203031 2.0194039 0
 857 6111 6173 6 M  3.70599511  0.8221380070 1.9453224 0
 858 6111 6173 6 F  1.21930799 -0.7241178941 1.9494878 0
 859 6111 6173 6 F  1.93090077 -0.0729607922 1.8231779 0
 860 6111 6173 6 F  3.45552530  0.3552293737 1.9688879 0
 861 5681 5930 6 F  3.12951378  0.7655356091 1.8097134 0
 862 5681 5930 6 M  2.32420581  0.9550920273 1.4503419 0
 863 5681 5930 6 M  1.73884766  0.4839902654 1.4069565 0
 864 5681 5930 6 M  2.17450348  0.1469752832 1.6261699 0
 865 5681 5930 6 M  2.25825790 -0.3939177424 1.8862563 0
 866 5681 5968 6 F  0.41487081 -1.3519827724 1.6463372 0
 867 5681 5968 6 M  1.26656133 -0.0513642704 1.4682405 0
 868 5681 5968 6 F  2.61314918  0.7309468404 1.6083285 0
 869 5681 5968 6 F  2.57243428  0.5781092767 1.6119425 0
 870 5681 5968 6 F  2.63718485 -0.2611279656 1.9689477 0
 871 5725 5647 6 F  3.22431749  0.6587025783 1.8221826 0
 872 5725 5647 6 F  3.24848443 -0.1045940077 2.1629414 0
 873 5725 5647 6 F  0.71778775 -1.0710405253 1.5889813 0
 874 5725 5647 6 F  2.84757471 -0.0905434142 2.0583459 0
 875 5725 5647 6 F  2.92806969  0.7297409299 1.7924715 0
 876 5725 6233 6 M  0.12465289 -0.3990786580 1.0917190 0
 877 5725 6233 6 M  0.48910830 -0.0210609852 1.1219744 0
 878 5725 6233 6 F -0.13579806 -0.3784160080 1.0456367 0
 879 5725 6233 6 F  0.18532530  0.3910074722 0.8675866 0
 880 5725 6233 6 M  0.40582958 -0.3077590007 1.2131996 0
 881 5774 5633 6 F  4.41270361  1.1649511842 2.1076926 0
 882 5774 5633 6 M  2.82458649 -0.1622416455 2.0101855 0
 883 5774 5633 6 F  4.28042371  1.4108837686 1.9906614 0
 884 5774 5633 6 F  3.20665503 -0.1998717365 2.0646455 0
 885 5774 5633 6 F  2.91292179  0.0506220448 1.9264960 0
 886 5774 5639 6 F  1.49981496  0.1630599495 1.4312942 0
 887 5774 5639 6 M  1.59142748 -1.2227584647 1.9527660 0
 888 5774 5639 6 F  1.22631854 -0.0206255802 1.4893342 0
 889 5774 5639 6 M  1.71200497  0.0236198233 1.5224027 0
 890 5774 5639 6 F  2.87533648  0.0571542759 1.9174884 0
 891 6188 6080 6 F  2.61359797  0.7112226726 1.7153413 0
 892 6188 6080 6 M  1.94823230  0.7893201817 1.3338783 0
 893 6188 6080 6 M  2.12521877  0.4701808340 1.5626127 0
 894 6188 6080 6 F  1.01409397 -0.5537679892 1.4641462 0
 895 6188 6080 6 M  2.98588697  1.7439539280 1.3063554 0
 896 6188 5681 6 M  0.48669666  0.6786501020 1.0193809 0
 897 6188 5681 6 F -1.34317397 -0.5209497524 0.9231690 0
 898 6188 5681 6 F -0.94164105 -0.3456909931 0.7340245 0
 899 6188 5681 6 F -0.59058033 -0.0347384421 0.8586534 0
 900 6188 5681 6 M -0.39557591  0.0549567623 0.8791293 0
 901 5924 5682 6 F  3.74698594  0.5549540314 2.0376981 0
 902 5924 5682 6 F  2.26473566 -0.4480560901 1.8253426 0
 903 5924 5682 6 F  3.78099831  0.3289461689 2.0694116 0
 904 5924 5682 6 F  0.43711847 -1.4054176651 1.5470634 0
 905 5924 5682 6 M  3.51269820  0.7605762937 1.7960339 0
 906 5924 5331 6 M  0.46568247 -0.9502538217 1.5221863 0
 907 5924 5331 6 F  2.03008601 -0.1408250579 1.6228710 0
 908 5924 5331 6 M  1.89477362 -0.4372161202 1.7592731 0
 909 5924 5331 6 F  2.79133623 -0.1504766324 1.9123557 0
 910 5924 5331 6 M  1.54426194 -0.0563099751 1.4500705 0
 911 6136 5685 6 M -0.64767304 -0.4311926223 0.8363856 0
 912 6136 5685 6 M  0.14913412  0.4845400721 0.7966024 0
 913 6136 5685 6 F -0.04100983  0.4266762619 0.8622753 0
 914 6136 5685 6 F -0.15291883 -0.0334395618 0.8173671 0
 915 6136 5685 6 F -0.80262911 -0.3205785111 0.7883001 0
 916 6136 5893 6 M  1.45958652 -0.6921289053 1.8252807 0
 917 6136 5893 6 M  2.91859146  0.3624213892 1.8563274 0
 918 6136 5893 6 F  2.45738163  0.2404314931 1.7569948 0
 919 6136 5893 6 F  1.73097361 -0.5060753681 1.8578800 0
 920 6136 5893 6 F  3.35717342  1.3491083246 1.7470849 0
 921 5469 5745 6 M  2.13343005 -0.8884353849 1.9615001 0
 922 5469 5745 6 M  1.23267960 -0.6872783952 1.7692717 0
 923 5469 5745 6 M  3.31922784  0.5103722408 1.9176813 0
 924 5469 5745 6 F  3.92612863  1.9263067457 1.7268141 0
 925 5469 5745 6 F  1.54012770 -0.0373135720 1.5843376 0
 926 5469 5385 6 F  2.95112133 -0.0239398661 2.1404622 0
 927 5469 5385 6 M  3.20243819  0.1954736702 2.1216783 0
 928 5469 5385 6 M  3.61215277  0.7129480552 1.9821883 0
 929 5469 5385 6 M  3.54968366  0.4713398149 2.0780203 0
 930 5469 5385 6 F  1.97051478 -0.9777230449 1.9894809 0
 931 6101 5489 6 F  0.55557019 -1.0548648416 1.7294565 0
 932 6101 5489 6 M  1.38187478 -0.5387162728 1.7216988 0
 933 6101 5489 6 M  2.45555685  0.9255775509 1.5653407 0
 934 6101 5489 6 M  0.88016707 -1.1426324573 1.6988194 0
 935 6101 5489 6 F  0.54587247 -0.6017258233 1.5400284 0
 936 6101 6070 6 F  2.44339785  0.2264522518 1.6777792 0
 937 6101 6070 6 M  2.54728368 -0.1228885445 1.9514025 0
 938 6101 6070 6 F  4.29741834  0.7578826605 2.0618077 0
 939 6101 6070 6 M  2.06957873 -0.8616681264 2.0459908 0
 940 6101 6070 6 F  0.81545083 -1.2500334374 1.7764991 0
 941 5359 5495 6 F  3.98616609  0.9810440462 2.0727458 0
 942 5359 5495 6 M  1.78543805 -0.5956995169 1.8684128 0
 943 5359 5495 6 M  2.43700930 -0.4958996666 2.1159444 0
 944 5359 5495 6 M  3.61030761  1.0945145137 1.8893813 0
 945 5359 5495 6 F  2.98511687 -0.4709897361 2.1052145 0
 946 5359 5577 6 M  1.59211864 -0.1123542404 1.8267716 0
 947 5359 5577 6 F  3.10900085  0.7409229542 1.8820258 0
 948 5359 5577 6 F  1.58067967 -0.5017413487 2.0198523 0
 949 5359 5577 6 F  1.70459418 -0.9278477732 1.9088817 0
 950 5359 5577 6 F  1.98779128  0.2003868785 1.8436427 0
 951 6077 5649 6 F  2.91422198  0.0964788608 2.0249619 0
 952 6077 5649 6 M  3.75973690  1.1678050493 2.0314196 0
 953 6077 5649 6 F  4.14904341  1.8039891162 1.7976942 0
 954 6077 5649 6 M  2.55560535 -0.2590906315 2.1488201 0
 955 6077 5649 6 F  3.05163297  0.5878996695 2.0598699 0
 956 6077 6137 6 M  2.93671500  0.9482121156 1.7464983 0
 957 6077 6137 6 M -0.25763135 -0.8031638815 1.2641179 0
 958 6077 6137 6 F  2.00559620  0.2775054017 1.5238249 0
 959 6077 6137 6 M  1.07873278 -0.5679909293 1.4446098 0
 960 6077 6137 6 M  3.47666935  1.1439486926 1.7409402 0
 961 5554 5622 6 M  2.44543099 -0.0277194328 1.8445251 0
 962 5554 5622 6 M  2.47995220  0.4330545554 1.5750728 0
 963 5554 5622 6 M  2.50304501 -0.9371914997 2.1647021 0
 964 5554 5622 6 M  2.15041870 -0.3049218590 1.7542832 0
 965 5554 5622 6 F  3.63674300  0.4688300617 2.2013568 0
 966 5554 6058 6 M  1.68179912 -1.2136694482 1.9293388 0
 967 5554 6058 6 M  2.27883102 -0.4475525984 1.9389397 0
 968 5554 6058 6 F  2.50363624 -0.0631578370 1.7763155 0
 969 5554 6058 6 M  4.03135910  1.3524352312 1.9605127 0
 970 5554 6058 6 F  2.56804368 -0.2488426041 1.9652814 0
 971 6285 5744 6 M  5.31223439  2.0367826294 2.0594088 0
 972 6285 5744 6 F  2.41090762 -0.2613097314 1.8272163 0
 973 6285 5744 6 M  0.71071865 -0.1544303621 1.3935933 0
 974 6285 5744 6 F  2.25435069  0.4430961359 1.5518055 0
 975 6285 5744 6 M  2.22620709  0.1296450089 1.7503789 0
 976 6285 5894 6 F  2.99341005  0.3262349696 1.8466672 0
 977 6285 5894 6 F  4.11484637  0.9559407053 1.8915972 0
 978 6285 5894 6 M  2.91297711  0.3875254155 1.8450180 0
 979 6285 5894 6 F  2.30292472 -0.8313559206 1.9804374 0
 980 6285 5894 6 F  4.03366313  0.8647887027 2.0004909 0
 981 5746 6254 6 F  3.37979261  0.5667090649 2.0360597 0
 982 5746 6254 6 F  1.59529663  0.0967339060 1.5767612 0
 983 5746 6254 6 M  1.45890216 -0.5565787964 1.7729053 0
 984 5746 6254 6 F  2.89917753 -0.0428598835 2.0058183 0
 985 5746 6254 6 F  1.92674283 -0.9605482339 1.9920645 0
 986 5746 5447 6 F  3.17773883  0.1369903113 1.9952395 0
 987 5746 5447 6 M  1.53836837 -1.1091776138 1.9235906 0
 988 5746 5447 6 F  2.33002102  0.2606324607 1.8496210 0
 989 5746 5447 6 F  2.55561127 -0.2595395480 2.0128450 0
 990 5746 5447 6 M  3.48328946  0.9214850096 1.9935985 0
 991 5366 6277 6 M  1.93653029 -0.2551370839 1.7370296 0
 992 5366 6277 6 M  2.00948463 -0.2042500809 1.7612727 0
 993 5366 6277 6 F  2.70170047 -0.5648826902 2.1008709 0
 994 5366 6277 6 F  2.34509910  0.3163042624 1.7720305 0
 995 5366 6277 6 M  1.35735477 -1.2269732354 1.8782096 0
 996 5366 5515 6 M  2.56071600 -0.4762305134 2.0464765 0
 997 5366 5515 6 M  1.93552567 -0.4925546265 1.8329338 0
 998 5366 5515 6 F  4.12108960  0.7243419974 2.1092054 0
 999 5366 5515 6 F  2.15896892 -0.2021435294 1.7880013 0
1000 5366 5515 6 M  4.56867490  1.1062355284 2.0923664 0
