ID Generation Chr Freq.Allele1 Freq.Allele2
   M1 6 1 0.3110 0.689000010
   M2 6 1 0.3330 0.666999996
   M3 6 1 0.6950 0.305000007
   M4 6 1 0.7540 0.245999992
   M5 6 1 0.0140 0.986000000
   M6 6 1 0.5735 0.426500022
   M7 6 1 0.5735 0.426500022
   M8 6 1 0.4480 0.551999986
   M9 6 1 0.3075 0.692499995
  M10 6 1 0.7380 0.262000024
  M11 6 1 0.6115 0.388499975
  M12 6 1 0.7450 0.254999995
  M13 6 1 0.9925 0.007499993
  M14 6 1 0.9005 0.099500000
  M15 6 1 0.8310 0.169000030
  M16 6 1 0.7780 0.222000003
  M17 6 1 0.2695 0.730500013
  M18 6 1 0.5755 0.424499989
  M19 6 1 0.4750 0.525000006
  M20 6 1 0.9805 0.019500017
  M21 6 1 0.6325 0.367500007
  M22 6 1 0.4205 0.579499990
  M23 6 1 0.6585 0.341499984
  M24 6 1 0.0085 0.991500000
  M25 6 1 0.7530 0.246999979
  M26 6 1 0.4635 0.536500007
  M27 6 1 0.4560 0.544000000
  M28 6 1 0.6055 0.394500017
  M29 6 1 0.4370 0.562999994
  M30 6 1 0.6840 0.315999985
  M31 6 1 0.0180 0.982000001
  M32 6 1 0.2490 0.751000002
  M33 6 1 0.8990 0.101000011
  M34 6 1 0.3590 0.641000003
  M35 6 1 0.6855 0.314499974
  M36 6 1 0.4430 0.557000011
  M37 6 1 0.8340 0.166000009
  M38 6 1 0.3010 0.699000001
  M39 6 1 0.2745 0.725499988
  M40 6 1 0.7270 0.273000002
  M41 6 1 0.7930 0.207000017
  M42 6 1 0.5410 0.458999991
  M43 6 1 0.7835 0.216499984
  M44 6 1 0.7480 0.251999974
  M45 6 1 0.6155 0.384500027
  M46 6 1 0.0925 0.907499999
  M47 6 1 0.2895 0.710500002
  M48 6 1 0.4405 0.559500009
  M49 6 1 0.2880 0.712000012
  M50 6 1 0.4665 0.533499986
  M51 6 1 0.4020 0.597999990
  M52 6 1 0.7745 0.225499988
  M53 6 1 0.3900 0.610000014
  M54 6 1 0.4935 0.506500006
  M55 6 1 0.1875 0.812500000
  M56 6 1 0.2980 0.701999992
  M57 6 1 0.4035 0.596500009
  M58 6 1 0.4740 0.525999993
  M59 6 1 0.7685 0.231500030
  M60 6 1 0.6060 0.393999994
  M61 6 1 0.7415 0.258499980
  M62 6 1 0.3590 0.641000003
  M63 6 1 0.2630 0.736999989
  M64 6 1 0.4025 0.597499996
  M65 6 1 0.9330 0.066999972
  M66 6 1 0.6685 0.331499994
  M67 6 1 0.4175 0.582500011
  M68 6 1 0.6630 0.337000012
  M69 6 1 0.7865 0.213500023
  M70 6 1 0.3770 0.622999996
  M71 6 1 0.5920 0.407999992
  M72 6 1 0.5325 0.467499971
  M73 6 1 0.6480 0.351999998
  M74 6 1 0.6215 0.378499985
  M75 6 1 0.6035 0.396499991
  M76 6 1 0.4960 0.504000008
  M77 6 1 0.6545 0.345499992
  M78 6 1 0.3165 0.683499992
  M79 6 1 0.4050 0.594999999
  M80 6 1 0.2565 0.743499994
  M81 6 1 0.7725 0.227500021
  M82 6 1 0.3690 0.631000012
  M83 6 1 0.2670 0.733000010
  M84 6 1 0.1280 0.871999994
  M85 6 1 0.0895 0.910499997
  M86 6 1 0.5885 0.411499977
  M87 6 1 0.6585 0.341499984
  M88 6 1 0.1480 0.851999998
  M89 6 1 0.5780 0.421999991
  M90 6 1 0.8205 0.179499984
  M91 6 1 0.9030 0.097000003
  M92 6 1 0.8120 0.188000023
  M93 6 1 0.0540 0.945999999
  M94 6 1 0.3480 0.652000010
  M95 6 1 0.2735 0.726500005
  M96 6 1 0.6305 0.369499981
  M97 6 1 0.7590 0.240999997
  M98 6 1 0.4775 0.522500008
  M99 6 1 0.7515 0.248499990
 M100 6 1 0.6855 0.314499974
 M101 6 1 0.2140 0.785999998
 M102 6 1 0.0710 0.928999998
 M103 6 1 0.0425 0.957500000
 M104 6 1 0.7685 0.231500030
 M105 6 1 0.7200 0.279999971
 M106 6 1 0.8575 0.142499983
 M107 6 1 0.4880 0.511999995
 M108 6 1 0.6960 0.304000020
 M109 6 1 0.3870 0.613000005
 M110 6 1 0.3160 0.683999985
 M111 6 1 0.8220 0.177999973
 M112 6 1 0.3010 0.699000001
 M113 6 1 0.5135 0.486500025
 M114 6 1 0.6975 0.302500010
 M115 6 1 0.7725 0.227500021
 M116 6 1 0.2635 0.736499995
 M117 6 1 0.2385 0.761500001
 M118 6 1 0.8235 0.176500022
 M119 6 1 0.3595 0.640500009
 M120 6 1 0.0350 0.965000000
 M121 6 1 0.5795 0.420499980
 M122 6 1 0.2075 0.792500004
 M123 6 1 0.7160 0.283999979
 M124 6 1 0.7040 0.296000004
 M125 6 1 0.9285 0.071500003
 M126 6 1 0.4295 0.570499986
 M127 6 1 0.8850 0.115000010
 M128 6 1 0.4585 0.541500002
 M129 6 1 0.3445 0.655499995
 M130 6 1 0.4960 0.504000008
 M131 6 1 0.4285 0.571500003
 M132 6 1 0.7695 0.230499983
 M133 6 1 0.7865 0.213500023
 M134 6 1 0.3020 0.698000014
 M135 6 1 0.4460 0.553999990
 M136 6 1 0.1780 0.821999997
 M137 6 1 0.7250 0.274999976
 M138 6 1 0.8045 0.195500016
 M139 6 1 0.2415 0.758499995
 M140 6 1 0.4560 0.544000000
 M141 6 1 0.3295 0.670500010
 M142 6 1 0.2500 0.750000000
 M143 6 1 0.4285 0.571500003
 M144 6 1 0.3945 0.605500013
 M145 6 1 0.6835 0.316500008
 M146 6 1 0.4265 0.573500007
 M147 6 1 0.9220 0.078000009
 M148 6 1 0.4080 0.592000008
 M149 6 1 0.3185 0.681499988
 M150 6 1 0.2975 0.702499986
 M151 6 1 0.1125 0.887500003
 M152 6 1 0.0540 0.945999999
 M153 6 1 0.6600 0.339999974
 M154 6 1 0.4055 0.594500005
 M155 6 1 0.2685 0.731500000
 M156 6 1 0.2855 0.714500010
 M157 6 1 0.7470 0.253000021
 M158 6 1 0.5910 0.408999979
 M159 6 1 0.7250 0.274999976
 M160 6 1 0.4165 0.583499998
 M161 6 1 0.8605 0.139500022
 M162 6 1 0.6350 0.365000010
 M163 6 1 0.7280 0.272000015
 M164 6 1 0.9200 0.079999983
 M165 6 1 0.3210 0.678999990
 M166 6 1 0.2535 0.746499985
 M167 6 1 0.0170 0.982999999
 M168 6 1 0.4495 0.550500005
 M169 6 1 0.6305 0.369499981
 M170 6 1 0.4510 0.548999995
 M171 6 1 0.5065 0.493499994
 M172 6 1 0.0330 0.967000000
 M173 6 1 0.1510 0.849000007
 M174 6 1 0.7895 0.210500002
 M175 6 1 0.4880 0.511999995
 M176 6 1 0.5275 0.472500026
 M177 6 1 0.4030 0.597000003
 M178 6 1 0.7945 0.205500007
 M179 6 1 0.8785 0.121500015
 M180 6 1 0.1390 0.861000001
 M181 6 1 0.4845 0.515500009
 M182 6 1 0.6810 0.319000006
 M183 6 1 0.7710 0.228999972
 M184 6 1 0.4230 0.576999992
 M185 6 1 0.5375 0.462499976
 M186 6 1 0.6380 0.361999989
 M187 6 1 0.6960 0.304000020
 M188 6 1 0.1615 0.838499993
 M189 6 1 0.3360 0.664000005
 M190 6 1 0.8640 0.135999978
 M191 6 1 0.5800 0.420000017
 M192 6 1 0.1260 0.873999998
 M193 6 1 0.7240 0.276000023
 M194 6 1 0.8395 0.160499990
 M195 6 1 0.3415 0.658499986
 M196 6 1 0.8870 0.112999976
 M197 6 1 0.2170 0.783000007
 M198 6 1 0.1460 0.854000002
 M199 6 1 0.1295 0.870499998
 M200 6 1 0.8820 0.117999971
 M201 6 1 0.4310 0.569000006
 M202 6 1 0.7445 0.255500019
 M203 6 1 0.8830 0.116999984
 M204 6 1 0.7660 0.234000027
 M205 6 1 0.6875 0.312500000
 M206 6 1 0.3475 0.652500004
 M207 6 1 0.2795 0.720499992
 M208 6 1 0.4320 0.567999989
 M209 6 1 0.3580 0.641999990
 M210 6 1 0.6325 0.367500007
 M211 6 1 0.5480 0.452000022
 M212 6 1 0.3105 0.689500004
 M213 6 1 0.1350 0.864999995
 M214 6 1 0.6485 0.351499975
 M215 6 1 0.8635 0.136500001
 M216 6 1 0.2505 0.749500006
 M217 6 1 0.1985 0.801499993
 M218 6 1 0.9190 0.080999970
 M219 6 1 0.5155 0.484499991
 M220 6 1 0.9155 0.084500015
 M221 6 1 0.3225 0.677500010
 M222 6 1 0.7895 0.210500002
 M223 6 1 0.7355 0.264500022
 M224 6 1 0.6390 0.361000001
 M225 6 1 0.9135 0.086499989
 M226 6 1 0.6650 0.334999979
 M227 6 1 0.6210 0.379000008
 M228 6 1 0.8445 0.155499995
 M229 6 1 0.6230 0.376999974
 M230 6 1 0.6270 0.373000026
 M231 6 1 0.3245 0.675500005
 M232 6 1 0.2230 0.776999995
 M233 6 1 0.1195 0.880500004
 M234 6 1 0.1295 0.870499998
 M235 6 1 0.5655 0.434499979
 M236 6 1 0.5940 0.406000018
 M237 6 1 0.9750 0.024999976
 M238 6 1 0.3940 0.606000006
 M239 6 1 0.0030 0.997000000
 M240 6 1 0.9205 0.079500020
 M241 6 1 0.5855 0.414499998
 M242 6 1 0.9110 0.088999987
 M243 6 1 0.4155 0.584500015
 M244 6 1 0.5175 0.482500017
 M245 6 1 0.2400 0.760000005
 M246 6 1 0.3645 0.635500014
 M247 6 1 0.0940 0.906000003
 M248 6 1 0.7505 0.249499977
 M249 6 1 0.9305 0.069500029
 M250 6 1 0.5100 0.490000010
 M251 6 1 0.7915 0.208500028
 M252 6 1 0.6585 0.341499984
 M253 6 1 0.5595 0.440500021
 M254 6 1 0.8375 0.162500024
 M255 6 1 0.0340 0.965999998
 M256 6 1 0.7660 0.234000027
 M257 6 1 0.5370 0.463000000
 M258 6 1 0.5755 0.424499989
 M259 6 1 0.3245 0.675500005
 M260 6 1 0.3910 0.608999997
 M261 6 1 0.2790 0.720999986
 M262 6 1 0.8385 0.161499977
 M263 6 1 0.3610 0.638999999
 M264 6 1 0.7640 0.236000001
 M265 6 1 0.1955 0.804499999
 M266 6 1 0.2175 0.782499999
 M267 6 1 0.2875 0.712500006
 M268 6 1 0.6430 0.356999993
 M269 6 1 0.5085 0.491500020
 M270 6 1 0.0865 0.913500004
 M271 6 1 0.0310 0.969000001
 M272 6 1 0.5930 0.407000005
 M273 6 1 0.5570 0.443000019
 M274 6 1 0.4760 0.523999989
 M275 6 1 0.9535 0.046500027
 M276 6 1 0.0000 1.000000000
 M277 6 1 0.7760 0.223999977
 M278 6 1 0.6865 0.313499987
 M279 6 1 0.3415 0.658499986
 M280 6 1 0.8895 0.110499978
 M281 6 1 0.5220 0.477999985
 M282 6 1 0.6780 0.322000027
 M283 6 1 0.7195 0.280499995
 M284 6 1 0.3700 0.629999995
 M285 6 1 0.8165 0.183499992
 M286 6 1 0.7290 0.271000028
 M287 6 1 0.4745 0.525500000
 M288 6 1 0.3435 0.656500012
 M289 6 1 0.3965 0.603500009
 M290 6 1 0.0470 0.953000002
 M291 6 1 0.2915 0.708499998
 M292 6 1 0.5940 0.406000018
 M293 6 1 0.3550 0.645000011
 M294 6 1 0.5365 0.463500023
 M295 6 1 0.9305 0.069500029
 M296 6 1 0.6595 0.340499997
 M297 6 1 0.5060 0.494000018
 M298 6 1 0.9640 0.036000013
 M299 6 1 0.8065 0.193499982
 M300 6 1 0.2335 0.766499996
 M301 6 1 0.0520 0.947999999
 M302 6 1 0.5545 0.445500016
 M303 6 1 0.3375 0.662499994
 M304 6 1 0.2465 0.753500000
 M305 6 1 0.2060 0.794000000
 M306 6 1 0.9520 0.047999978
 M307 6 1 0.1535 0.846499994
 M308 6 1 0.7875 0.212499976
 M309 6 1 0.3565 0.643500000
 M310 6 1 0.7280 0.272000015
 M311 6 1 0.9640 0.036000013
 M312 6 1 0.2255 0.774499997
 M313 6 1 0.4875 0.512499988
 M314 6 1 0.6875 0.312500000
 M315 6 1 1.0000 0.000000000
 M316 6 1 0.0875 0.912500001
 M317 6 1 0.0150 0.985000000
 M318 6 1 0.2200 0.780000001
 M319 6 1 0.1400 0.859999999
 M320 6 1 0.4065 0.593499988
 M321 6 1 0.2150 0.784999996
 M322 6 1 0.5350 0.464999974
 M323 6 1 0.7675 0.232500017
 M324 6 1 0.6640 0.336000025
 M325 6 1 0.6025 0.397499979
 M326 6 1 0.3140 0.685999990
 M327 6 1 0.3675 0.632499993
 M328 6 1 0.5115 0.488499999
 M329 6 1 0.3770 0.622999996
 M330 6 1 0.2090 0.790999994
 M331 6 1 0.6470 0.352999985
 M332 6 1 0.6055 0.394500017
 M333 6 1 0.5140 0.486000001
 M334 6 1 0.7070 0.292999983
 M335 6 1 0.6880 0.311999977
 M336 6 1 0.3110 0.689000010
 M337 6 1 0.7645 0.235499978
 M338 6 1 0.4465 0.553499997
 M339 6 1 0.7545 0.245500028
 M340 6 1 0.5480 0.452000022
 M341 6 1 0.5820 0.417999983
 M342 6 1 0.4660 0.534000009
 M343 6 1 0.7505 0.249499977
 M344 6 1 0.4275 0.572499990
 M345 6 1 0.5780 0.421999991
 M346 6 1 0.6155 0.384500027
 M347 6 1 0.4505 0.549499989
 M348 6 1 0.9955 0.004499972
 M349 6 1 0.3465 0.653499991
 M350 6 1 0.3845 0.615500003
 M351 6 1 0.4055 0.594500005
 M352 6 1 0.2595 0.740500003
 M353 6 1 0.8210 0.179000020
 M354 6 1 0.3495 0.650500000
 M355 6 1 0.5670 0.433000028
 M356 6 1 0.4620 0.537999988
 M357 6 1 0.2185 0.781499997
 M358 6 1 0.4105 0.589500010
 M359 6 1 0.7025 0.297500014
 M360 6 1 0.1690 0.831000000
 M361 6 1 0.3370 0.662999988
 M362 6 1 0.9135 0.086499989
 M363 6 1 0.5300 0.470000029
 M364 6 1 0.6755 0.324500024
 M365 6 1 0.6375 0.362500012
 M366 6 1 0.7845 0.215499997
 M367 6 1 0.1575 0.842500001
 M368 6 1 0.6210 0.379000008
 M369 6 1 0.2825 0.717500001
 M370 6 1 0.1200 0.880000003
 M371 6 1 0.9330 0.066999972
 M372 6 1 0.0830 0.917000003
 M373 6 1 0.3445 0.655499995
 M374 6 1 0.3730 0.627000004
 M375 6 1 0.8700 0.129999995
 M376 6 1 0.8725 0.127499998
 M377 6 1 0.9680 0.032000005
 M378 6 1 0.4335 0.566500008
 M379 6 1 0.2335 0.766499996
 M380 6 1 1.0000 0.000000000
 M381 6 1 0.7840 0.216000021
 M382 6 1 0.5310 0.468999982
 M383 6 1 0.1840 0.816000000
 M384 6 1 0.1555 0.844500005
 M385 6 1 0.4230 0.576999992
 M386 6 1 0.0000 1.000000000
 M387 6 1 0.8415 0.158500016
 M388 6 1 0.1400 0.859999999
 M389 6 1 0.9050 0.095000029
 M390 6 1 0.9585 0.041499972
 M391 6 1 0.0680 0.931999996
 M392 6 1 0.3775 0.622500002
 M393 6 1 0.7525 0.247500002
 M394 6 1 0.4710 0.529000014
 M395 6 1 0.9700 0.029999971
 M396 6 1 0.1105 0.889500000
 M397 6 1 0.7875 0.212499976
 M398 6 1 0.6420 0.357999980
 M399 6 1 0.5010 0.499000013
 M400 6 1 0.0760 0.924000002
 M401 6 1 0.5360 0.463999987
 M402 6 1 0.8270 0.172999978
 M403 6 1 0.6065 0.393499970
 M404 6 1 0.2090 0.790999994
 M405 6 1 0.5510 0.449000001
 M406 6 1 0.1175 0.882500000
 M407 6 1 0.8670 0.133000016
 M408 6 1 0.4325 0.567499995
 M409 6 1 0.1945 0.805500001
 M410 6 1 0.4225 0.577499986
 M411 6 1 0.0610 0.938999999
 M412 6 1 0.0000 1.000000000
 M413 6 1 0.1105 0.889500000
 M414 6 1 0.5125 0.487500012
 M415 6 1 0.1150 0.884999998
 M416 6 1 0.5170 0.482999980
 M417 6 1 0.4885 0.511500001
 M418 6 1 0.1335 0.866500005
 M419 6 1 0.5470 0.453000009
 M420 6 1 0.7645 0.235499978
 M421 6 1 0.7900 0.209999979
 M422 6 1 0.6650 0.334999979
 M423 6 1 0.2240 0.775999993
 M424 6 1 0.6760 0.324000001
 M425 6 1 0.2480 0.752000004
 M426 6 1 0.5580 0.441999972
 M427 6 1 0.3680 0.631999999
 M428 6 1 0.8220 0.177999973
 M429 6 1 0.9395 0.060500026
 M430 6 1 0.4815 0.518500000
 M431 6 1 0.3515 0.648499995
 M432 6 1 0.9380 0.061999977
 M433 6 1 0.1750 0.825000003
 M434 6 1 0.7880 0.212000012
 M435 6 1 0.2160 0.783999994
 M436 6 1 0.4365 0.563499987
 M437 6 1 0.1620 0.838000000
 M438 6 1 0.1180 0.881999999
 M439 6 1 0.1270 0.872999996
 M440 6 1 0.6505 0.349500000
 M441 6 1 0.2980 0.701999992
 M442 6 1 0.6470 0.352999985
 M443 6 1 0.6570 0.342999995
 M444 6 1 0.7560 0.244000018
 M445 6 1 0.8460 0.153999984
 M446 6 1 0.8120 0.188000023
 M447 6 1 0.8615 0.138499975
 M448 6 1 0.4050 0.594999999
 M449 6 1 0.7980 0.202000022
 M450 6 1 0.5915 0.408500016
 M451 6 1 0.0730 0.927000001
 M452 6 1 0.4195 0.580500007
 M453 6 1 0.6965 0.303499997
 M454 6 1 0.6950 0.305000007
 M455 6 2 0.4100 0.590000004
 M456 6 2 0.5305 0.469500005
 M457 6 2 0.6765 0.323499978
 M458 6 2 0.7135 0.286499977
 M459 6 2 0.2550 0.745000005
 M460 6 2 0.4135 0.586499989
 M461 6 2 0.5490 0.450999975
 M462 6 2 0.1010 0.898999996
 M463 6 2 0.7020 0.297999978
 M464 6 2 0.5345 0.465499997
 M465 6 2 0.2360 0.763999999
 M466 6 2 0.1425 0.857500002
 M467 6 2 0.4830 0.516999990
 M468 6 2 0.3735 0.626500010
 M469 6 2 0.0700 0.930000000
 M470 6 2 0.1355 0.864500001
 M471 6 2 0.7020 0.297999978
 M472 6 2 0.0130 0.987000000
 M473 6 2 0.6905 0.309499979
 M474 6 2 0.0235 0.976500001
 M475 6 2 0.9285 0.071500003
 M476 6 2 0.7985 0.201499999
 M477 6 2 0.3105 0.689500004
 M478 6 2 0.8235 0.176500022
 M479 6 2 0.8535 0.146499991
 M480 6 2 0.2160 0.783999994
 M481 6 2 0.3070 0.692999989
 M482 6 2 0.8115 0.188499987
 M483 6 2 0.9090 0.091000021
 M484 6 2 0.7475 0.252499998
 M485 6 2 0.5835 0.416499972
 M486 6 2 0.4490 0.550999999
 M487 6 2 0.6355 0.364499986
 M488 6 2 0.4175 0.582500011
 M489 6 2 0.3840 0.615999997
 M490 6 2 0.0790 0.920999996
 M491 6 2 0.3955 0.604499996
 M492 6 2 0.9910 0.009000003
 M493 6 2 0.9890 0.010999978
 M494 6 2 0.5490 0.450999975
 M495 6 2 0.3425 0.657499999
 M496 6 2 0.0825 0.917499997
 M497 6 2 0.8980 0.101999998
 M498 6 2 0.9600 0.040000021
 M499 6 2 0.3905 0.609499991
 M500 6 2 0.6270 0.373000026
 M501 6 2 0.7855 0.214500010
 M502 6 2 0.5330 0.467000008
 M503 6 2 0.7705 0.229499996
 M504 6 2 0.6745 0.325500011
 M505 6 2 0.4960 0.504000008
 M506 6 2 0.4650 0.534999996
 M507 6 2 0.3180 0.682000011
 M508 6 2 0.2645 0.735500008
 M509 6 2 0.2700 0.729999989
 M510 6 2 0.9475 0.052500010
 M511 6 2 0.5730 0.426999986
 M512 6 2 0.8975 0.102500021
 M513 6 2 0.9430 0.056999981
 M514 6 2 0.8405 0.159500003
 M515 6 2 0.7525 0.247500002
 M516 6 2 0.2190 0.781000003
 M517 6 2 0.0850 0.914999999
 M518 6 2 0.6185 0.381500006
 M519 6 2 0.7830 0.217000008
 M520 6 2 0.7930 0.207000017
 M521 6 2 1.0000 0.000000000
 M522 6 2 0.2330 0.767000005
 M523 6 2 0.4405 0.559500009
 M524 6 2 0.6805 0.319500029
 M525 6 2 0.1445 0.855499998
 M526 6 2 0.6970 0.302999973
 M527 6 2 0.4795 0.520500004
 M528 6 2 0.2215 0.778500006
 M529 6 2 0.8830 0.116999984
 M530 6 2 0.8365 0.163500011
 M531 6 2 0.3035 0.696500003
 M532 6 2 0.4735 0.526499987
 M533 6 2 0.1740 0.826000005
 M534 6 2 0.2270 0.773000002
 M535 6 2 0.7520 0.248000026
 M536 6 2 0.2655 0.734499991
 M537 6 2 0.8535 0.146499991
 M538 6 2 0.5990 0.401000023
 M539 6 2 0.8980 0.101999998
 M540 6 2 0.1955 0.804499999
 M541 6 2 0.5465 0.453499973
 M542 6 2 0.1195 0.880500004
 M543 6 2 0.1990 0.800999999
 M544 6 2 0.3910 0.608999997
 M545 6 2 0.2830 0.717000008
 M546 6 2 0.1115 0.888499998
 M547 6 2 0.9030 0.097000003
 M548 6 2 0.7240 0.276000023
 M549 6 2 0.4650 0.534999996
 M550 6 2 0.6805 0.319500029
 M551 6 2 0.1275 0.872500002
 M552 6 2 0.1800 0.819999993
 M553 6 2 0.8025 0.197499990
 M554 6 2 0.3130 0.687000006
 M555 6 2 0.1135 0.886500001
 M556 6 2 0.3570 0.643000007
 M557 6 2 0.1305 0.869499996
 M558 6 2 0.3185 0.681499988
 M559 6 2 0.4315 0.568500012
 M560 6 2 0.7610 0.239000022
 M561 6 2 0.2145 0.785500005
 M562 6 2 0.6280 0.371999979
 M563 6 2 0.4060 0.594000012
 M564 6 2 0.3575 0.642500013
 M565 6 2 0.9140 0.086000025
 M566 6 2 0.8505 0.149500012
 M567 6 2 0.5305 0.469500005
 M568 6 2 0.2500 0.750000000
 M569 6 2 0.0425 0.957500000
 M570 6 2 0.7820 0.217999995
 M571 6 2 0.5345 0.465499997
 M572 6 2 0.0120 0.988000000
 M573 6 2 0.2730 0.726999998
 M574 6 2 0.5310 0.468999982
 M575 6 2 0.4460 0.553999990
 M576 6 2 0.2015 0.798500001
 M577 6 2 0.8505 0.149500012
 M578 6 2 0.3790 0.620999992
 M579 6 2 0.8625 0.137499988
 M580 6 2 0.9190 0.080999970
 M581 6 2 0.2645 0.735500008
 M582 6 2 0.5585 0.441500008
 M583 6 2 0.4330 0.567000002
 M584 6 2 0.1785 0.821500003
 M585 6 2 0.4575 0.542499989
 M586 6 2 0.8945 0.105499983
 M587 6 2 0.1480 0.851999998
 M588 6 2 0.3570 0.643000007
 M589 6 2 0.3980 0.601999998
 M590 6 2 0.4335 0.566500008
 M591 6 2 0.4690 0.530999988
 M592 6 2 0.4220 0.578000009
 M593 6 2 0.2750 0.724999994
 M594 6 2 0.1300 0.870000005
 M595 6 2 0.8570 0.143000007
 M596 6 2 0.3435 0.656500012
 M597 6 2 0.0625 0.937500000
 M598 6 2 0.7455 0.254499972
 M599 6 2 0.3375 0.662499994
 M600 6 2 0.6735 0.326499999
 M601 6 2 0.5420 0.458000004
 M602 6 2 0.4475 0.552500010
 M603 6 2 0.9270 0.073000014
 M604 6 2 0.2510 0.749000013
 M605 6 2 0.4775 0.522500008
 M606 6 2 0.6060 0.393999994
 M607 6 2 0.4965 0.503500015
 M608 6 2 0.5270 0.472999990
 M609 6 2 0.4585 0.541500002
 M610 6 2 0.7195 0.280499995
 M611 6 2 0.0645 0.935500003
 M612 6 2 0.6130 0.387000024
 M613 6 2 0.8685 0.131500006
 M614 6 2 0.8920 0.107999980
 M615 6 2 0.7185 0.281499982
 M616 6 2 0.5480 0.452000022
 M617 6 2 0.4600 0.539999992
 M618 6 2 0.5800 0.420000017
 M619 6 2 0.0000 1.000000000
 M620 6 2 0.7690 0.231000006
 M621 6 2 0.7805 0.219500005
 M622 6 2 0.5965 0.403500021
 M623 6 2 0.6975 0.302500010
 M624 6 2 0.5140 0.486000001
 M625 6 2 0.3145 0.685499996
 M626 6 2 0.6965 0.303499997
 M627 6 2 0.3080 0.692000002
 M628 6 2 0.9160 0.083999991
 M629 6 2 0.7320 0.268000007
 M630 6 2 0.5120 0.487999976
 M631 6 2 0.6270 0.373000026
 M632 6 2 0.8030 0.197000027
 M633 6 2 0.3300 0.669999987
 M634 6 2 0.7320 0.268000007
 M635 6 2 0.2445 0.755500004
 M636 6 2 0.4665 0.533499986
 M637 6 2 0.4955 0.504500002
 M638 6 2 0.2125 0.787499994
 M639 6 2 0.8705 0.129499972
 M640 6 2 0.9740 0.026000023
 M641 6 2 0.1540 0.846000001
 M642 6 2 0.7220 0.277999997
 M643 6 2 0.8230 0.176999986
 M644 6 2 0.2375 0.762500003
 M645 6 2 0.7090 0.291000009
 M646 6 2 0.7200 0.279999971
 M647 6 2 0.5780 0.421999991
 M648 6 2 0.4135 0.586499989
 M649 6 2 0.5965 0.403500021
 M650 6 2 0.0120 0.988000000
 M651 6 2 0.7160 0.283999979
 M652 6 2 0.1030 0.897000000
 M653 6 2 0.9645 0.035499990
 M654 6 2 0.7545 0.245500028
 M655 6 2 0.0310 0.969000001
 M656 6 2 0.1200 0.880000003
 M657 6 2 0.6335 0.366500020
 M658 6 2 0.2475 0.752499998
 M659 6 2 0.7825 0.217499971
 M660 6 2 0.4590 0.541000009
 M661 6 2 0.1450 0.855000004
 M662 6 2 0.6325 0.367500007
 M663 6 2 0.1210 0.879000001
 M664 6 2 0.8655 0.134500027
 M665 6 2 0.4720 0.527999997
 M666 6 2 0.1365 0.863499999
 M667 6 2 0.2580 0.742000014
 M668 6 2 0.4855 0.514499992
 M669 6 2 0.1440 0.856000006
 M670 6 2 0.6585 0.341499984
 M671 6 2 0.5915 0.408500016
 M672 6 2 0.3860 0.613999993
 M673 6 2 0.8555 0.144500017
 M674 6 2 0.9570 0.042999983
 M675 6 2 0.7105 0.289499998
 M676 6 2 0.6635 0.336499989
 M677 6 2 0.1685 0.831499994
 M678 6 2 0.8970 0.102999985
 M679 6 2 0.6915 0.308499992
 M680 6 2 0.7275 0.272499979
 M681 6 2 0.6415 0.358500004
 M682 6 2 0.0530 0.947000001
 M683 6 2 0.7545 0.245500028
 M684 6 2 0.0870 0.913000003
 M685 6 2 0.3200 0.680000007
 M686 6 2 0.3135 0.686500013
 M687 6 2 0.3265 0.673500001
 M688 6 2 0.3725 0.627499998
 M689 6 2 0.5930 0.407000005
 M690 6 2 0.7990 0.200999975
 M691 6 2 0.1250 0.875000000
 M692 6 2 0.1765 0.823500007
 M693 6 2 0.1845 0.815500006
 M694 6 2 0.7040 0.296000004
 M695 6 2 0.7135 0.286499977
 M696 6 2 0.1295 0.870499998
 M697 6 2 0.3270 0.673000008
 M698 6 2 0.2200 0.780000001
 M699 6 2 0.6460 0.353999972
 M700 6 2 0.3125 0.687500000
 M701 6 2 0.5395 0.460500002
 M702 6 2 0.7780 0.222000003
 M703 6 2 0.4225 0.577499986
 M704 6 2 0.5960 0.403999984
 M705 6 2 0.8875 0.112500012
 M706 6 2 0.4910 0.509000003
 M707 6 2 0.4625 0.537499994
 M708 6 2 0.2300 0.769999996
 M709 6 2 0.7895 0.210500002
 M710 6 2 0.9950 0.004999995
 M711 6 2 0.2575 0.742500007
 M712 6 2 0.4320 0.567999989
 M713 6 2 0.3820 0.618000001
 M714 6 2 0.5435 0.456499994
 M715 6 2 0.7475 0.252499998
 M716 6 2 0.5180 0.481999993
 M717 6 2 0.8555 0.144500017
 M718 6 2 0.8670 0.133000016
 M719 6 2 0.0695 0.930500001
 M720 6 2 0.1425 0.857500002
 M721 6 2 0.7050 0.295000017
 M722 6 2 0.8625 0.137499988
 M723 6 2 0.5045 0.495500028
 M724 6 2 0.6655 0.334500015
 M725 6 2 0.0445 0.955499999
 M726 6 2 0.9690 0.031000018
 M727 6 2 0.1340 0.865999997
 M728 6 2 0.3250 0.675000012
 M729 6 2 0.8060 0.194000006
 M730 6 2 0.5865 0.413500011
 M731 6 2 0.7470 0.253000021
 M732 6 2 0.5605 0.439499974
 M733 6 2 0.7690 0.231000006
 M734 6 2 0.0795 0.920500003
 M735 6 2 0.5815 0.418500006
 M736 6 2 0.3540 0.645999998
 M737 6 2 0.4505 0.549499989
 M738 6 2 0.9260 0.074000001
 M739 6 2 0.2540 0.745999992
 M740 6 2 0.6700 0.329999983
 M741 6 2 0.1245 0.875500001
 M742 6 2 0.9060 0.093999982
 M743 6 2 0.2480 0.752000004
 M744 6 2 0.4035 0.596500009
 M745 6 2 0.7060 0.294000030
 M746 6 2 0.3990 0.601000011
 M747 6 2 0.3850 0.615000010
 M748 6 2 0.7815 0.218500018
 M749 6 2 0.7800 0.220000029
 M750 6 2 0.3430 0.657000005
 M751 6 2 0.9185 0.081499994
 M752 6 2 0.5585 0.441500008
 M753 6 2 0.0355 0.964499999
 M754 6 2 0.3325 0.667499989
 M755 6 2 0.6595 0.340499997
 M756 6 2 0.1690 0.831000000
 M757 6 2 0.8020 0.198000014
 M758 6 2 0.6850 0.314999998
 M759 6 2 0.2040 0.796000004
 M760 6 2 0.3345 0.665499985
 M761 6 2 0.9120 0.088000000
 M762 6 2 0.1780 0.821999997
 M763 6 2 0.3775 0.622500002
 M764 6 2 0.5050 0.495000005
 M765 6 2 0.7730 0.226999998
 M766 6 2 0.6650 0.334999979
 M767 6 2 0.6655 0.334500015
 M768 6 2 0.6880 0.311999977
 M769 6 2 0.9660 0.033999979
 M770 6 2 0.8985 0.101499975
 M771 6 2 0.1330 0.866999999
 M772 6 2 0.1140 0.886000000
 M773 6 2 0.5305 0.469500005
 M774 6 2 0.7030 0.296999991
 M775 6 2 0.9595 0.040499985
 M776 6 2 0.9535 0.046500027
 M777 6 2 0.8325 0.167500019
 M778 6 2 0.1145 0.885499999
 M779 6 2 0.1500 0.849999994
 M780 6 2 0.9380 0.061999977
 M781 6 2 0.2530 0.747000009
 M782 6 2 0.7500 0.250000000
 M783 6 2 0.4730 0.527000010
 M784 6 2 0.7125 0.287500024
 M785 6 2 0.6035 0.396499991
 M786 6 2 0.8250 0.175000012
 M787 6 2 0.2580 0.742000014
 M788 6 2 0.5680 0.431999981
 M789 6 2 0.1140 0.886000000
 M790 6 2 0.7055 0.294499993
 M791 6 2 0.0615 0.938499998
 M792 6 2 0.6315 0.368499994
 M793 6 2 0.1580 0.841999993
 M794 6 2 0.2550 0.745000005
 M795 6 2 0.6260 0.374000013
 M796 6 2 0.5415 0.458500028
 M797 6 2 0.6385 0.361500025
 M798 6 2 0.7900 0.209999979
 M799 6 2 0.1310 0.869000003
 M800 6 2 0.5495 0.450500011
 M801 6 2 0.1535 0.846499994
 M802 6 2 0.3945 0.605500013
 M803 6 2 0.2405 0.759499997
 M804 6 2 0.3775 0.622500002
 M805 6 2 0.6190 0.380999982
 M806 6 2 0.5505 0.449500024
 M807 6 2 0.7760 0.223999977
 M808 6 2 0.0905 0.909500003
 M809 6 2 0.8155 0.184499979
 M810 6 2 0.9170 0.083000004
 M811 6 2 0.9785 0.021499991
 M812 6 2 0.4860 0.513999999
 M813 6 2 0.5365 0.463500023
 M814 6 2 0.3415 0.658499986
 M815 6 2 0.3865 0.613499999
 M816 6 2 0.5565 0.443499982
 M817 6 2 0.3205 0.679500014
 M818 6 2 0.4675 0.532499999
 M819 6 2 0.8445 0.155499995
 M820 6 2 0.6810 0.319000006
 M821 6 2 0.1975 0.802499995
 M822 6 2 0.1540 0.846000001
 M823 6 2 0.1785 0.821500003
 M824 6 2 0.9585 0.041499972
 M825 6 2 0.3485 0.651499987
 M826 6 2 0.2790 0.720999986
 M827 6 2 0.3910 0.608999997
 M828 6 2 0.3575 0.642500013
 M829 6 2 0.7325 0.267499983
 M830 6 2 0.3715 0.628500015
 M831 6 2 0.1305 0.869499996
 M832 6 2 0.1595 0.840499997
 M833 6 2 0.3460 0.654000014
 M834 6 2 0.0595 0.940499999
 M835 6 2 0.8105 0.189499974
 M836 6 2 0.2365 0.763500005
 M837 6 2 0.0490 0.951000001
 M838 6 2 0.0960 0.903999999
 M839 6 2 0.1375 0.862499997
 M840 6 2 0.2855 0.714500010
 M841 6 2 0.1300 0.870000005
 M842 6 2 0.8460 0.153999984
 M843 6 2 0.9490 0.050999999
 M844 6 2 0.2090 0.790999994
 M845 6 2 0.9645 0.035499990
 M846 6 2 0.7335 0.266499996
 M847 6 2 0.1380 0.862000003
 M848 6 2 0.3145 0.685499996
 M849 6 2 0.2130 0.787000000
 M850 6 2 0.8325 0.167500019
 M851 6 2 0.7810 0.218999982
 M852 6 2 0.0365 0.963500001
 M853 6 2 0.0495 0.950500000
 M854 6 2 0.6555 0.344500005
 M855 6 2 0.3250 0.675000012
 M856 6 2 0.7235 0.276499987
 M857 6 2 0.3340 0.666000009
 M858 6 2 0.7645 0.235499978
 M859 6 2 0.7190 0.281000018
 M860 6 2 0.9805 0.019500017
 M861 6 2 0.3615 0.638500005
 M862 6 2 0.8470 0.152999997
 M863 6 2 0.9545 0.045499980
 M864 6 2 0.1425 0.857500002
 M865 6 2 0.0425 0.957500000
 M866 6 2 0.8290 0.171000004
 M867 6 2 0.4040 0.595999986
 M868 6 2 0.2425 0.757499993
 M869 6 2 0.6930 0.306999981
 M870 6 2 0.5120 0.487999976
 M871 6 2 0.2095 0.790500000
 M872 6 2 0.9430 0.056999981
 M873 6 2 0.2445 0.755500004
 M874 6 2 0.4020 0.597999990
 M875 6 2 0.0875 0.912500001
 M876 6 2 0.4110 0.588999987
 M877 6 2 0.2625 0.737500012
 M878 6 2 0.2345 0.765499994
 M879 6 2 0.6910 0.309000015
 M880 6 2 0.3240 0.675999999
 M881 6 2 0.8100 0.189999998
 M882 6 2 0.5370 0.463000000
 M883 6 2 0.4855 0.514499992
 M884 6 2 0.7150 0.285000026
 M885 6 2 0.3665 0.633500010
 M886 6 2 0.7930 0.207000017
 M887 6 2 0.4140 0.585999995
 M888 6 2 0.4690 0.530999988
 M889 6 2 0.4990 0.500999987
 M890 6 2 0.3705 0.629500002
 M891 6 2 0.8425 0.157500029
 M892 6 2 0.3370 0.662999988
 M893 6 2 0.2325 0.767499998
 M894 6 2 0.3160 0.683999985
 M895 6 2 0.4600 0.539999992
 M896 6 2 0.2125 0.787499994
 M897 6 2 0.2690 0.731000006
 M898 6 2 0.8940 0.106000006
 M899 6 2 0.4495 0.550500005
 M900 6 2 0.4755 0.524500012
 M901 6 2 0.2460 0.753999993
 M902 6 2 0.8235 0.176500022
 M903 6 2 0.5230 0.476999998
 M904 6 2 0.4340 0.566000015
 M905 6 2 0.7120 0.287999988
 M906 6 2 0.9235 0.076499999
 M907 6 2 0.4500 0.550000012
 M908 6 2 0.5045 0.495500028
 M909 6 2 0.4630 0.537000000
 M910 6 2 0.9685 0.031499982
 M911 6 2 0.4260 0.574000001
 M912 6 2 0.5600 0.439999998
 M913 6 2 0.7530 0.246999979
 M914 6 2 0.8090 0.190999985
 M915 6 2 0.8450 0.154999971
 M916 6 2 0.0670 0.932999998
 M917 6 2 0.2690 0.731000006
 M918 6 2 0.2005 0.799500003
 M919 6 2 0.1790 0.820999995
 M920 6 2 0.1090 0.891000003
 M921 6 2 0.7720 0.227999985
 M922 6 2 0.8505 0.149500012
 M923 6 2 0.3645 0.635500014
 M924 6 2 0.1495 0.850500003
 M925 6 2 0.4900 0.509999990
 M926 6 2 0.7670 0.232999980
 M927 6 2 0.0640 0.935999997
 M928 6 2 0.1785 0.821500003
 M929 6 2 0.3830 0.617000014
 M930 6 2 0.7385 0.261500001
 M931 6 2 0.6630 0.337000012
 M932 6 2 0.5235 0.476499975
 M933 6 2 0.4975 0.502499998
 M934 6 2 0.3630 0.636999995
 M935 6 2 0.8760 0.124000013
 M936 6 2 0.4250 0.574999988
 M937 6 2 0.3390 0.661000013
 M938 6 2 0.8765 0.123499990
 M939 6 2 0.2395 0.760499999
 M940 6 2 0.8405 0.159500003
 M941 6 2 0.2920 0.708000004
 M942 6 2 0.7765 0.223500013
 M943 6 2 0.4620 0.537999988
 M944 6 2 0.3560 0.643999994
 M945 6 2 0.4285 0.571500003
 M946 6 2 0.7030 0.296999991
 M947 6 2 0.0755 0.924500003
 M948 6 2 0.2565 0.743499994
 M949 6 2 0.8900 0.110000014
 M950 6 2 0.1300 0.870000005
 M951 6 2 0.2440 0.755999997
 M952 6 2 0.2450 0.754999995
 M953 6 2 0.5605 0.439499974
 M954 6 2 0.4820 0.518000007
 M955 6 2 0.8735 0.126500010
 M956 6 2 0.7430 0.257000029
 M957 6 2 0.1400 0.859999999
 M958 6 2 0.8320 0.167999983
 M959 6 2 0.1670 0.833000004
 M960 6 2 0.9080 0.092000008
 M961 6 2 0.2235 0.776500002
 M962 6 2 0.8355 0.164499998
 M963 6 2 0.1795 0.820500001
 M964 6 2 0.2180 0.782000005
 M965 6 2 0.0975 0.902500004
 M966 6 2 0.1715 0.828500003
 M967 6 2 0.5300 0.470000029
 M968 6 2 0.7340 0.265999973
 M969 6 2 0.4210 0.578999996
 M970 6 2 0.2060 0.794000000
 M971 6 2 0.1555 0.844500005
 M972 6 2 0.5815 0.418500006
 M973 6 2 0.6515 0.348500013
 M974 6 2 0.6525 0.347500026
 M975 6 2 0.6485 0.351499975
 M976 6 2 0.3610 0.638999999
 M977 6 2 0.4200 0.580000013
 M978 6 2 0.3425 0.657499999
 M979 6 2 0.6275 0.372500002
 M980 6 2 0.0440 0.956000000
 M981 6 2 0.0440 0.956000000
 M982 6 2 0.4315 0.568500012
 M983 6 2 0.6575 0.342499971
 M984 6 2 0.6660 0.333999991
 M985 6 2 0.0400 0.960000001
 M986 6 2 0.7815 0.218500018
 M987 6 2 0.7095 0.290499985
 M988 6 2 0.2820 0.717999995
 M989 6 2 0.2535 0.746499985
 M990 6 2 0.9680 0.032000005
 M991 6 2 0.9650 0.035000026
 M992 6 2 0.6900 0.310000002
 M993 6 2 0.0505 0.949499998
 M994 6 2 0.3495 0.650500000
 M995 6 2 0.4925 0.507499993
 M996 6 2 0.7745 0.225499988
 M997 6 2 0.4075 0.592500001
 M998 6 2 0.0465 0.953499999
 M999 6 2 0.5535 0.446500003
M1000 6 2 0.5710 0.429000020
M1001 6 2 0.8195 0.180499971
M1002 6 2 0.2840 0.715999991
M1003 6 2 0.7220 0.277999997
M1004 6 2 0.9190 0.080999970
M1005 6 2 0.0570 0.943000000
M1006 6 2 0.7110 0.288999975
M1007 6 2 0.8160 0.184000015
M1008 6 2 0.2260 0.774000004
M1009 6 2 0.7750 0.225000024
M1010 6 2 0.7225 0.277499974
M1011 6 2 0.8580 0.142000020
M1012 6 2 0.5390 0.461000025
M1013 6 2 0.4720 0.527999997
M1014 6 2 0.8480 0.152000010
M1015 6 2 0.7195 0.280499995
M1016 6 2 0.3530 0.647000015
M1017 6 2 0.5915 0.408500016
M1018 6 2 0.3655 0.634499997
M1019 6 2 0.6120 0.388000011
M1020 6 2 0.7685 0.231500030
M1021 6 2 0.7500 0.250000000
M1022 6 2 0.5280 0.472000003
M1023 6 2 0.0375 0.962499999
M1024 6 2 0.3615 0.638500005
M1025 6 2 0.6550 0.345000029
M1026 6 2 0.4665 0.533499986
M1027 6 2 0.3165 0.683499992
M1028 6 2 0.9530 0.046999991
M1029 6 2 0.3015 0.698500007
M1030 6 2 0.4265 0.573500007
M1031 6 2 0.8115 0.188499987
M1032 6 2 0.8940 0.106000006
M1033 6 2 0.1715 0.828500003
M1034 6 2 0.2290 0.770999998
M1035 6 2 0.5950 0.404999971
M1036 6 2 0.4455 0.554500014
M1037 6 2 0.4400 0.560000002
M1038 6 2 0.0360 0.964000002
M1039 6 2 0.7965 0.203499973
M1040 6 2 0.6355 0.364499986
M1041 6 2 0.6050 0.394999981
M1042 6 2 0.7200 0.279999971
M1043 6 2 0.2850 0.715000004
M1044 6 2 0.2200 0.780000001
M1045 6 2 0.3525 0.647500008
M1046 6 2 0.6510 0.348999977
M1047 6 2 0.5835 0.416499972
M1048 6 2 0.8200 0.180000007
M1049 6 2 0.1425 0.857500002
M1050 6 2 0.0680 0.931999996
M1051 6 2 0.6330 0.366999984
M1052 6 2 0.4900 0.509999990
M1053 6 2 0.9385 0.061500013
M1054 6 2 0.7685 0.231500030
M1055 6 2 0.3260 0.673999995
M1056 6 2 0.6890 0.310999990
M1057 6 2 0.7505 0.249499977
M1058 6 2 0.8350 0.165000021
M1059 6 2 0.1010 0.898999996
M1060 6 2 0.4970 0.502999991
M1061 6 2 0.7065 0.293500006
M1062 6 2 0.1510 0.849000007
M1063 6 2 0.2155 0.784500003
M1064 6 2 0.5325 0.467499971
M1065 6 2 0.2485 0.751499996
M1066 6 2 0.6845 0.315500021
M1067 6 2 0.3975 0.602499992
M1068 6 2 0.5240 0.476000011
M1069 6 2 0.3700 0.629999995
M1070 6 2 0.5315 0.468500018
M1071 6 2 0.3890 0.611000001
M1072 6 2 0.5285 0.471499979
M1073 6 2 0.4325 0.567499995
M1074 6 2 0.2820 0.717999995
M1075 6 2 0.4120 0.588000000
M1076 6 2 0.7650 0.235000014
M1077 6 2 0.6180 0.382000029
M1078 6 2 0.5610 0.439000010
M1079 6 2 0.8910 0.109000027
M1080 6 2 0.4265 0.573500007
M1081 6 2 0.4000 0.599999994
M1082 6 2 0.4155 0.584500015
M1083 6 2 0.1665 0.833499998
M1084 6 2 0.3765 0.623499990
M1085 6 2 0.6130 0.387000024
M1086 6 2 0.6645 0.335500002
M1087 6 2 0.8180 0.181999981
M1088 6 2 0.8865 0.113499999
M1089 6 2 0.4470 0.553000003
M1090 6 2 0.9640 0.036000013
M1091 6 2 0.6560 0.343999982
M1092 6 2 0.7240 0.276000023
M1093 6 2 0.7065 0.293500006
M1094 6 2 0.4980 0.502000004
M1095 6 2 0.7070 0.292999983
M1096 6 2 0.2165 0.783500001
M1097 6 2 0.8740 0.125999987
M1098 6 2 0.7890 0.211000025
M1099 6 2 0.5180 0.481999993
M1100 6 2 0.7715 0.228500009
M1101 6 2 0.3655 0.634499997
M1102 6 2 0.9615 0.038500011
M1103 6 2 0.7220 0.277999997
M1104 6 2 0.1120 0.887999997
M1105 6 2 0.8115 0.188499987
M1106 6 2 0.3865 0.613499999
M1107 6 2 0.1990 0.800999999
M1108 6 2 0.2125 0.787499994
M1109 6 2 0.9070 0.092999995
M1110 6 2 0.5955 0.404500008
M1111 6 2 0.4870 0.513000011
M1112 6 2 0.4535 0.546499997
M1113 6 2 0.7030 0.296999991
M1114 6 2 0.3715 0.628500015
M1115 6 2 0.7370 0.263000011
M1116 6 2 0.5790 0.421000004
M1117 6 2 0.0605 0.939500000
M1118 6 2 0.6425 0.357500017
M1119 6 2 0.6920 0.308000028
M1120 6 2 0.1595 0.840499997
M1121 6 2 0.8480 0.152000010
M1122 6 2 0.2085 0.791500002
M1123 6 2 0.6545 0.345499992
M1124 6 2 0.4420 0.557999998
M1125 6 2 0.3830 0.617000014
M1126 6 2 0.0510 0.949000001
M1127 6 2 0.1045 0.895499997
M1128 6 2 0.6080 0.392000020
M1129 6 2 0.3780 0.622000009
M1130 6 2 0.4905 0.509499997
M1131 6 2 0.6230 0.376999974
M1132 6 2 0.6880 0.311999977
M1133 6 2 0.6260 0.374000013
M1134 6 2 0.8800 0.120000005
M1135 6 2 0.2875 0.712500006
M1136 6 2 0.9295 0.070500016
M1137 6 2 0.0840 0.916000001
M1138 6 2 0.6140 0.385999978
M1139 6 2 0.4155 0.584500015
M1140 6 2 0.5485 0.451499999
M1141 6 2 0.2335 0.766499996
M1142 6 2 0.5385 0.461499989
M1143 6 2 0.6405 0.359499991
M1144 6 2 0.3980 0.601999998
M1145 6 2 0.3765 0.623499990
M1146 6 2 0.8275 0.172500014
M1147 6 2 0.2225 0.777500004
M1148 6 2 0.1520 0.848000005
M1149 6 2 0.1395 0.860499993
M1150 6 2 0.2025 0.797499999
M1151 6 2 0.5105 0.489499986
M1152 6 2 0.2330 0.767000005
M1153 6 2 0.1965 0.803499997
M1154 6 2 0.0035 0.996500000
M1155 6 2 0.3525 0.647500008
M1156 6 2 0.5070 0.492999971
M1157 6 2 0.7520 0.248000026
M1158 6 2 0.2635 0.736499995
M1159 6 2 0.2275 0.772499993
M1160 6 2 0.9740 0.026000023
M1161 6 2 0.1765 0.823500007
M1162 6 2 0.7615 0.238499999
M1163 6 2 0.1520 0.848000005
M1164 6 2 0.5815 0.418500006
M1165 6 2 0.5435 0.456499994
M1166 6 2 0.2540 0.745999992
M1167 6 2 0.4495 0.550500005
M1168 6 2 0.0460 0.954000000
M1169 6 2 0.5660 0.434000015
M1170 6 2 0.4975 0.502499998
M1171 6 2 0.2175 0.782499999
M1172 6 2 0.3260 0.673999995
M1173 6 2 0.7255 0.274500012
M1174 6 2 0.5395 0.460500002
M1175 6 2 0.4620 0.537999988
M1176 6 2 0.1075 0.892499998
M1177 6 2 0.5290 0.471000016
M1178 6 2 0.1460 0.854000002
M1179 6 2 0.5715 0.428499997
M1180 6 2 0.6840 0.315999985
M1181 6 2 0.9895 0.010500014
M1182 6 2 0.0130 0.987000000
M1183 6 2 0.3155 0.684500009
M1184 6 2 0.0800 0.920000002
M1185 6 2 0.8035 0.196500003
M1186 6 2 0.7575 0.242500007
M1187 6 2 0.5225 0.477500021
M1188 6 2 0.7815 0.218500018
M1189 6 2 0.2495 0.750499994
M1190 6 2 0.9070 0.092999995
M1191 6 2 0.6585 0.341499984
M1192 6 2 0.9070 0.092999995
M1193 6 2 0.3130 0.687000006
M1194 6 2 0.8590 0.140999973
M1195 6 2 0.5080 0.491999984
M1196 6 2 0.1845 0.815500006
M1197 6 2 0.6060 0.393999994
M1198 6 2 0.0325 0.967500001
M1199 6 2 0.0280 0.971999999
M1200 6 2 0.1630 0.836999997
M1201 6 2 0.3080 0.692000002
M1202 6 2 0.6875 0.312500000
M1203 6 2 0.3050 0.694999993
M1204 6 2 0.3780 0.622000009
M1205 6 2 0.8275 0.172500014
M1206 6 2 0.6975 0.302500010
M1207 6 2 0.1795 0.820500001
M1208 6 2 0.8720 0.128000021
M1209 6 2 0.0420 0.958000001
M1210 6 2 0.6110 0.388999999
M1211 6 2 0.8720 0.128000021
M1212 6 2 0.3905 0.609499991
M1213 6 2 0.9410 0.059000015
M1214 6 2 0.1540 0.846000001
M1215 6 2 0.1040 0.895999998
M1216 6 2 0.3935 0.606500000
M1217 6 2 0.9700 0.029999971
M1218 6 2 0.0975 0.902500004
M1219 6 2 0.6190 0.380999982
M1220 6 2 0.4655 0.534500003
M1221 6 2 0.3450 0.655000001
M1222 6 2 0.1550 0.844999999
M1223 6 2 0.2260 0.774000004
M1224 6 2 0.2470 0.753000006
M1225 6 2 0.3665 0.633500010
M1226 6 2 0.8695 0.130500019
M1227 6 2 0.9295 0.070500016
M1228 6 2 0.2105 0.789499998
M1229 6 2 0.9880 0.012000024
M1230 6 2 0.6785 0.321500003
M1231 6 2 0.8015 0.198499978
M1232 6 2 0.9030 0.097000003
M1233 6 2 0.8070 0.193000019
M1234 6 2 0.3330 0.666999996
M1235 6 2 0.5620 0.438000023
M1236 6 2 0.9730 0.027000010
M1237 6 2 0.5130 0.486999989
M1238 6 2 0.4085 0.591500014
M1239 6 2 0.0525 0.947500002
M1240 6 2 0.4325 0.567499995
M1241 6 2 0.1580 0.841999993
M1242 6 2 0.9775 0.022499979
M1243 6 2 0.6295 0.370500028
M1244 6 2 0.6265 0.373499990
M1245 6 2 0.2055 0.794499993
M1246 6 2 0.2575 0.742500007
M1247 6 2 0.9735 0.026499987
M1248 6 2 0.3655 0.634499997
M1249 6 2 0.7230 0.277000010
M1250 6 2 0.2880 0.712000012
M1251 6 2 0.9430 0.056999981
M1252 6 2 0.9275 0.072499990
M1253 6 2 0.6585 0.341499984
M1254 6 2 0.4260 0.574000001
M1255 6 2 0.5770 0.422999978
M1256 6 2 0.6280 0.371999979
M1257 6 2 0.0955 0.904500000
M1258 6 2 0.2120 0.788000003
M1259 6 2 0.8970 0.102999985
M1260 6 2 0.9160 0.083999991
M1261 6 2 0.8625 0.137499988
M1262 6 2 0.8925 0.107500017
M1263 6 2 0.7560 0.244000018
M1264 6 2 0.7960 0.203999996
M1265 6 2 0.6100 0.389999986
M1266 6 2 0.2970 0.703000009
M1267 6 2 0.7640 0.236000001
M1268 6 2 0.4760 0.523999989
M1269 6 2 0.5955 0.404500008
M1270 6 2 0.8990 0.101000011
M1271 6 2 0.9375 0.062500000
M1272 6 2 0.4240 0.576000005
M1273 6 2 0.1765 0.823500007
M1274 6 2 0.3825 0.617500007
M1275 6 2 0.9095 0.090499997
M1276 6 2 0.5630 0.436999977
M1277 6 2 0.2635 0.736499995
M1278 6 2 0.5585 0.441500008
M1279 6 2 0.2350 0.765000001
M1280 6 2 0.6045 0.395500004
M1281 6 2 0.2885 0.711499989
M1282 6 2 0.8060 0.194000006
M1283 6 2 0.0345 0.965500001
M1284 6 2 0.4065 0.593499988
M1285 6 2 0.1455 0.854499996
M1286 6 2 0.4645 0.535499990
M1287 6 2 0.6715 0.328499973
M1288 6 2 0.8190 0.180999994
M1289 6 2 0.4100 0.590000004
M1290 6 2 0.6345 0.365499973
M1291 6 2 0.6615 0.338500023
M1292 6 2 0.8905 0.109499991
M1293 6 2 0.1230 0.876999997
M1294 6 2 0.2905 0.709500015
M1295 6 2 0.7540 0.245999992
M1296 6 2 0.2310 0.768999994
M1297 6 2 0.6015 0.398500025
M1298 6 2 0.3920 0.608000010
M1299 6 2 0.8920 0.107999980
M1300 6 2 0.4385 0.561500013
M1301 6 2 0.0440 0.956000000
M1302 6 2 0.7655 0.234499991
M1303 6 2 0.8205 0.179499984
M1304 6 2 0.6795 0.320500016
M1305 6 2 0.1420 0.857999995
M1306 6 2 0.2695 0.730500013
M1307 6 2 0.4305 0.569499999
M1308 6 2 0.7075 0.292500019
M1309 6 2 0.6630 0.337000012
M1310 6 2 0.4005 0.599500000
M1311 6 2 0.5895 0.410499990
M1312 6 2 0.8645 0.135500014
M1313 6 2 0.4270 0.573000014
M1314 6 2 0.0645 0.935500003
M1315 6 2 0.8680 0.132000029
M1316 6 2 0.9000 0.100000024
M1317 6 2 0.1700 0.829999998
M1318 6 2 0.4425 0.557500005
M1319 6 2 0.6820 0.318000019
M1320 6 2 0.1690 0.831000000
M1321 6 2 0.3115 0.688499987
M1322 6 2 0.6865 0.313499987
M1323 6 2 0.2515 0.748499990
M1324 6 2 0.9910 0.009000003
M1325 6 2 0.9925 0.007499993
M1326 6 2 0.6345 0.365499973
M1327 6 2 0.8110 0.189000010
M1328 6 2 0.2205 0.779499993
M1329 6 2 0.8750 0.125000000
M1330 6 2 0.8090 0.190999985
M1331 6 2 0.4800 0.520000011
M1332 6 2 0.3000 0.699999988
M1333 6 2 0.7865 0.213500023
M1334 6 2 0.6535 0.346499979
M1335 6 2 0.6660 0.333999991
M1336 6 2 0.6500 0.350000024
M1337 6 2 0.5795 0.420499980
M1338 6 2 0.6375 0.362500012
M1339 6 2 0.2575 0.742500007
M1340 6 2 0.6990 0.300999999
M1341 6 2 0.2780 0.722000003
M1342 6 2 0.0095 0.990500000
M1343 6 2 0.0595 0.940499999
M1344 6 2 0.2280 0.772000000
M1345 6 2 0.4090 0.590999991
M1346 6 2 0.0640 0.935999997
M1347 6 2 0.8330 0.166999996
M1348 6 2 0.9830 0.017000020
M1349 6 2 0.7875 0.212499976
M1350 6 2 0.0175 0.982500000
M1351 6 3 0.0215 0.978499999
M1352 6 3 0.3260 0.673999995
M1353 6 3 0.5930 0.407000005
M1354 6 3 0.4915 0.508500010
M1355 6 3 0.1400 0.859999999
M1356 6 3 0.4245 0.575500011
M1357 6 3 0.3255 0.674499989
M1358 6 3 0.7940 0.205999970
M1359 6 3 0.6370 0.362999976
M1360 6 3 0.2875 0.712500006
M1361 6 3 0.6565 0.343500018
M1362 6 3 0.6220 0.378000021
M1363 6 3 0.0340 0.965999998
M1364 6 3 0.5460 0.453999996
M1365 6 3 0.8390 0.161000013
M1366 6 3 0.4745 0.525500000
M1367 6 3 0.0925 0.907499999
M1368 6 3 0.4765 0.523499995
M1369 6 3 0.1220 0.877999999
M1370 6 3 0.1105 0.889500000
M1371 6 3 0.4275 0.572499990
M1372 6 3 0.6380 0.361999989
M1373 6 3 0.1485 0.851500005
M1374 6 3 0.4230 0.576999992
M1375 6 3 0.1820 0.818000004
M1376 6 3 0.5195 0.480499983
M1377 6 3 0.8670 0.133000016
M1378 6 3 0.3600 0.639999986
M1379 6 3 0.2365 0.763500005
M1380 6 3 0.8210 0.179000020
M1381 6 3 0.6195 0.380500019
M1382 6 3 0.5050 0.495000005
M1383 6 3 0.1550 0.844999999
M1384 6 3 0.2825 0.717500001
M1385 6 3 0.4595 0.540499985
M1386 6 3 0.3455 0.654500008
M1387 6 3 0.6255 0.374499977
M1388 6 3 0.3895 0.610500008
M1389 6 3 0.9755 0.024500012
M1390 6 3 0.6175 0.382499993
M1391 6 3 0.4375 0.562500000
M1392 6 3 0.6765 0.323499978
M1393 6 3 0.2195 0.780499995
M1394 6 3 0.6560 0.343999982
M1395 6 3 0.6595 0.340499997
M1396 6 3 0.5470 0.453000009
M1397 6 3 0.9240 0.075999975
M1398 6 3 0.6680 0.332000017
M1399 6 3 0.2635 0.736499995
M1400 6 3 0.7770 0.222999990
M1401 6 3 0.7110 0.288999975
M1402 6 3 0.4130 0.587000012
M1403 6 3 0.3000 0.699999988
M1404 6 3 0.5235 0.476499975
M1405 6 3 0.5315 0.468500018
M1406 6 3 0.3330 0.666999996
M1407 6 3 0.4490 0.550999999
M1408 6 3 0.6270 0.373000026
M1409 6 3 0.0050 0.995000000
M1410 6 3 0.8330 0.166999996
M1411 6 3 0.4545 0.545500010
M1412 6 3 0.2385 0.761500001
M1413 6 3 0.4105 0.589500010
M1414 6 3 0.8880 0.111999989
M1415 6 3 0.1790 0.820999995
M1416 6 3 0.7245 0.275500000
M1417 6 3 0.5240 0.476000011
M1418 6 3 0.4955 0.504500002
M1419 6 3 0.1310 0.869000003
M1420 6 3 0.6775 0.322499990
M1421 6 3 0.2375 0.762500003
M1422 6 3 0.4910 0.509000003
M1423 6 3 0.5660 0.434000015
M1424 6 3 0.7925 0.207499981
M1425 6 3 0.6940 0.305999994
M1426 6 3 0.6200 0.379999995
M1427 6 3 0.9200 0.079999983
M1428 6 3 0.4655 0.534500003
M1429 6 3 0.0815 0.918499999
M1430 6 3 0.6115 0.388499975
M1431 6 3 0.7455 0.254499972
M1432 6 3 0.3655 0.634499997
M1433 6 3 0.9785 0.021499991
M1434 6 3 0.1295 0.870499998
M1435 6 3 0.2100 0.790000007
M1436 6 3 0.6855 0.314499974
M1437 6 3 0.7580 0.241999984
M1438 6 3 0.1810 0.819000006
M1439 6 3 0.2615 0.738499999
M1440 6 3 0.6230 0.376999974
M1441 6 3 0.7160 0.283999979
M1442 6 3 0.5550 0.444999993
M1443 6 3 0.1835 0.816499993
M1444 6 3 0.5915 0.408500016
M1445 6 3 0.7315 0.268499970
M1446 6 3 0.7300 0.269999981
M1447 6 3 0.5415 0.458500028
M1448 6 3 0.6395 0.360499978
M1449 6 3 0.1010 0.898999996
M1450 6 3 0.5160 0.484000027
M1451 6 3 0.1810 0.819000006
M1452 6 3 0.8460 0.153999984
M1453 6 3 0.5055 0.494499981
M1454 6 3 0.0325 0.967500001
M1455 6 3 0.2925 0.707500011
M1456 6 3 0.7765 0.223500013
M1457 6 3 0.1195 0.880500004
M1458 6 3 0.1865 0.813500002
M1459 6 3 0.1905 0.809499994
M1460 6 3 0.4690 0.530999988
M1461 6 3 0.8555 0.144500017
M1462 6 3 0.6205 0.379499972
M1463 6 3 0.1705 0.829500005
M1464 6 3 0.7145 0.285499990
M1465 6 3 0.9180 0.082000017
M1466 6 3 0.6895 0.310500026
M1467 6 3 0.8630 0.137000024
M1468 6 3 0.5250 0.475000024
M1469 6 3 0.2315 0.768500000
M1470 6 3 0.2010 0.798999995
M1471 6 3 0.0735 0.926500000
M1472 6 3 0.6460 0.353999972
M1473 6 3 0.3810 0.618999988
M1474 6 3 0.5835 0.416499972
M1475 6 3 0.6985 0.301500022
M1476 6 3 0.4680 0.532000005
M1477 6 3 0.6170 0.383000016
M1478 6 3 0.3670 0.632999986
M1479 6 3 0.4785 0.521499991
M1480 6 3 0.4690 0.530999988
M1481 6 3 0.1730 0.827000007
M1482 6 3 0.7225 0.277499974
M1483 6 3 0.3935 0.606500000
M1484 6 3 0.6480 0.351999998
M1485 6 3 0.4315 0.568500012
M1486 6 3 0.7855 0.214500010
M1487 6 3 0.8085 0.191500008
M1488 6 3 0.6010 0.398999989
M1489 6 3 0.5505 0.449500024
M1490 6 3 0.0090 0.991000000
M1491 6 3 0.0315 0.968499999
M1492 6 3 0.4995 0.500499994
M1493 6 3 0.8265 0.173500001
M1494 6 3 0.4645 0.535499990
M1495 6 3 0.2345 0.765499994
M1496 6 3 0.7380 0.262000024
M1497 6 3 0.4750 0.525000006
M1498 6 3 0.6105 0.389500022
M1499 6 3 0.4845 0.515500009
M1500 6 3 0.5835 0.416499972
M1501 6 3 0.7430 0.257000029
M1502 6 3 0.7545 0.245500028
M1503 6 3 0.1280 0.871999994
M1504 6 3 0.7105 0.289499998
M1505 6 3 0.3590 0.641000003
M1506 6 3 0.7210 0.278999984
M1507 6 3 0.1450 0.855000004
M1508 6 3 0.1055 0.894500002
M1509 6 3 0.0620 0.938000001
M1510 6 3 0.4965 0.503500015
M1511 6 3 0.8055 0.194500029
M1512 6 3 0.9475 0.052500010
M1513 6 3 0.3950 0.604999989
M1514 6 3 0.2045 0.795499995
M1515 6 3 0.7395 0.260500014
M1516 6 3 0.3230 0.676999986
M1517 6 3 0.2330 0.767000005
M1518 6 3 0.9475 0.052500010
M1519 6 3 0.5370 0.463000000
M1520 6 3 0.2790 0.720999986
M1521 6 3 0.2325 0.767499998
M1522 6 3 0.4200 0.580000013
M1523 6 3 0.5630 0.436999977
M1524 6 3 0.3190 0.680999994
M1525 6 3 0.9455 0.054499984
M1526 6 3 0.1575 0.842500001
M1527 6 3 0.9645 0.035499990
M1528 6 3 0.4680 0.532000005
M1529 6 3 0.6015 0.398500025
M1530 6 3 0.5135 0.486500025
M1531 6 3 0.0130 0.987000000
M1532 6 3 0.5840 0.416000009
M1533 6 3 0.9045 0.095499992
M1534 6 3 0.5225 0.477500021
M1535 6 3 0.5840 0.416000009
M1536 6 3 0.8130 0.186999977
M1537 6 3 0.6635 0.336499989
M1538 6 3 0.7205 0.279500008
M1539 6 3 0.5535 0.446500003
M1540 6 3 0.5855 0.414499998
M1541 6 3 0.3325 0.667499989
M1542 6 3 0.2120 0.788000003
M1543 6 3 0.3110 0.689000010
M1544 6 3 0.3385 0.661500007
M1545 6 3 0.3385 0.661500007
M1546 6 3 0.2830 0.717000008
M1547 6 3 0.8260 0.174000025
M1548 6 3 0.7450 0.254999995
M1549 6 3 0.4915 0.508500010
M1550 6 3 0.2005 0.799500003
M1551 6 3 0.6340 0.365999997
M1552 6 3 0.2155 0.784500003
M1553 6 3 0.7500 0.250000000
M1554 6 3 0.5165 0.483500004
M1555 6 3 0.2195 0.780499995
M1556 6 3 0.4645 0.535499990
M1557 6 3 0.7340 0.265999973
M1558 6 3 0.4130 0.587000012
M1559 6 3 0.6485 0.351499975
M1560 6 3 0.6905 0.309499979
M1561 6 3 0.5865 0.413500011
M1562 6 3 0.9210 0.078999996
M1563 6 3 0.3930 0.606999993
M1564 6 3 0.7580 0.241999984
M1565 6 3 0.8375 0.162500024
M1566 6 3 0.8710 0.129000008
M1567 6 3 0.7695 0.230499983
M1568 6 3 0.9010 0.098999977
M1569 6 3 0.4265 0.573500007
M1570 6 3 0.3005 0.699499995
M1571 6 3 0.7035 0.296500027
M1572 6 3 0.7455 0.254499972
M1573 6 3 0.1210 0.879000001
M1574 6 3 0.3475 0.652500004
M1575 6 3 0.2265 0.773499995
M1576 6 3 0.5975 0.402499974
M1577 6 3 0.8240 0.175999999
M1578 6 3 0.1965 0.803499997
M1579 6 3 0.0545 0.945500001
M1580 6 3 0.5935 0.406499982
M1581 6 3 0.2270 0.773000002
M1582 6 3 0.2085 0.791500002
M1583 6 3 0.2140 0.785999998
M1584 6 3 0.5735 0.426500022
M1585 6 3 0.4540 0.546000004
M1586 6 3 0.3415 0.658499986
