ID sire dam generation sex phen env tbvp gebvp
   1 6378 7058 7 M  1.572436938 -0.084095457 1.7377267 0
   2 6378 7058 7 M  1.992238497 -0.005313468 1.8863579 0
   3 6378 7058 7 M  1.464237033 -0.235715059 1.8136272 0
   4 6378 7058 7 F  2.901797569  0.069383346 2.0745843 0
   5 6378 7058 7 F  2.885735058 -0.175520585 2.2101161 0
   6 6378 6914 7 F  3.238348007  0.153597150 2.2768904 0
   7 6378 6914 7 F  4.837237110  1.657307100 2.2452087 0
   8 6378 6914 7 F  1.563263030 -0.139624108 1.7835093 0
   9 6378 6914 7 F  3.218058430  0.105791399 2.2845521 0
  10 6378 6914 7 F  3.100886515  0.683339224 2.0471983 0
  11 6377 6728 7 F  1.071205070 -1.202948532 1.9369012 0
  12 6377 6728 7 F  2.289451317 -0.358801257 1.9579975 0
  13 6377 6728 7 F  1.565149318 -0.696152291 1.8980353 0
  14 6377 6728 7 F  2.492121819  0.525332434 1.8121299 0
  15 6377 6728 7 F  3.239194674  0.872311176 1.8867318 0
  16 6377 6911 7 M  0.383167028 -1.204182338 1.8323748 0
  17 6377 6911 7 M  2.115046746 -0.437143582 1.9902568 0
  18 6377 6911 7 F  0.924106726 -0.889008022 1.7985935 0
  19 6377 6911 7 M  2.008251225 -0.606127856 1.9936149 0
  20 6377 6911 7 F  2.682311028  0.691272969 1.8485560 0
  21 6320 7281 7 F  1.540570431 -1.570707400 2.0689046 0
  22 6320 7281 7 F  1.577686019 -1.173346409 2.1489656 0
  23 6320 7281 7 F  3.746710704  0.707536418 2.1597166 0
  24 6320 7281 7 F  3.917653315  0.691484785 2.2436457 0
  25 6320 7281 7 M  3.060809307  0.337936259 2.0218638 0
  26 6320 6504 7 M  2.625721550 -0.502926949 2.3302416 0
  27 6320 6504 7 F  2.527378161 -0.853602678 2.3159788 0
  28 6320 6504 7 F  4.606741067  1.284205636 2.3226784 0
  29 6320 6504 7 M  3.107591109  0.310209750 2.2471778 0
  30 6320 6504 7 F  3.367108498  0.066705825 2.2614635 0
  31 6556 7056 7 M  1.894937792 -0.302307277 1.8945271 0
  32 6556 7056 7 M  3.535247080  0.130552261 2.1798712 0
  33 6556 7056 7 F  3.637012759  0.463293961 2.0908503 0
  34 6556 7056 7 F  2.581565114  0.710242373 1.8253029 0
  35 6556 7056 7 F  2.559814466 -0.162921955 2.0378614 0
  36 6556 6913 7 M  3.393172804  0.410437872 2.1117412 0
  37 6556 6913 7 M  2.108792712 -0.416176433 1.9645487 0
  38 6556 6913 7 F  2.400554126 -0.275048831 2.0190374 0
  39 6556 6913 7 F  2.419391010 -0.615576949 2.1065512 0
  40 6556 6913 7 F  0.932122078 -1.310554426 1.7770270 0
  41 6316 7284 7 F  2.647156772  0.778422902 1.7472224 0
  42 6316 7284 7 M  2.556729412  0.435738376 1.9850665 0
  43 6316 7284 7 M  1.717073667  0.280823278 1.9278189 0
  44 6316 7284 7 M  2.723745268 -0.125713748 2.2767001 0
  45 6316 7284 7 F  2.368894401  0.420294938 1.8660028 0
  46 6316 6651 7 M  3.452409507  0.800257196 2.1162326 0
  47 6316 6651 7 F  3.032683007  0.394750947 2.3532393 0
  48 6316 6651 7 M  1.942460327 -0.050528439 1.8233086 0
  49 6316 6651 7 M  3.231076969 -0.184269546 2.3225391 0
  50 6316 6651 7 F  3.620312704  0.871587798 2.1567902 0
  51 6313 7229 7 M  1.720163346 -0.398547516 1.9378219 0
  52 6313 7229 7 F  3.348120263  0.869390484 2.1105789 0
  53 6313 7229 7 M  2.697174082 -0.113223652 2.1546078 0
  54 6313 7229 7 M  3.747289720  1.550560844 2.0159947 0
  55 6313 7229 7 F  2.921901952  0.478734396 2.0391832 0
  56 6313 6603 7 M  3.204079503  0.893205714 1.9685810 0
  57 6313 6603 7 M  2.123531789 -0.337379296 2.1792316 0
  58 6313 6603 7 F  4.065983815  1.431593665 2.2279004 0
  59 6313 6603 7 F  3.012860880  0.326570610 2.1008647 0
  60 6313 6603 7 M  1.979090012 -0.772076880 2.1076910 0
  61 6519 6403 7 F  1.891844675  0.120151904 1.8520999 0
  62 6519 6403 7 M  2.356755622 -0.131607364 2.0223188 0
  63 6519 6403 7 F  2.210565597  0.008542123 1.8665161 0
  64 6519 6403 7 F  1.091706611 -1.220748166 1.8181999 0
  65 6519 6403 7 F  3.343225515  0.426528400 2.0205159 0
  66 6519 6940 7 F  4.074904006  0.536905158 2.3004426 0
  67 6519 6940 7 F  1.437234773 -0.940542284 1.8972571 0
  68 6519 6940 7 M  2.673558073  0.225431168 2.0387506 0
  69 6519 6940 7 M  2.276236291 -0.535895300 2.0986991 0
  70 6519 6940 7 M  1.705118224 -0.779580159 1.9558595 0
  71 6617 6632 7 F -0.979655104 -1.277908035 1.1393935 0
  72 6617 6632 7 F  0.143171410 -0.246986823 1.1324342 0
  73 6617 6632 7 M  0.063199610  0.318079274 0.9005274 0
  74 6617 6632 7 F -1.973086833 -1.684912797 1.0293415 0
  75 6617 6632 7 M  0.012432303  0.313212656 0.8877779 0
  76 6617 6698 7 M  3.308449948  0.728993719 2.1869311 0
  77 6617 6698 7 F  1.919337770  1.104312795 1.5495952 0
  78 6617 6698 7 F  2.829973008 -0.164742998 2.2137347 0
  79 6617 6698 7 F  2.930888663  0.397778730 2.1614586 0
  80 6617 6698 7 M  1.043134707 -0.460045879 1.7326817 0
  81 6530 6692 7 M  2.169866311 -0.955489193 2.1570001 0
  82 6530 6692 7 M  1.994682164 -0.434387114 2.0052059 0
  83 6530 6692 7 F  4.124333674  0.449787045 2.5123175 0
  84 6530 6692 7 F  3.943269418  0.640697675 2.3894483 0
  85 6530 6692 7 M  2.782482470  0.247571751 2.1387759 0
  86 6530 6505 7 F  2.754714317 -0.157026036 2.2697491 0
  87 6530 6505 7 M  3.539741272  1.327317390 1.9470621 0
  88 6530 6505 7 M  1.457646602 -0.504649191 1.9753551 0
  89 6530 6505 7 F  3.958309175  1.073415548 2.2461669 0
  90 6530 6505 7 M  3.445536181  0.352119013 2.1896026 0
  91 6383 6510 7 F  3.420547892  0.915771263 1.9863388 0
  92 6383 6510 7 M  2.255943564 -0.373635723 2.0650590 0
  93 6383 6510 7 M  2.469507512  0.173148548 2.0629528 0
  94 6383 6510 7 M  2.828204936 -0.520649398 2.1893871 0
  95 6383 6510 7 F  4.063429681  0.551323237 2.2391195 0
  96 6383 6367 7 F  0.584505074 -1.111317959 1.7257797 0
  97 6383 6367 7 M  0.642640904 -1.357954401 1.8225422 0
  98 6383 6367 7 F  2.989478549  1.207080619 1.7872893 0
  99 6383 6367 7 M  0.954935456 -0.913744210 1.7591027 0
 100 6383 6367 7 M  3.096127095  1.156819172 1.8237670 0
 101 6382 7184 7 M  4.639001682  1.261108784 2.3142173 0
 102 6382 7184 7 M  2.259606999 -0.598766400 2.0555738 0
 103 6382 7184 7 F  2.701692736  0.009895542 1.9923693 0
 104 6382 7184 7 M  1.883644506 -0.049464873 1.8391043 0
 105 6382 7184 7 F  1.701793732  0.149051248 1.7451907 0
 106 6382 6939 7 M  2.126401956  0.682214068 1.7530295 0
 107 6382 6939 7 F  2.258585181  0.265356472 1.8988584 0
 108 6382 6939 7 F  3.106738502  0.234569368 2.1467578 0
 109 6382 6939 7 M  1.351059079 -1.134916562 2.0282960 0
 110 6382 6939 7 M  2.638498330  0.957308752 1.6372660 0
 111 6388 6853 7 F  0.199516465 -0.062127453 1.1802118 0
 112 6388 6853 7 F  0.406577021  0.315757888 1.2092528 0
 113 6388 6853 7 F -0.086354508  0.076232968 1.0698444 0
 114 6388 6853 7 M  0.329357248 -0.379606302 1.4305527 0
 115 6388 6853 7 M -0.845360974 -1.088290038 1.2159353 0
 116 6388 6699 7 M  3.157283290  0.114246285 2.4671694 0
 117 6388 6699 7 F  3.063325039  0.361234946 2.0858299 0
 118 6388 6699 7 M  2.153373115 -1.310375469 2.2754192 0
 119 6388 6699 7 M  3.168310387 -0.009868692 2.2874491 0
 120 6388 6699 7 M  1.851923370 -0.777360404 2.0926447 0
 121 6376 7059 7 F  0.411729656 -1.712610631 1.9430675 0
 122 6376 7059 7 F  0.754012068 -1.121103523 1.8632481 0
 123 6376 7059 7 M  1.651447902 -0.210960911 1.9015944 0
 124 6376 7059 7 M  3.396549998  0.338526736 2.1233389 0
 125 6376 7059 7 F  2.162071440 -0.688632425 2.0921176 0
 126 6376 6416 7 M  4.564185489  1.448578405 2.2264471 0
 127 6376 6416 7 M  3.014113699  0.006781116 2.0682210 0
 128 6376 6416 7 M  3.861723190  0.922438094 2.1235513 0
 129 6376 6416 7 F  3.360387763  1.325933813 1.7415222 0
 130 6376 6416 7 F  4.858175065  1.437521796 2.1705329 0
 131 6310 6558 7 M  2.516721126  0.723565014 1.8448783 0
 132 6310 6558 7 F  2.998608944 -0.190860593 2.1295030 0
 133 6310 6558 7 F  1.208412153 -0.944442028 1.9430545 0
 134 6310 6558 7 F  3.089862040  1.151601219 1.9208371 0
 135 6310 6558 7 M  2.228959304 -1.180640026 2.2921447 0
 136 6310 6912 7 M  1.469745270 -0.798154733 1.9503725 0
 137 6310 6912 7 M  4.257954298  2.094960029 2.0488264 0
 138 6310 6912 7 M  3.284073785 -0.295879751 2.3012375 0
 139 6310 6912 7 M  2.276820819 -0.175863921 2.0733157 0
 140 6310 6912 7 F  2.969139681 -0.366818586 2.3085165 0
 141 6363 6479 7 M  2.850673035 -0.337384076 2.1349758 0
 142 6363 6479 7 M  3.832698609  1.269564437 2.0545299 0
 143 6363 6479 7 M  3.131649723  0.152331606 2.1528974 0
 144 6363 6479 7 M  2.373821611 -0.205903343 2.1035643 0
 145 6363 6479 7 M  3.754654924  0.367699959 2.2684194 0
 146 6363 6552 7 F  2.970772133  0.937102778 2.1027033 0
 147 6363 6552 7 M  2.231227727  0.084678806 1.9102492 0
 148 6363 6552 7 M  2.144453289 -0.916225453 2.3036126 0
 149 6363 6552 7 M  0.298076075 -1.375626221 1.8530775 0
 150 6363 6552 7 F  0.687101859 -1.144198741 1.8318573 0
 151 6312 6464 7 F  2.496854992  0.104040906 1.9029851 0
 152 6312 6464 7 M  2.263779712  0.590945244 1.6519612 0
 153 6312 6464 7 F  2.703085160  0.297699806 1.8769725 0
 154 6312 6464 7 F  1.818194931 -0.883861893 2.0258038 0
 155 6312 6464 7 M  1.992237102  0.290717971 1.7197930 0
 156 6312 6751 7 F  2.743189329 -0.085286063 1.9602850 0
 157 6312 6751 7 M  2.986588576 -0.260093380 2.1558354 0
 158 6312 6751 7 F  1.896351774 -1.156900656 2.1098340 0
 159 6312 6751 7 M  3.511113074  0.488159790 2.0955314 0
 160 6312 6751 7 F  2.947259784 -0.131879845 2.1801829 0
 161 6308 7091 7 M  1.249311763  0.276684785 1.3890066 0
 162 6308 7091 7 F  1.138649486  0.113800728 1.2886697 0
 163 6308 7091 7 M -0.298110798 -0.856244673 1.4280143 0
 164 6308 7091 7 F  2.135637980  1.200603334 1.3666577 0
 165 6308 7091 7 F -0.281064646 -0.697546773 1.2107945 0
 166 6308 6411 7 F  1.173538354 -0.558886000 1.9803209 0
 167 6308 6411 7 F  1.154055146 -0.809631885 1.8247821 0
 168 6308 6411 7 M  3.013124642  1.115268299 1.9125604 0
 169 6308 6411 7 M  2.124827593  0.290900747 1.8955920 0
 170 6308 6411 7 M  0.557907225 -1.044386364 1.8956606 0
 171 6769 7230 7 M  1.495943914 -0.498718422 1.8377425 0
 172 6769 7230 7 F  2.762657457  0.350589288 2.0264608 0
 173 6769 7230 7 M  2.781668881  0.646603093 1.8622319 0
 174 6769 7230 7 M  2.500183852 -0.453709855 2.1846267 0
 175 6769 7230 7 M  1.882960107 -0.568950442 1.9623426 0
 176 6769 6400 7 F  3.492581726  0.789108398 2.1196287 0
 177 6769 6400 7 F  0.738930573 -1.848631558 2.0685650 0
 178 6769 6400 7 M  2.826929570  0.154086465 2.0293434 0
 179 6769 6400 7 M  0.950814366 -0.869058776 1.7619519 0
 180 6769 6400 7 M  0.998845774 -0.327082215 1.7841408 0
 181 6845 6405 7 F  4.025896274  0.693714796 2.1549399 0
 182 6845 6405 7 F  1.715980646  0.025493189 1.7242368 0
 183 6845 6405 7 M  1.720957367 -0.123814448 1.7718769 0
 184 6845 6405 7 M  2.700267776  0.916033758 1.7597483 0
 185 6845 6405 7 F  3.447855809  0.792036267 2.0326744 0
 186 6845 7242 7 M  3.035384420 -0.130716893 2.2357025 0
 187 6845 7242 7 F  2.362720676 -0.175761115 1.9660698 0
 188 6845 7242 7 M  3.470463071  1.158492726 1.9163114 0
 189 6845 7242 7 M  1.021311982 -1.130851543 1.8214177 0
 190 6845 7242 7 F  1.456645213 -0.580823638 1.8300836 0
 191 6315 6509 7 M  2.543238497 -0.143363027 2.0821752 0
 192 6315 6509 7 M  1.737876811 -0.383354835 1.9114531 0
 193 6315 6509 7 M  2.510816089  0.512845830 1.8399710 0
 194 6315 6509 7 M  1.901878805 -0.295717617 1.9341924 0
 195 6315 6509 7 F  2.817843121 -0.141207641 2.1483075 0
 196 6315 7085 7 M  1.744798151  0.165548102 1.7270109 0
 197 6315 7085 7 F  2.350921803  0.480339952 1.7566299 0
 198 6315 7085 7 F  3.405292676  1.721022471 1.7553872 0
 199 6315 7085 7 M  1.593572788 -0.151695933 1.7710793 0
 200 6315 7085 7 M  1.676154942 -0.053605581 1.7471666 0
 201 6319 6402 7 F  3.241483811  0.705152540 2.1709215 0
 202 6319 6402 7 F  3.311852140  0.315170714 2.1705315 0
 203 6319 6402 7 M  1.590569778 -0.624973646 2.1621824 0
 204 6319 6402 7 M  3.340279825  1.018249420 2.1580673 0
 205 6319 6402 7 M  2.977070559  0.143640548 2.2699288 0
 206 6319 6356 7 F  1.958241124  0.033442326 1.9879362 0
 207 6319 6356 7 F  3.262804065  0.094635084 2.2272816 0
 208 6319 6356 7 F  2.026219187  0.079552000 2.0217741 0
 209 6319 6356 7 F  2.977427495  0.807377056 2.0849762 0
 210 6319 6356 7 F  2.231087737  0.391594274 1.7489368 0
 211 6331 6695 7 M  1.677070862 -0.848396345 1.9425476 0
 212 6331 6695 7 M  1.147488455 -1.331196456 1.9898566 0
 213 6331 6695 7 F  2.029588839 -0.403285543 1.9522679 0
 214 6331 6695 7 F  1.653186837 -0.956990633 2.0215899 0
 215 6331 6695 7 M  2.246769827 -0.499870860 2.1152359 0
 216 6331 7064 7 F  1.738759448 -0.164437950 1.7675707 0
 217 6331 7064 7 M  4.166012233  1.048309898 2.0794283 0
 218 6331 7064 7 F  3.474437842  0.909867204 1.9163059 0
 219 6331 7064 7 M  1.553389098 -0.825043032 1.9503844 0
 220 6331 7064 7 M  0.754132958 -0.889331316 1.7448402 0
 221 6584 6661 7 M  1.974956144  0.367101447 1.8448076 0
 222 6584 6661 7 M  2.608218978  0.005560922 2.0506188 0
 223 6584 6661 7 M  4.819463488  2.431487947 1.9754625 0
 224 6584 6661 7 M  2.904710390  0.134759577 2.1876827 0
 225 6584 6661 7 F  3.110435124  0.263272245 2.2570235 0
 226 6584 6656 7 M  2.229062253  0.365403678 1.9377270 0
 227 6584 6656 7 M  3.483754399  1.090677755 1.9707203 0
 228 6584 6656 7 M  2.474284148 -0.074210409 2.0258006 0
 229 6584 6656 7 F  1.344869884 -1.441357670 2.0452298 0
 230 6584 6656 7 M  2.897082883  0.537543674 1.9350201 0
 231 6760 6685 7 F  2.715037161 -0.069878262 1.9753434 0
 232 6760 6685 7 F  1.862863513 -0.059495859 1.9128679 0
 233 6760 6685 7 M  3.479473684  0.768095790 1.9347876 0
 234 6760 6685 7 F  3.120724355  0.956473862 1.9774253 0
 235 6760 6685 7 M  2.117175771  0.197571668 1.7760160 0
 236 6760 7000 7 F  3.070053572  0.548961791 1.8817347 0
 237 6760 7000 7 F  2.548449481  0.044527007 1.9515000 0
 238 6760 7000 7 M  3.271410611  0.441809651 2.0475937 0
 239 6760 7000 7 F  3.343682232  0.952589507 1.9124296 0
 240 6760 7000 7 F  2.838589613  0.946426854 1.7672534 0
 241 6861 6551 7 M  2.938714516  0.091425530 2.0670502 0
 242 6861 6551 7 F  2.738914438  0.888873266 1.7326739 0
 243 6861 6551 7 M  2.063371470 -0.804592375 2.0607756 0
 244 6861 6551 7 M  3.746708268  0.756220716 2.0257930 0
 245 6861 6551 7 F  2.646752427 -0.751597904 2.2530305 0
 246 6861 6854 7 M  3.268363873  0.242976422 2.0426581 0
 247 6861 6854 7 M  2.198205758 -0.359637845 1.8991410 0
 248 6861 6854 7 M  3.054937160  0.978397006 2.1636541 0
 249 6861 6854 7 M  2.623799711  0.782187237 1.6939253 0
 250 6861 6854 7 M  3.310907555  0.970099057 1.8111620 0
 251 6456 6549 7 F  1.768143341 -1.230702151 2.0056595 0
 252 6456 6549 7 M  3.327971551  0.509815410 2.2229020 0
 253 6456 6549 7 F  2.498422500 -0.631580627 2.1862972 0
 254 6456 6549 7 F  2.456364384 -0.371836776 2.2479242 0
 255 6456 6549 7 F  3.830240986  1.102683788 2.2084260 0
 256 6456 6513 7 F  4.928061936  1.380841243 2.2724953 0
 257 6456 6513 7 F  3.305876651  0.018033893 2.1641336 0
 258 6456 6513 7 F  3.108574790  0.366452943 2.2297773 0
 259 6456 6513 7 M  3.522059964  0.290988069 2.0987253 0
 260 6456 6513 7 M  4.621399830  1.003586439 2.3516946 0
 261 6865 6385 7 M  0.634489909  0.145300709 1.3355181 0
 262 6865 6385 7 M -1.156524371 -1.647643067 1.2989085 0
 263 6865 6385 7 F  0.358797819 -0.131561864 1.3440699 0
 264 6865 6385 7 F  1.045418058  0.420261600 1.3664657 0
 265 6865 6385 7 M  1.136294751  0.122497159 1.3798662 0
 266 6865 7157 7 M  1.241246234 -0.373467327 1.6998472 0
 267 6865 7157 7 M  1.762814579 -0.910505743 2.1438988 0
 268 6865 7157 7 M  2.134091923  0.118330277 1.8173998 0
 269 6865 7157 7 F  3.102209374  0.146855496 2.0166102 0
 270 6865 7157 7 M  1.806396966 -0.508915585 2.0185131 0
 271 6517 7209 7 M  1.608776086 -0.088666391 1.7796814 0
 272 6517 7209 7 M  2.102260703  0.198567549 1.9228452 0
 273 6517 7209 7 F  3.718366625  0.874100947 2.1504206 0
 274 6517 7209 7 M  2.674903155  0.953444554 1.7721669 0
 275 6517 7209 7 F  0.833554762 -1.369983787 1.9237647 0
 276 6517 6626 7 M  2.677618463 -0.345920864 2.1083505 0
 277 6517 6626 7 F  2.663454359 -0.105612893 2.0738397 0
 278 6517 6626 7 M  2.945388756 -0.085352636 2.1511230 0
 279 6517 6626 7 F  4.110724229  0.270948254 2.2875578 0
 280 6517 6626 7 M  3.588121798 -0.044165168 2.2993634 0
 281 7014 6662 7 M  2.278737297  0.107451469 1.9498198 0
 282 7014 6662 7 F  2.445876485  0.069032405 2.0470528 0
 283 7014 6662 7 F  1.606800629 -1.549368515 2.2193729 0
 284 7014 6662 7 F  2.001409683 -0.907116777 2.2646422 0
 285 7014 6662 7 M  2.281437970 -0.335345458 2.0373619 0
 286 7014 6642 7 M  2.725502248 -0.223596525 2.1782224 0
 287 7014 6642 7 M  2.596167702  0.388767922 1.9748333 0
 288 7014 6642 7 F  1.266433258 -0.990007851 1.8819601 0
 289 7014 6642 7 M  2.705602475 -0.219725353 2.0271386 0
 290 7014 6642 7 M  2.920197234  0.484782137 1.9622659 0
 291 6585 6787 7 F  2.851412276 -0.008643469 2.0864143 0
 292 6585 6787 7 F  0.954523275 -1.732190430 2.1099418 0
 293 6585 6787 7 M  2.341495132 -0.326045962 1.9590844 0
 294 6585 6787 7 M  2.016776458 -0.287379743 2.0185478 0
 295 6585 6787 7 M  1.540878961 -0.555237483 1.8920067 0
 296 6585 7272 7 F  0.797207678 -1.765392355 2.0204573 0
 297 6585 7272 7 M  3.027769315  0.598893804 1.8631466 0
 298 6585 7272 7 M  2.700393818  0.643355514 1.8962800 0
 299 6585 7272 7 F  1.030272604 -0.586693196 1.8974898 0
 300 6585 7272 7 F  1.570374194 -0.610037707 1.8931747 0
 301 6712 6652 7 M  3.283372523  1.116183719 1.8552278 0
 302 6712 6652 7 F  1.793867765 -0.653506205 1.9856106 0
 303 6712 6652 7 F  3.285197199  0.362755178 2.0298207 0
 304 6712 6652 7 M  1.989147141  0.140822575 1.7772623 0
 305 6712 6652 7 M  3.448913785  0.626769189 1.9782471 0
 306 6712 7084 7 M  2.366846826  0.092745389 1.9909409 0
 307 6712 7084 7 F  3.220036446 -0.119406539 2.2630352 0
 308 6712 7084 7 M  2.006332639  0.265031128 1.8642577 0
 309 6712 7084 7 F  1.874703802 -0.444720107 1.9345429 0
 310 6712 7084 7 F  2.892566711 -0.095313500 2.0706519 0
 311 6569 6506 7 M  1.690470422 -0.917638214 1.9992308 0
 312 6569 6506 7 M  2.043780143 -0.153008035 1.9080397 0
 313 6569 6506 7 M  1.605296807 -0.740269649 1.9852676 0
 314 6569 6506 7 F  3.341871515  0.924796511 1.9628861 0
 315 6569 6506 7 M  2.682375389  0.530719330 1.9251475 0
 316 6569 6671 7 F  2.149619674 -0.326420309 1.8561986 0
 317 6569 6671 7 F  3.049171661  0.237093709 2.1603624 0
 318 6569 6671 7 M  3.122889896  0.334441311 2.0148430 0
 319 6569 6671 7 F  2.475893366 -0.241988908 2.0059894 0
 320 6569 6671 7 M  1.595311910 -0.192857205 1.7397202 0
 321 6589 7082 7 F  1.199134443 -0.430079472 1.8536696 0
 322 6589 7082 7 F  0.835929466 -1.134008084 1.7322984 0
 323 6589 7082 7 F  0.057884937 -1.936622851 1.9478403 0
 324 6589 7082 7 M  1.490876540 -0.626184822 1.9799782 0
 325 6589 7082 7 F  2.611728867  0.305245408 1.8353333 0
 326 6589 6410 7 M  2.543892082  0.571826780 1.9700757 0
 327 6589 6410 7 F  1.504795938  0.228098350 1.5084747 0
 328 6589 6410 7 M  3.217397211  1.060586321 1.9468513 0
 329 6589 6410 7 F  1.068996320 -0.175158809 1.5806171 0
 330 6589 6410 7 M  2.331417912  1.203197106 1.5089872 0
 331 6306 7234 7 F  2.366591258 -0.384839105 2.1423769 0
 332 6306 7234 7 F  2.202179549 -0.435083883 2.1946071 0
 333 6306 7234 7 M  3.562885975  0.490439592 2.0995908 0
 334 6306 7234 7 M  1.338150330 -0.804465568 2.0746636 0
 335 6306 7234 7 M  1.867284289 -0.010655050 1.8926385 0
 336 6306 6363 7 F -0.425623012 -0.984733515 1.2626108 0
 337 6306 6363 7 F  0.030456328 -0.579236805 1.3704485 0
 338 6306 6363 7 F -1.562952771 -1.626525071 1.2313940 0
 339 6306 6363 7 F  0.494489851  0.362679491 1.3443100 0
 340 6306 6363 7 M  0.464003787 -0.402220363 1.4879537 0
 341 6750 7179 7 M  3.067296274 -0.007164667 2.1706282 0
 342 6750 7179 7 M  3.127073055  0.154385833 2.2567191 0
 343 6750 7179 7 F  2.143585425 -0.354036886 2.0104997 0
 344 6750 7179 7 M  2.622438490 -0.292100854 2.1375586 0
 345 6750 7179 7 M  0.724866789 -0.903845541 1.7807214 0
 346 6750 6371 7 M  1.360064501 -0.678631706 1.9042036 0
 347 6750 6371 7 M  1.846196097 -0.122769300 1.9287894 0
 348 6750 6371 7 M  1.684497824  0.076880480 1.8153423 0
 349 6750 6371 7 F  1.394030569 -0.572426775 1.9106172 0
 350 6750 6371 7 M  3.179257389  0.037922473 2.1699729 0
 351 6564 6502 7 M  2.921587627 -0.227441552 2.2276717 0
 352 6564 6502 7 F  3.088255652  0.433115315 2.0359286 0
 353 6564 6502 7 M  2.311857477  0.267535108 1.9087036 0
 354 6564 6502 7 F  1.195739487 -1.523974257 2.0724067 0
 355 6564 6502 7 F  2.639323892 -0.460039474 2.1952100 0
 356 6564 6546 7 M  2.393227803 -0.063549419 1.8914955 0
 357 6564 6546 7 F  1.498370031 -0.227375166 1.8392512 0
 358 6564 6546 7 F  1.541090538 -0.757968061 1.9620804 0
 359 6564 6546 7 F  2.175230581  0.108252808 1.9420212 0
 360 6564 6546 7 M  2.232341744 -0.634978812 2.1455991 0
 361 6841 6601 7 F  5.063842772  1.755674093 2.2751816 0
 362 6841 6601 7 M  3.366695616  0.890814610 2.0573984 0
 363 6841 6601 7 M  2.708171475  0.613745000 1.9950862 0
 364 6841 6601 7 F  4.243893148  0.986952898 2.2740431 0
 365 6841 6601 7 F  1.287711075 -0.981269696 1.9759326 0
 366 6841 7063 7 M  1.557937853 -0.816458992 2.0009282 0
 367 6841 7063 7 F  1.784834425 -0.138390689 1.9654904 0
 368 6841 7063 7 F  2.682658495  1.076840359 1.8047677 0
 369 6841 7063 7 M  1.320111285 -0.374167012 1.9472748 0
 370 6841 7063 7 M  2.466944618 -0.113890332 2.1142930 0
 371 6633 6993 7 F  2.253369154  0.104445337 1.9922220 0
 372 6633 6993 7 M  2.727474472  0.579510421 1.8646691 0
 373 6633 6993 7 F  0.586453150 -0.850969005 1.8137647 0
 374 6633 6993 7 M  3.090895686  0.899921084 2.0386809 0
 375 6633 6993 7 F  0.849412641 -0.951498976 1.8642103 0
 376 6633 6471 7 F  2.283230649  0.451965889 1.7670974 0
 377 6633 6471 7 M  1.325268130 -0.671443233 1.7897958 0
 378 6633 6471 7 F  1.780833440 -0.514100956 1.9023266 0
 379 6633 6471 7 F  3.295729125  0.079189956 2.1481955 0
 380 6633 6471 7 F  3.336561115  0.819364662 2.0040207 0
 381 6478 6792 7 M  1.989799762 -0.635737175 1.9862078 0
 382 6478 6792 7 F  0.890319220 -1.274606306 1.7843745 0
 383 6478 6792 7 F  1.766589749 -0.934071978 1.9642351 0
 384 6478 6792 7 M  2.428181442  0.332297631 1.8821040 0
 385 6478 6792 7 M  3.354511122  0.598443608 2.0684011 0
 386 6478 6789 7 F  1.471040742 -0.345546875 1.8696782 0
 387 6478 6789 7 F  1.372781256 -0.119957886 1.7713092 0
 388 6478 6789 7 M  0.568263419 -0.856730989 1.7499147 0
 389 6478 6789 7 F  0.367057972 -1.053882563 1.7725311 0
 390 6478 6789 7 M  0.988607191 -0.805930794 1.8778485 0
 391 6373 7103 7 M  0.313482755 -0.668129267 1.4762015 0
 392 6373 7103 7 F  0.697330717 -0.190381445 1.4326558 0
 393 6373 7103 7 M  1.780661003  0.045232490 1.7834905 0
 394 6373 7103 7 F  2.320556453  0.647962436 1.7532985 0
 395 6373 7103 7 M  2.820692018  0.747713382 1.8014534 0
 396 6373 6865 7 F -0.638565888 -0.403706865 1.0869741 0
 397 6373 6865 7 F -0.549437033 -0.528519428 1.1494668 0
 398 6373 6865 7 M  1.010608102  0.802831777 1.2477417 0
 399 6373 6865 7 F -0.103430882 -0.217451835 1.1115204 0
 400 6373 6865 7 F  0.782349938  0.510345300 1.2879539 0
 401 6480 6565 7 M  1.571730282 -0.357427021 1.8539284 0
 402 6480 6565 7 M  3.413100980  0.345174736 2.1290290 0
 403 6480 6565 7 M  2.056731870 -0.269800278 2.1477597 0
 404 6480 6565 7 F  2.427141940 -0.197392310 2.1759603 0
 405 6480 6565 7 M  2.023496601 -0.700120094 2.0818221 0
 406 6480 7225 7 F  0.703505860 -0.232488584 1.6110819 0
 407 6480 7225 7 F  2.047721516 -0.267592657 1.9013286 0
 408 6480 7225 7 M  0.954151985 -0.485776598 1.8090707 0
 409 6480 7225 7 F  2.239286549 -0.058149012 1.9303407 0
 410 6480 7225 7 F  3.528232092  1.027715803 1.8435891 0
 411 6524 6396 7 F  2.569270597  0.220592630 1.9206260 0
 412 6524 6396 7 F  2.264269012 -0.114418401 1.9550151 0
 413 6524 6396 7 F  2.030719888 -0.469833504 2.1915939 0
 414 6524 6396 7 M  0.602777443 -1.732429858 1.9099574 0
 415 6524 6396 7 M  3.253817635  0.569106752 2.1125310 0
 416 6524 6625 7 F  3.140500148 -0.301218311 2.2614798 0
 417 6524 6625 7 F  3.775079295  1.257268041 2.0119162 0
 418 6524 6625 7 F  3.982979170  0.700099246 2.2090186 0
 419 6524 6625 7 M  4.551153021  1.154451255 2.1639442 0
 420 6524 6625 7 F  3.914109551  0.641382149 2.1652828 0
 421 6375 6731 7 F  2.835121469  0.293933496 1.9668915 0
 422 6375 6731 7 F  1.487465747 -1.023856983 1.9720854 0
 423 6375 6731 7 F  4.075978208  1.849792275 1.9231749 0
 424 6375 6731 7 M  2.981299633  0.848360456 1.9024831 0
 425 6375 6731 7 M  3.813546865  1.442258173 1.8748555 0
 426 6375 6394 7 F  1.732769465 -0.478864926 1.8587194 0
 427 6375 6394 7 F  2.623029441  0.172981217 1.9469534 0
 428 6375 6394 7 F  2.258252022 -0.304507596 1.8883937 0
 429 6375 6394 7 F  1.077420582 -1.088556874 1.9071879 0
 430 6375 6394 7 F  3.469788957  1.759370733 1.6948021 0
 431 6381 6616 7 F  1.393521714 -0.416722419 1.7953069 0
 432 6381 6616 7 M  0.806138513 -0.825079885 1.7615556 0
 433 6381 6616 7 F  1.571717428 -0.559543052 1.8610439 0
 434 6381 6616 7 M  2.460280551 -0.280701091 2.0054881 0
 435 6381 6616 7 M  3.486946740  0.234742218 2.1618920 0
 436 6381 6886 7 M  2.188370965  0.744765640 1.8079995 0
 437 6381 6886 7 M  1.771843881 -0.580378242 1.9325541 0
 438 6381 6886 7 M  1.968645921  0.118049252 1.8374329 0
 439 6381 6886 7 M  2.220381842  0.093459462 2.0461085 0
 440 6381 6886 7 M  1.689675719 -0.361730477 1.9428061 0
 441 6745 6969 7 M  2.953338818  0.384531987 2.0310000 0
 442 6745 6969 7 F  0.922637297 -0.238534153 1.6353820 0
 443 6745 6969 7 F  3.395760798  0.807244393 2.0622449 0
 444 6745 6969 7 M  1.048805209 -0.512583497 1.7904563 0
 445 6745 6969 7 F  3.786325256  0.771826084 2.1144960 0
 446 6745 6961 7 F  2.301308160  0.751299312 1.7896664 0
 447 6745 6961 7 M  2.225610021  1.269961672 1.6200071 0
 448 6745 6961 7 F  2.283142564 -0.157839931 2.0058338 0
 449 6745 6961 7 F  0.276368737 -1.300293088 1.6482948 0
 450 6745 6961 7 F  1.887640155  0.414822311 1.8031141 0
 451 6511 6988 7 M  1.362917938 -0.823590717 1.9770319 0
 452 6511 6988 7 F  1.703832619 -0.044955157 1.8393400 0
 453 6511 6988 7 M  1.551867560 -0.088043359 1.8139503 0
 454 6511 6988 7 F  3.629555485  1.084286837 2.1168019 0
 455 6511 6988 7 F  1.331067999 -0.343631908 2.0062318 0
 456 6511 6397 7 F  2.313923051  0.617306010 1.9137619 0
 457 6511 6397 7 F  1.421550693 -0.624099981 1.9936503 0
 458 6511 6397 7 M  0.959600141 -0.999262514 1.8874668 0
 459 6511 6397 7 M  2.420030635  0.649618993 1.9682826 0
 460 6511 6397 7 M  1.884950645  0.247082655 1.9127337 0
 461 6632 7036 7 M  3.168626903  1.020154086 1.8421557 0
 462 6632 7036 7 M  1.135391231 -0.332508814 1.5757984 0
 463 6632 7036 7 F  1.828197929  0.316070113 1.5969826 0
 464 6632 7036 7 F  3.505598127  0.715656339 1.9031187 0
 465 6632 7036 7 M  0.622461477 -1.439732462 1.6575346 0
 466 6632 6475 7 M  1.556155591 -0.381422393 1.8025436 0
 467 6632 6475 7 F  2.649799926 -0.404419864 2.1478791 0
 468 6632 6475 7 M  1.908386625 -0.015387921 1.6881107 0
 469 6632 6475 7 M  2.506908049 -0.261068718 1.9829778 0
 470 6632 6475 7 M  0.816191029 -1.226047861 1.7066062 0
 471 6474 6664 7 F  3.160499382 -0.125396510 2.1358980 0
 472 6474 6664 7 F  1.439561258 -0.394260178 1.8758629 0
 473 6474 6664 7 M  2.211672116  0.387112363 1.8433997 0
 474 6474 6664 7 M  0.857067713 -1.017788902 1.9220259 0
 475 6474 6664 7 M  0.838972776 -0.799650459 1.7638245 0
 476 6474 6564 7 M  0.274636715  0.026247710 1.0941969 0
 477 6474 6564 7 M  1.335820393  1.241010002 1.0639213 0
 478 6474 6564 7 M -0.197270930 -0.491895766 1.0912943 0
 479 6474 6564 7 F -0.588340032 -0.934148013 1.1325717 0
 480 6474 6564 7 F -0.168113120 -0.457971198 1.1717785 0
 481 6757 6840 7 F  2.386104132  0.704677189 1.6932962 0
 482 6757 6840 7 M  2.623735690  0.297793318 1.6901996 0
 483 6757 6840 7 F  1.135425398 -1.451877076 1.9697733 0
 484 6757 6840 7 F  2.138790026  0.217360420 1.8809709 0
 485 6757 6840 7 M  1.683724639 -0.317015367 1.7973512 0
 486 6757 7176 7 M  1.391004662  0.094718865 1.6136407 0
 487 6757 7176 7 M  1.207520496 -0.301003994 1.7048169 0
 488 6757 7176 7 F  1.375928717 -0.415833860 1.8410644 0
 489 6757 7176 7 M  2.395736747  0.741530477 1.7563540 0
 490 6757 7176 7 F  0.692976494 -0.684862876 1.7894285 0
 491 6815 6675 7 F  1.838957960  0.230715040 1.8261962 0
 492 6815 6675 7 M  2.912406485 -0.018218275 2.0233733 0
 493 6815 6675 7 M  2.481985169 -0.098175908 1.9275263 0
 494 6815 6675 7 M  4.369648773  1.650285103 2.0731921 0
 495 6815 6675 7 M  1.598605107  0.268018175 1.6960491 0
 496 6815 6494 7 M  2.036487983 -0.079784359 1.9161998 0
 497 6815 6494 7 F  0.798669173 -1.431078714 1.8165666 0
 498 6815 6494 7 M  2.138701074 -0.826589721 2.1484143 0
 499 6815 6494 7 M  3.867227844  0.739044005 2.1975766 0
 500 6815 6494 7 F  4.383523588  1.229430855 2.0387511 0
 501 6380 6783 7 M  3.426704057  0.388772424 2.1191143 0
 502 6380 6783 7 F  2.173467808 -0.832243249 2.1913614 0
 503 6380 6783 7 M  2.953664847 -0.286100750 2.1769665 0
 504 6380 6783 7 M  3.633708798  0.704223865 2.1269944 0
 505 6380 6783 7 F  1.472306410 -0.454075566 1.8651513 0
 506 6380 6344 7 M  3.167387189 -0.076741243 2.1598655 0
 507 6380 6344 7 M  2.236386565 -0.892825054 2.1649747 0
 508 6380 6344 7 M  2.513379849 -0.632213653 2.2274891 0
 509 6380 6344 7 F  2.907808848  0.268147568 2.0306136 0
 510 6380 6344 7 F  2.134626377 -0.817368215 2.1484164 0
 511 7035 6752 7 F  1.940473684 -0.741875868 2.0039715 0
 512 7035 6752 7 M  1.325380425 -0.904295306 1.8882421 0
 513 7035 6752 7 F  2.096550426  0.441465877 1.6027961 0
 514 7035 6752 7 F  1.097281049 -1.284139369 1.8565497 0
 515 7035 6752 7 M  2.077108525  0.238272785 1.6738021 0
 516 7035 6561 7 M  3.230484745 -0.333533188 2.2826683 0
 517 7035 6561 7 F -0.369021328 -1.084467012 1.5389423 0
 518 7035 6561 7 M  2.312494922  0.743681734 1.7510459 0
 519 7035 6561 7 F  3.290598712 -0.031366762 2.0863680 0
 520 7035 6561 7 F  1.850681016  0.135245745 1.6803746 0
 521 6387 7147 7 M  2.383402880 -0.041249057 1.9731912 0
 522 6387 7147 7 F  2.993969386 -0.350872067 2.2759582 0
 523 6387 7147 7 F  3.806158965  0.493454170 2.1649382 0
 524 6387 7147 7 M  3.075425853 -0.127820993 2.1891031 0
 525 6387 7147 7 F  3.107408846 -0.370857201 2.1961622 0
 526 6387 6391 7 F  2.741614914  0.038988631 2.0036752 0
 527 6387 6391 7 M  0.561050009 -1.508931596 2.1113422 0
 528 6387 6391 7 M  2.476817411 -0.305245449 2.3399434 0
 529 6387 6391 7 M  2.593474157  0.001472172 2.0062917 0
 530 6387 6391 7 M  3.313251161  0.521057823 2.0212828 0
 531 6717 6468 7 F  1.202310746 -0.271436911 1.7874342 0
 532 6717 6468 7 F  2.408574902  0.078192820 1.9647041 0
 533 6717 6468 7 M  2.556733464  0.373597115 1.9794126 0
 534 6717 6468 7 F  1.887303705  0.271438360 1.7518818 0
 535 6717 6468 7 M  2.452630746  0.382690076 1.9765535 0
 536 6717 7222 7 F  2.442852244  0.495776899 1.9576498 0
 537 6717 7222 7 F  1.103413852 -0.919626988 1.8765664 0
 538 6717 7222 7 M  1.490922167 -0.506261024 1.8264682 0
 539 6717 7222 7 F  1.258504972 -0.834673993 1.8869487 0
 540 6717 7222 7 F  2.855178654  0.686852535 1.9799730 0
 541 6347 6739 7 M  3.167192709  0.402145353 2.0362020 0
 542 6347 6739 7 M  3.071945087  0.455005063 1.9917924 0
 543 6347 6739 7 M  3.248935975  0.288053356 2.1323410 0
 544 6347 6739 7 F  3.311891545  0.214378769 2.2022250 0
 545 6347 6739 7 F  2.088660544 -0.699796533 2.0529186 0
 546 6347 7092 7 F -0.755838018 -0.706622131 1.1830841 0
 547 6347 7092 7 M  0.372631449  0.023552367 1.1300670 0
 548 6347 7092 7 F  1.099035334  1.158639611 1.1414830 0
 549 6347 7092 7 M  1.290146393  1.025936019 1.0609795 0
 550 6347 7092 7 M -0.586171312 -0.547766855 1.1106048 0
 551 7011 6844 7 F  2.874198972  0.558035052 2.0528048 0
 552 7011 6844 7 M  2.336316425  0.162958906 1.9307180 0
 553 7011 6844 7 M  3.157410928  0.253629496 2.1587405 0
 554 7011 6844 7 M  2.294908419 -0.045300045 1.9041017 0
 555 7011 6844 7 M  3.294736080  0.582713251 2.1097659 0
 556 7011 7051 7 M  4.518112352  1.193723657 2.1543256 0
 557 7011 7051 7 F  4.349109032  0.416274878 2.3326116 0
 558 7011 7051 7 M  3.457412152  0.206387109 2.2953320 0
 559 7011 7051 7 M  0.325086976 -1.365427361 1.7705317 0
 560 7011 7051 7 F  1.068290423 -1.054820553 1.9436616 0
 561 6334 6474 7 M -0.440039795 -0.453394215 1.0808648 0
 562 6334 6474 7 M -0.570623091 -0.284043867 1.0778143 0
 563 6334 6474 7 M  0.446372098  0.599835471 1.0637726 0
 564 6334 6474 7 F  0.412462622  0.008330637 1.2131315 0
 565 6334 6474 7 M  0.856888612  0.451166277 1.1955448 0
 566 6334 6732 7 M  2.301884784 -0.449739561 2.0305613 0
 567 6334 6732 7 F  2.540256001 -0.312571211 2.0655113 0
 568 6334 6732 7 M  2.262960813 -0.476158004 1.9792456 0
 569 6334 6732 7 M  2.252591393 -0.593949481 2.0776964 0
 570 6334 6732 7 M  3.107004131  0.420486424 2.0200836 0
 571 6581 7102 7 F  0.963933953 -0.676427732 1.7395119 0
 572 6581 7102 7 F  2.487314676  0.029045140 1.9186157 0
 573 6581 7102 7 M  1.760100939  0.384723494 1.6858752 0
 574 6581 7102 7 M  2.181348403 -0.460590515 2.0412547 0
 575 6581 7102 7 M  1.266001785 -0.116580483 1.7504088 0
 576 6581 6315 7 M -0.497762803 -0.573624196 0.9846722 0
 577 6581 6315 7 F -0.099561241  0.257696642 0.8441531 0
 578 6581 6315 7 F -0.828851963 -1.000076667 1.1379005 0
 579 6581 6315 7 F  0.314891311 -0.085058196 1.2018095 0
 580 6581 6315 7 M -0.459042584 -0.312477681 0.9825196 0
 581 6600 6327 7 M  2.328757859  0.361801109 1.8255682 0
 582 6600 6327 7 F  1.996923341 -0.164285408 1.8527188 0
 583 6600 6327 7 M  1.899916676 -0.097991918 1.8304763 0
 584 6600 6327 7 M  1.118651692 -0.481667964 1.7924966 0
 585 6600 6327 7 M  0.893476243 -1.154632312 1.8891271 0
 586 6600 6743 7 F  1.731905968  0.125555983 1.8541297 0
 587 6600 6743 7 F  0.338734738 -1.556827912 1.9012678 0
 588 6600 6743 7 M  3.468689785  0.527745297 2.1548281 0
 589 6600 6743 7 F  1.639075114 -0.342416252 1.9053740 0
 590 6600 6743 7 F  1.527875729 -0.343801407 1.8664902 0
 591 6521 7295 7 F  2.508145082 -0.078647179 2.0186274 0
 592 6521 7295 7 M  2.324364514  0.218712270 1.8811324 0
 593 6521 7295 7 F  1.095977029 -0.849716548 1.9435843 0
 594 6521 7295 7 F  1.683093201  0.183022774 1.6924339 0
 595 6521 7295 7 F  2.718497709 -0.331980570 2.1552235 0
 596 6521 7294 7 F  2.247421444  0.604454583 1.7886463 0
 597 6521 7294 7 F  1.506030235 -0.627629514 1.9354510 0
 598 6521 7294 7 F  1.562227646 -0.505032173 1.8498095 0
 599 6521 7294 7 M  2.264066805  0.203137653 1.8700239 0
 600 6521 7294 7 M  1.765630342  0.063847344 1.8207811 0
 601 6869 6681 7 M  1.991180321 -0.062816233 1.9954875 0
 602 6869 6681 7 M  2.264375925 -0.359859519 2.0836780 0
 603 6869 6681 7 M  3.893420882  1.324078238 2.1158585 0
 604 6869 6681 7 F  2.400734763  0.518167175 1.8434607 0
 605 6869 6681 7 M  3.050808839  0.664624006 1.9401949 0
 606 6869 6989 7 F  3.522086787  0.059420140 2.2713065 0
 607 6869 6989 7 F  2.100404082 -0.985506774 2.1297476 0
 608 6869 6989 7 F  3.051046734 -0.022027276 2.1559531 0
 609 6869 6989 7 M  2.506192220  0.092086890 2.1520535 0
 610 6869 6989 7 F  2.584059185 -0.930724460 2.2771520 0
 611 6333 6566 7 M -0.903445057 -0.755139873 0.9948507 0
 612 6333 6566 7 M -0.544789198 -0.313856035 1.0009607 0
 613 6333 6566 7 F -0.858109109 -0.523920766 1.0843581 0
 614 6333 6566 7 F  0.939871298  0.969115450 1.0970505 0
 615 6333 6566 7 F  0.763437435  0.622309029 1.1670329 0
 616 6333 6720 7 F  3.349720965  0.434167214 2.1588152 0
 617 6333 6720 7 F  0.935287746 -1.505358890 2.0696353 0
 618 6333 6720 7 M  2.134376761 -1.161322313 2.1330031 0
 619 6333 6720 7 F  1.923871945 -1.054810009 2.0657199 0
 620 6333 6720 7 M  3.799668527  0.820214281 2.0586112 0
 621 6317 7181 7 M  2.802650334 -0.493634004 2.3074934 0
 622 6317 7181 7 F  2.701120735  0.113924368 2.1684235 0
 623 6317 7181 7 F  1.790800953 -0.595784401 2.0547715 0
 624 6317 7181 7 F  0.604628292 -1.653892854 2.0321014 0
 625 6317 7181 7 M  3.181691819 -0.094740794 2.2880779 0
 626 6317 7150 7 M  4.060073300  0.304321577 2.3181559 0
 627 6317 7150 7 F  4.068099489  0.626728180 2.1613733 0
 628 6317 7150 7 F  3.560994585 -0.196657389 2.2847918 0
 629 6317 7150 7 F  2.472197160 -0.216204637 2.0919572 0
 630 6317 7150 7 M  2.777954282 -0.305327163 2.1854181 0
 631 6928 6856 7 M  0.313658224 -1.487627365 1.7671258 0
 632 6928 6856 7 F  3.605097459  0.783433839 2.0467516 0
 633 6928 6856 7 M  1.633969947  0.005031021 1.7436944 0
 634 6928 6856 7 F  3.487027540  0.436563951 2.0963155 0
 635 6928 6856 7 M  1.269094941 -0.510098680 1.7954325 0
 636 6928 6897 7 M  3.152563220  0.060222718 2.2574543 0
 637 6928 6897 7 M  2.698334782 -0.214481127 2.1553269 0
 638 6928 6897 7 F  3.794019053  0.748707981 2.2490092 0
 639 6928 6897 7 M  2.341343771 -0.611358385 2.0175925 0
 640 6928 6897 7 F  1.618112356 -0.158574483 1.8336779 0
 641 7299 6472 7 M  0.748118277 -0.310116616 1.4816165 0
 642 7299 6472 7 M  2.244868783  0.449328618 1.8114635 0
 643 7299 6472 7 F  2.636640304 -0.453101343 2.0753820 0
 644 7299 6472 7 F  2.441484020  0.129479031 1.9007103 0
 645 7299 6472 7 M -0.393664511 -1.465994954 1.5020619 0
 646 7299 6920 7 M  2.610512775  1.037402676 1.6546261 0
 647 7299 6920 7 F  1.904131391 -0.265343957 1.8386423 0
 648 7299 6920 7 M  2.352383100  0.806010314 1.6161566 0
 649 7299 6920 7 M  1.338814140 -0.171463971 1.5873211 0
 650 7299 6920 7 M  0.981653883 -0.268631438 1.6014457 0
 651 6525 7105 7 M  3.136183709 -0.020529251 2.1263608 0
 652 6525 7105 7 M  3.729203194  0.410986366 2.3149842 0
 653 6525 7105 7 M  2.262675561 -0.564430657 2.0783444 0
 654 6525 7105 7 F  2.526287101 -0.635619711 2.1783279 0
 655 6525 7105 7 M  2.710122664 -0.021489038 2.1105189 0
 656 6525 6997 7 M  2.763628067 -0.376685525 2.1875798 0
 657 6525 6997 7 F  3.991910504  1.004889701 2.2335360 0
 658 6525 6997 7 M  3.524473491  1.411538140 1.9744958 0
 659 6525 6997 7 F  2.700275524  0.352508219 1.9621228 0
 660 6525 6997 7 M  1.179312073 -0.657380732 1.7894927 0
 661 6665 7237 7 M  3.164763235  0.128291267 2.0825980 0
 662 6665 7237 7 F  4.022424724  0.949590229 2.0107485 0
 663 6665 7237 7 F  1.993714698 -0.360329279 2.0521256 0
 664 6665 7237 7 F  1.844010347 -0.562312677 1.8706267 0
 665 6665 7237 7 M  3.419005785 -0.275358852 2.2601779 0
 666 6665 6796 7 F  2.691390330 -0.100995965 2.1572933 0
 667 6665 6796 7 M  1.682902987 -0.887948887 2.0080081 0
 668 6665 6796 7 F  4.423507469  1.324044898 2.2121267 0
 669 6665 6796 7 F  2.598459635 -0.295496512 2.1233254 0
 670 6665 6796 7 F  1.782404874 -0.888575955 2.1418549 0
 671 6635 6749 7 F  3.951298051  1.269735410 2.0995307 0
 672 6635 6749 7 F  2.197814290 -0.678131087 2.0702001 0
 673 6635 6749 7 M  3.102737561  0.367601415 2.0168936 0
 674 6635 6749 7 M  1.397235860 -1.389301411 2.0241935 0
 675 6635 6749 7 F  3.951998230  1.840943818 1.7485698 0
 676 6635 6306 7 F -0.009577615 -0.025619480 1.0814408 0
 677 6635 6306 7 F  0.442543797  0.182893955 1.0908626 0
 678 6635 6306 7 F  0.673731109  0.469266348 1.0565198 0
 679 6635 6306 7 F  0.088216813 -0.072677132 1.2436242 0
 680 6635 6306 7 F -1.176733379 -1.490781561 1.1015393 0
 681 6566 6328 7 M -0.319407070 -1.994898472 1.7775331 0
 682 6566 6328 7 F  1.021941749 -0.840368469 1.8919650 0
 683 6566 6328 7 M  2.015051634  0.329051809 1.8550300 0
 684 6566 6328 7 F  1.598680255 -0.170679333 1.7445736 0
 685 6566 6328 7 M  2.316333837  0.333023450 1.8467789 0
 686 6566 7130 7 M  2.142608566 -0.410499234 1.9618443 0
 687 6566 7130 7 F  2.781378043  0.035144924 2.0180257 0
 688 6566 7130 7 F  1.381211124 -1.708351574 2.1233990 0
 689 6566 7130 7 F  3.484074235  0.872868476 1.9643688 0
 690 6566 7130 7 F  2.326308914  0.479871201 1.8128403 0
 691 6384 6918 7 F  2.026977105 -0.703173665 1.9380109 0
 692 6384 6918 7 F  1.547980624 -0.199013142 1.7754380 0
 693 6384 6918 7 F  1.976461427 -0.510663521 1.9552443 0
 694 6384 6918 7 F  2.956780108  0.458479052 2.0225701 0
 695 6384 6918 7 M  0.959214869 -1.353787567 1.9220792 0
 696 6384 7275 7 F  2.537355671  1.013694124 1.8054443 0
 697 6384 7275 7 M  2.184537683  0.052310177 1.8679131 0
 698 6384 7275 7 F  1.871110209 -0.539297074 2.0455645 0
 699 6384 7275 7 M  3.053719367  0.219542072 2.0896965 0
 700 6384 7275 7 M  2.301932768  0.619023217 1.7684308 0
 701 6756 7216 7 M  3.578730690  0.300201804 2.1781672 0
 702 6756 7216 7 F  2.712657759 -0.539246616 2.2267560 0
 703 6756 7216 7 F  2.775642930 -0.693051974 2.2868483 0
 704 6756 7216 7 F  3.767990245  0.650108128 2.1312339 0
 705 6756 7216 7 M  3.501943455  0.865850942 1.9697521 0
 706 6756 6643 7 F  1.654108142 -0.279276930 1.9114715 0
 707 6756 6643 7 M  3.727501034  0.797072824 2.0994665 0
 708 6756 6643 7 F  3.011339976  0.787300032 1.9589972 0
 709 6756 6643 7 F  1.494876140 -0.758787945 1.8700445 0
 710 6756 6643 7 F  3.315495316  1.140512151 1.9626691 0
 711 6460 6770 7 M  0.269165039 -1.176042852 1.6355413 0
 712 6460 6770 7 F  4.037009527  1.546777816 1.9433111 0
 713 6460 6770 7 F  2.640599293  0.188221819 1.8478529 0
 714 6460 6770 7 F  1.681494389 -0.148893680 1.7670652 0
 715 6460 6770 7 M  0.400252821 -0.946640045 1.5372786 0
 716 6460 6922 7 F  2.704128572  0.352855911 1.8359524 0
 717 6460 6922 7 M  1.634626881 -0.255560028 1.6515446 0
 718 6460 6922 7 F  0.892927025 -0.947007240 1.7192316 0
 719 6460 6922 7 F  1.875272081  0.209546846 1.6222084 0
 720 6460 6922 7 M  0.497263083 -0.717220027 1.4929855 0
 721 6364 6629 7 M  2.991731865 -0.254492677 2.1663988 0
 722 6364 6629 7 F  4.078477480  0.855714498 2.2385102 0
 723 6364 6629 7 M  2.689093896 -0.169668004 1.9247409 0
 724 6364 6629 7 F  3.956352235  0.790892106 2.3074313 0
 725 6364 6629 7 M  1.921733697 -0.852259117 1.8740916 0
 726 6364 6702 7 M  2.807424303  0.695855600 1.9054833 0
 727 6364 6702 7 F  1.524176582 -0.437382173 1.8413659 0
 728 6364 6702 7 F  3.250225256  0.810429016 2.0744445 0
 729 6364 6702 7 M  1.304677634 -1.070870312 1.9732404 0
 730 6364 6702 7 F  3.270674600 -0.023884024 2.2605065 0
 731 6322 6977 7 F  2.926980006 -0.280454589 2.0646778 0
 732 6322 6977 7 F  4.261354830  1.351584873 2.0245358 0
 733 6322 6977 7 M  3.030981385  0.164442398 1.9962636 0
 734 6322 6977 7 M  2.871469519 -0.070384959 1.9995153 0
 735 6322 6977 7 F  1.951395558 -0.608275654 1.9342044 0
 736 6322 6554 7 M  1.035413309 -0.357322599 1.6692783 0
 737 6322 6554 7 F  3.141734706  0.611659263 2.0811212 0
 738 6322 6554 7 F  3.642718688  0.616554873 2.2062033 0
 739 6322 6554 7 M  0.399863746 -0.981569503 1.6849079 0
 740 6322 6554 7 F  3.374817341  0.180525105 2.1686970 0
 741 7091 7148 7 F  2.733456233 -0.366978641 2.0968336 0
 742 7091 7148 7 F  3.187771802  0.780827801 2.1131967 0
 743 7091 7148 7 F  3.857363778  1.025155291 2.0191943 0
 744 7091 7148 7 F  2.266404739 -0.224379803 1.9615763 0
 745 7091 7148 7 M  1.374261348 -1.231812989 2.2141119 0
 746 7091 7140 7 M  1.732364030  0.230627368 1.7053402 0
 747 7091 7140 7 F  2.120993452 -0.409649425 1.9873002 0
 748 7091 7140 7 F  4.191787124  0.928476130 2.1802540 0
 749 7091 7140 7 F  1.473902247 -1.270676690 2.1111624 0
 750 7091 7140 7 F  3.084899071 -0.158384448 2.1879355 0
 751 7092 7248 7 F  2.202337402 -0.475795513 2.0552199 0
 752 7092 7248 7 F  1.648662314 -0.068388439 1.6701771 0
 753 7092 7248 7 M  1.628349668 -1.071825413 1.9236508 0
 754 7092 7248 7 M  1.314024299 -0.364090315 1.6639390 0
 755 7092 7248 7 F  1.683591060  0.075968760 1.7322666 0
 756 7092 6409 7 M  1.398614252 -1.700949551 2.0863966 0
 757 7092 6409 7 M  1.762168355 -0.109436998 1.9193768 0
 758 7092 6409 7 F  3.770983744  0.885422680 2.0930183 0
 759 7092 6409 7 M  2.292827431 -0.784834226 2.1659723 0
 760 7092 6409 7 M  2.779135695 -0.409822400 2.2040348 0
 761 6679 6482 7 M  1.109004409 -1.051630652 1.8847576 0
 762 6679 6482 7 M  1.823396101 -0.485915856 1.9085201 0
 763 6679 6482 7 M  1.010368817 -0.371344512 1.7468759 0
 764 6679 6482 7 M  1.611874550 -0.368732671 1.9279241 0
 765 6679 6482 7 M  2.590439469  0.746384786 1.9100335 0
 766 6679 6321 7 M  4.264748606  1.142967566 2.1761657 0
 767 6679 6321 7 M  1.518560777 -0.653665839 2.0645061 0
 768 6679 6321 7 F  2.648006254  0.937170330 1.8718428 0
 769 6679 6321 7 F  1.043031896 -0.779168999 1.9991225 0
 770 6679 6321 7 F  1.723564263 -0.705641723 2.0322885 0
 771 6305 7065 7 M  1.712866301  0.217689667 1.9854504 0
 772 6305 7065 7 F  0.702031396 -0.795365054 1.9459844 0
 773 6305 7065 7 M  2.056328815  0.169652205 1.8812690 0
 774 6305 7065 7 F  2.556143377  1.044025833 1.9478223 0
 775 6305 7065 7 M  0.695628251 -1.041617301 2.1885204 0
 776 6305 6753 7 F  3.770705427  0.727596073 2.2998679 0
 777 6305 6753 7 F  3.970828909  0.743930608 2.2298667 0
 778 6305 6753 7 F  1.928573381  0.618613783 1.7610506 0
 779 6305 6753 7 M  2.699588423  0.255896890 2.1214947 0
 780 6305 6753 7 F  2.463533086 -0.398861703 2.0810305 0
 781 6385 7159 7 M  3.568244048  0.715505754 2.1029794 0
 782 6385 7159 7 M  3.157865606  0.755975969 2.0189330 0
 783 6385 7159 7 M  3.399374080  0.537973498 2.0023566 0
 784 6385 7159 7 F  3.161237782 -0.095624792 2.2509002 0
 785 6385 7159 7 M  3.149572791  0.720381249 2.1447589 0
 786 6385 7177 7 M  2.765174037  0.285611287 1.9860784 0
 787 6385 7177 7 M  1.830199883 -0.424132446 1.8389981 0
 788 6385 7177 7 F  2.433879093  0.805978617 1.6957815 0
 789 6385 7177 7 M  3.178483699  0.364297516 2.0687923 0
 790 6385 7177 7 F  3.188518775  0.096298859 2.1377266 0
 791 6527 7066 7 M  3.433757089  0.711799093 2.1665421 0
 792 6527 7066 7 M  2.572576730  0.082407666 2.0560514 0
 793 6527 7066 7 F  1.020579688 -0.680468552 1.9137041 0
 794 6527 7066 7 M  2.543359732  0.216677963 2.0001021 0
 795 6527 7066 7 M  2.277950817 -0.530515021 2.2072432 0
 796 6527 6523 7 F  2.556869755  0.066743264 2.0454276 0
 797 6527 6523 7 M  1.102975436 -1.520637799 2.0905184 0
 798 6527 6523 7 F  2.792792772  0.776287748 1.8791977 0
 799 6527 6523 7 M  2.679891830 -0.363885175 1.9896893 0
 800 6527 6523 7 F  3.613175631  0.903529064 1.9202630 0
 801 6613 6312 7 M -0.170247808 -0.170158996 0.9853119 0
 802 6613 6312 7 M -1.002619812 -1.378595861 1.2401318 0
 803 6613 6312 7 F -0.042708580  0.088183211 1.0092043 0
 804 6613 6312 7 F -0.853918344 -0.832392855 0.9378287 0
 805 6613 6312 7 F  2.012157271  1.152695762 1.3542491 0
 806 6613 7006 7 F  1.656765243 -0.312795269 1.8421418 0
 807 6613 7006 7 F  1.583962344 -0.213510320 1.7507514 0
 808 6613 7006 7 F  0.854267619 -1.015098461 1.9606814 0
 809 6613 7006 7 M  1.345715952 -0.372048295 1.6324629 0
 810 6613 7006 7 F  1.575826102 -0.281191336 1.7403216 0
 811 6518 6610 7 M  1.012800092 -1.128331319 1.9258632 0
 812 6518 6610 7 M  1.594067556 -0.606520126 2.0331341 0
 813 6518 6610 7 F  3.056930680  0.954037504 1.8710627 0
 814 6518 6610 7 F  2.298293532  0.305491282 1.8611847 0
 815 6518 6610 7 M  1.338217609 -0.760643046 1.9060643 0
 816 6518 6343 7 F  1.109418600 -0.838013048 1.8362503 0
 817 6518 6343 7 F  2.150367926 -0.488500903 1.9701492 0
 818 6518 6343 7 F  1.547861745 -0.589734723 1.8314436 0
 819 6518 6343 7 M  2.588600955  0.437141444 1.8935008 0
 820 6518 6343 7 F  1.436481621 -1.130471448 1.9160899 0
 821 6514 7208 7 F  3.057513786 -0.140591253 2.1860915 0
 822 6514 7208 7 M  1.346407188  0.723421329 1.3869213 0
 823 6514 7208 7 M  1.513776768  0.124945944 1.5129067 0
 824 6514 7208 7 F  1.558739584 -0.628885456 1.8467280 0
 825 6514 7208 7 F  0.893886590 -0.177191507 1.4920421 0
 826 6514 6680 7 M  3.459062190  1.365503944 1.8579538 0
 827 6514 6680 7 M  4.054512739  0.755763224 2.1892512 0
 828 6514 6680 7 F  3.623417355  0.395109903 2.2031379 0
 829 6514 6680 7 F  1.978327064 -0.686993437 2.0098709 0
 830 6514 6680 7 F  3.072305286 -0.101769515 2.0686723 0
 831 6598 6776 7 F  2.533877507 -0.267848278 2.0092672 0
 832 6598 6776 7 F  2.956861246  0.812778447 1.9126287 0
 833 6598 6776 7 M  2.418642283 -0.409966601 2.0367950 0
 834 6598 6776 7 F  1.663646573 -0.263116196 1.8189028 0
 835 6598 6776 7 F  4.058166953  0.974914194 2.0081062 0
 836 6598 7201 7 F  2.010495283 -0.173492970 2.0183655 0
 837 6598 7201 7 M  2.282179531 -0.150964303 2.0668442 0
 838 6598 7201 7 M  2.905514208 -0.113802167 2.1494487 0
 839 6598 7201 7 M  3.029923722  0.737529632 2.0879634 0
 840 6598 7201 7 M  3.136157094  0.075619502 2.2124864 0
 841 7115 7219 7 F  1.588774526 -0.233524110 1.8496771 0
 842 7115 7219 7 F  1.135987603 -1.257072220 1.9630265 0
 843 7115 7219 7 F  2.828285026  0.229130434 1.9216663 0
 844 7115 7219 7 M  1.158934803 -0.124121073 1.5839557 0
 845 7115 7219 7 M  1.453387774 -0.956661680 1.8702116 0
 846 7115 6668 7 M  2.083650164 -0.245915835 1.9537156 0
 847 7115 6668 7 M  3.144849537  0.767857584 1.9651793 0
 848 7115 6668 7 M  2.678337858  0.478978282 1.8230057 0
 849 7115 6668 7 F  2.469318194 -0.596458024 2.1020166 0
 850 7115 6668 7 M  2.196675901  0.049873882 1.9428408 0
 851 6927 6948 7 F  2.661814658  0.181881199 1.9739210 0
 852 6927 6948 7 F  2.849691610  0.018874686 2.0996728 0
 853 6927 6948 7 M  2.552417810 -0.072978484 2.0067842 0
 854 6927 6948 7 M  3.362394752  0.754294483 2.0215484 0
 855 6927 6948 7 F  3.227257182  0.855926641 2.0060487 0
 856 6927 7232 7 M  5.006418689  2.466534448 1.9823464 0
 857 6927 7232 7 M  2.012627842 -0.493508164 2.0020513 0
 858 6927 7232 7 F  2.326115922  0.384547876 1.8505787 0
 859 6927 7232 7 F  3.093100279  0.703048390 1.9786921 0
 860 6927 7232 7 M  1.308795332 -1.455403613 2.0140543 0
 861 6863 7118 7 M  2.756639762 -0.294503314 2.0860672 0
 862 6863 7118 7 M  2.451784687 -0.432618847 2.0824159 0
 863 6863 7118 7 F  2.453039849 -0.322449318 2.0241357 0
 864 6863 7118 7 M  3.439344656 -0.086861941 2.1828199 0
 865 6863 7118 7 F  2.570070436  0.417390846 1.8490835 0
 866 6863 6529 7 F  2.301833069 -0.703333784 2.1632336 0
 867 6863 6529 7 M  2.079251335 -0.141744186 1.9047354 0
 868 6863 6529 7 F  4.213406763  0.874186734 2.1404901 0
 869 6863 6529 7 F  3.241602442  0.267057322 2.1639841 0
 870 6863 6529 7 M  2.158197426 -0.225320598 2.0463802 0
 871 6853 6998 7 M  1.843998262  0.256609318 1.8021537 0
 872 6853 6998 7 M  1.642549967  0.151993840 1.6729324 0
 873 6853 6998 7 M  1.760886929 -1.254155022 2.1648190 0
 874 6853 6998 7 M  1.267826284 -0.275643243 1.7984279 0
 875 6853 6998 7 F  2.413768621  0.034042151 2.1407825 0
 876 6853 7207 7 M  1.872303594  0.425559480 1.8272341 0
 877 6853 7207 7 M  2.612198503  0.918452121 1.8639675 0
 878 6853 7207 7 F  1.079391493 -0.444389441 1.6274036 0
 879 6853 7207 7 M  2.540592747  0.747424937 1.7722742 0
 880 6853 7207 7 M  1.251166914 -0.013692711 1.6061112 0
 881 7009 6326 7 F  1.840616811  0.219952911 1.6432665 0
 882 7009 6326 7 F  1.947999121  0.202481971 1.7864928 0
 883 7009 6326 7 F  1.970444293  0.054011989 1.8406393 0
 884 7009 6326 7 F  1.706054504  0.298330070 1.7078860 0
 885 7009 6326 7 M  1.953513862  0.495919339 1.5693199 0
 886 7009 6916 7 F  3.908018982  0.689660625 2.2044399 0
 887 7009 6916 7 F  2.126691416 -0.852678298 2.1475775 0
 888 7009 6916 7 M  2.305520252 -0.418497322 1.8768776 0
 889 7009 6916 7 F  4.396259245  1.131429274 2.2248467 0
 890 7009 6916 7 F  1.702327727 -1.514155967 2.2084581 0
 891 6563 6890 7 F  1.192962025 -0.092371896 1.6334935 0
 892 6563 6890 7 F  1.635976255 -0.006934070 1.7462280 0
 893 6563 6890 7 F  2.457692144  0.221341454 1.8530933 0
 894 6563 6890 7 F  3.829259375  1.001606476 2.0646447 0
 895 6563 6890 7 F  1.383745972 -0.312019962 1.8385921 0
 896 6563 7182 7 M  1.290159866 -1.118936189 1.9622066 0
 897 6563 7182 7 M  2.289442202 -0.040628458 1.9421358 0
 898 6563 7182 7 M  1.291969724 -0.929750248 1.9795909 0
 899 6563 7182 7 F  3.199256784  0.294474571 2.1198630 0
 900 6563 7182 7 M  2.935427902  0.087951447 2.1362644 0
 901 7027 6547 7 M  3.939027506  1.268513202 1.9336054 0
 902 7027 6547 7 M  2.062781932 -0.729289047 2.0076066 0
 903 7027 6547 7 F  2.430491791 -0.010563753 1.8448498 0
 904 7027 6547 7 M  2.928844629  0.492405405 1.8488427 0
 905 7027 6547 7 M  2.805030231 -0.184321205 2.1043434 0
 906 7027 7279 7 M  3.343113951  1.003737008 1.8149361 0
 907 7027 7279 7 F  2.479696442 -0.235203480 1.9509993 0
 908 7027 7279 7 F  2.852090456  0.499814334 1.8256333 0
 909 7027 7279 7 F  1.947986940 -0.947685354 2.0490563 0
 910 7027 7279 7 F  2.794348172  0.614855399 1.7758692 0
 911 6842 6979 7 F  2.336866136 -0.214587265 2.0387282 0
 912 6842 6979 7 F  2.916972144  0.225441384 1.8935588 0
 913 6842 6979 7 F  1.515684239 -0.954318146 1.7693056 0
 914 6842 6979 7 F  2.240904261 -0.308752283 2.0417101 0
 915 6842 6979 7 M  1.609098618 -0.268573489 1.7094259 0
 916 6842 7240 7 M  2.064250110  0.240534622 1.8254017 0
 917 6842 7240 7 M  1.231314125 -0.805717982 1.8328470 0
 918 6842 7240 7 M  1.794235897 -0.109736178 1.8188657 0
 919 6842 7240 7 F  3.629917101  0.159035294 2.2146767 0
 920 6842 7240 7 F  2.635519033  0.672883963 1.6982902 0
 921 6653 7052 7 M  3.370595213  0.038469696 2.2971052 0
 922 6653 7052 7 M  0.751604724 -1.386719116 1.9390119 0
 923 6653 7052 7 M  1.007522088 -1.157307301 1.8254032 0
 924 6653 7052 7 F  4.025490798  0.902983643 2.1913011 0
 925 6653 7052 7 M  1.619365017 -0.625390300 1.9110316 0
 926 6653 6557 7 M  3.108645634  0.209230295 1.9536593 0
 927 6653 6557 7 M  1.648841888 -0.502790902 1.8735240 0
 928 6653 6557 7 M  1.855967981 -0.382674391 1.8843426 0
 929 6653 6557 7 M  0.622364629 -1.375691825 1.6739560 0
 930 6653 6557 7 F  3.339668025  0.154373588 2.1473903 0
 931 6458 6868 7 M  4.367787460  1.314026517 2.0523410 0
 932 6458 6868 7 F  2.866257199  0.616229679 1.9432918 0
 933 6458 6868 7 M  3.038946835 -0.240513723 2.2913975 0
 934 6458 6868 7 M  2.636840071 -0.467605017 2.1254210 0
 935 6458 6868 7 F  2.697946112  0.442383463 2.0083842 0
 936 6458 6483 7 M  2.251811655  0.432387905 1.7585082 0
 937 6458 6483 7 M  2.015966368  0.339734387 1.7495923 0
 938 6458 6483 7 M  1.467178776 -0.532098594 1.7618902 0
 939 6458 6483 7 F  1.646816757  0.421656011 1.7035586 0
 940 6458 6483 7 F  2.717865003  1.031915117 1.7500229 0
 941 6469 6473 7 M  2.158830342  0.273290022 1.8115500 0
 942 6469 6473 7 F  1.667648624 -0.081648760 1.8686770 0
 943 6469 6473 7 F  1.975738965  0.197475795 1.8883516 0
 944 6469 6473 7 M  2.471633597 -0.008231677 2.0432525 0
 945 6469 6473 7 F  1.507170152 -0.874906701 2.0695678 0
 946 6469 7129 7 F  3.852468207  0.241025790 2.2846404 0
 947 6469 7129 7 M  3.021652138  0.304872867 1.9089353 0
 948 6469 7129 7 M  4.130142536  0.577525335 2.3797375 0
 949 6469 7129 7 F  4.868966056  1.505023480 2.0716220 0
 950 6469 7129 7 M  2.142947952 -0.476464823 2.0958732 0
 951 6512 6904 7 F  3.093962734  1.075445253 1.9048318 0
 952 6512 6904 7 F  0.457905862 -2.005628564 2.0285208 0
 953 6512 6904 7 M  3.366510084  0.297941033 2.1314572 0
 954 6512 6904 7 F  2.173417188 -0.009733141 1.9128634 0
 955 6512 6904 7 F  3.194541590  0.094749997 2.0717016 0
 956 6512 6861 7 M  0.654567844  0.720853054 1.1176315 0
 957 6512 6861 7 F -0.924541172 -0.632604283 0.9905815 0
 958 6512 6861 7 M  0.249389460  0.682330549 1.0203937 0
 959 6512 6861 7 F -0.553298642 -0.108518023 1.0481550 0
 960 6512 6861 7 F -0.195175993  1.012649069 0.8210055 0
 961 6894 7183 7 M  2.335754809  1.210285839 1.5643493 0
 962 6894 7183 7 F  1.909246582 -1.012942072 2.0102852 0
 963 6894 7183 7 F  2.201663478  0.532228287 1.7750851 0
 964 6894 7183 7 F  0.935071038 -1.050818048 1.7825798 0
 965 6894 7183 7 F  3.040644336  0.605464503 1.8925051 0
 966 6894 6532 7 M  1.278735949 -0.236314485 1.7510752 0
 967 6894 6532 7 F  1.411365877  0.162892306 1.7267453 0
 968 6894 6532 7 F  1.966118260  0.427085291 1.6705103 0
 969 6894 6532 7 F  1.403432670 -0.114780748 1.7515704 0
 970 6894 6532 7 M  1.452624657 -0.200597846 1.7781970 0
 971 6452 7039 7 M  2.012374643 -0.536386312 1.9242572 0
 972 6452 7039 7 M  1.324987446 -0.796172036 1.7168841 0
 973 6452 7039 7 F  2.034745644  0.312112396 1.5965963 0
 974 6452 7039 7 M  1.634402143 -0.465361188 1.6462300 0
 975 6452 7039 7 F  1.186561167 -0.275071373 1.5531907 0
 976 6452 6380 7 M  0.526073868  0.138652217 1.2141568 0
 977 6452 6380 7 F  0.424207796  0.270455380 1.0184312 0
 978 6452 6380 7 M  0.061437847  0.534235985 0.9507955 0
 979 6452 6380 7 M  0.886092502  0.618761698 1.0392647 0
 980 6452 6380 7 F -0.548339008 -1.058506346 1.2374599 0
 981 6758 6744 7 M  2.525896059 -0.414300485 2.0967178 0
 982 6758 6744 7 F  1.573206646 -0.526186992 1.9132283 0
 983 6758 6744 7 F  3.079983905  0.943686216 1.9163566 0
 984 6758 6744 7 F  2.450887866 -0.240715458 1.9640994 0
 985 6758 6744 7 M  1.625115442 -1.110502316 2.0806005 0
 986 6758 7106 7 M  3.440031028  0.606722580 2.0996860 0
 987 6758 7106 7 M  3.784536631  0.579492025 2.1574024 0
 988 6758 7106 7 F  3.466598826  0.425824953 2.0676595 0
 989 6758 7106 7 M  3.866911318  0.335573799 2.2154719 0
 990 6758 7106 7 F  3.044015269 -0.079117009 2.0371980 0
 991 6908 6907 7 M  2.559246213  0.032457912 2.1052644 0
 992 6908 6907 7 F  1.335895932  0.033965835 1.6405516 0
 993 6908 6907 7 M  1.574168257  0.341911635 1.6516570 0
 994 6908 6907 7 M  0.430881158 -1.148009034 1.8534069 0
 995 6908 6907 7 F  1.513856294 -0.898382754 2.1059144 0
 996 6908 6867 7 M  2.853984511 -0.538434431 2.3149572 0
 997 6908 6867 7 F  2.794299395  0.647580457 1.9067540 0
 998 6908 6867 7 F  2.329458852 -0.892598326 2.4901389 0
 999 6908 6867 7 F  4.373598438  1.385348899 2.1483667 0
1000 6908 6867 7 M  2.927742364 -0.398685095 2.2076368 0
