ID sire dam generation sex phen env tbvp gebvp
   1 6481 6891 7 F  1.521771832 -0.505819499 1.9275732 0
   2 6481 6891 7 M  2.471922106  0.681125035 1.9274420 0
   3 6481 6891 7 M  1.301664146 -0.376061583 1.9197871 0
   4 6481 6891 7 F  2.624106237 -0.308104540 2.1443029 0
   5 6481 6891 7 F  3.651997263  0.784380847 2.1382400 0
   6 6481 6357 7 F  3.744401766  0.364844319 2.2448051 0
   7 6481 6357 7 F  0.794941100 -1.852138544 2.0686661 0
   8 6481 6357 7 M  2.086604687 -0.721121254 2.1313564 0
   9 6481 6357 7 F  1.702103768 -0.032149284 1.8999631 0
  10 6481 6357 7 M  4.261352095  0.757926280 2.2385653 0
  11 6486 6428 7 F  1.658436316 -0.495226459 1.9966808 0
  12 6486 6428 7 F  2.516695455  0.211039619 2.0308647 0
  13 6486 6428 7 F  1.557358328 -0.469745490 1.8853960 0
  14 6486 6428 7 M  2.259456184 -0.390135374 2.1519279 0
  15 6486 6428 7 F  2.567805594  0.487707847 1.9503274 0
  16 6486 6837 7 F  2.267452232  0.123491014 1.9876159 0
  17 6486 6837 7 M  3.582368478  0.856381668 2.1227357 0
  18 6486 6837 7 M  2.249870674  0.095156952 2.0157879 0
  19 6486 6837 7 M  1.473846042 -1.063242194 2.1911537 0
  20 6486 6837 7 F  1.603117949 -0.652794789 2.0450868 0
  21 6938 6797 7 M  3.078809708  0.879399535 1.9492123 0
  22 6938 6797 7 M  2.330492012 -0.245562589 2.0279450 0
  23 6938 6797 7 M  3.289549854  0.313365298 2.0856001 0
  24 6938 6797 7 M  3.698304340  1.002316662 1.9881882 0
  25 6938 6797 7 M  3.319432193  0.228198509 2.0584439 0
  26 6938 6689 7 M  2.817529956  0.866807864 1.8891670 0
  27 6938 6689 7 F  1.425878482 -1.115057075 2.0736208 0
  28 6938 6689 7 M  1.650815284  0.395203596 1.7003642 0
  29 6938 6689 7 M  0.705583068 -0.963569731 1.9079826 0
  30 6938 6689 7 M  2.528449694 -0.068530177 2.0797808 0
  31 6702 6979 7 M  3.121030676  0.449863903 2.0268999 0
  32 6702 6979 7 M  2.375074809 -0.560099903 2.0738604 0
  33 6702 6979 7 M  1.850234286 -0.149898055 1.9675505 0
  34 6702 6979 7 F -0.086974130 -2.195657694 2.0634879 0
  35 6702 6979 7 F  2.371877368 -0.584642282 2.0335364 0
  36 6702 6489 7 F  3.477920159  1.344968964 2.0813500 0
  37 6702 6489 7 F  4.077400200  1.510402002 2.2173402 0
  38 6702 6489 7 F  1.461427249 -0.627919073 2.0731147 0
  39 6702 6489 7 F  2.512345383 -0.184370756 2.0246341 0
  40 6702 6489 7 F  2.821428907  0.377059690 2.2569582 0
  41 6636 6479 7 M  2.257169732  0.068614775 2.0855522 0
  42 6636 6479 7 M  4.145063662  1.068550900 2.2373421 0
  43 6636 6479 7 M  2.450348097 -1.057898604 2.3622076 0
  44 6636 6479 7 M  2.248933114 -0.353028834 2.1204562 0
  45 6636 6479 7 F  1.168293809 -2.281824078 2.3655207 0
  46 6636 6505 7 M  2.135563188  0.069486945 2.0270948 0
  47 6636 6505 7 M  2.277745352  0.046405120 2.0395521 0
  48 6636 6505 7 M  2.501317900  0.290059214 1.9503994 0
  49 6636 6505 7 F  3.394577649  1.550904604 1.9196338 0
  50 6636 6505 7 F  1.916934931 -0.102395058 1.9938274 0
  51 6518 6636 7 M  0.512157376 -0.056771772 1.2979335 0
  52 6518 6636 7 M  0.846251046  0.721680464 1.3531582 0
  53 6518 6636 7 F  1.487385105  1.256468911 1.2706123 0
  54 6518 6636 7 F  0.666876206  0.847834060 1.2556694 0
  55 6518 6636 7 F  1.593859020  1.031369717 1.2992135 0
  56 6518 6587 7 F  1.990478848 -1.028561796 2.1021034 0
  57 6518 6587 7 F  2.944295080 -0.272884986 2.0844573 0
  58 6518 6587 7 M  1.889223706 -0.760050905 2.1256852 0
  59 6518 6587 7 F  2.735248439 -0.817606713 2.1875927 0
  60 6518 6587 7 M  2.024916056 -0.804392624 2.1509109 0
  61 6347 6639 7 M -0.300757565 -0.287274467 1.2091103 0
  62 6347 6639 7 M  0.333911860 -0.077509777 1.1800356 0
  63 6347 6639 7 M  0.481895822  0.589221734 1.2637110 0
  64 6347 6639 7 F -0.028968992 -0.524004877 1.3477517 0
  65 6347 6639 7 M  1.342067329  0.963931869 1.3518417 0
  66 6347 6638 7 M  3.624914084  0.393124353 2.3329817 0
  67 6347 6638 7 F  1.969010557 -1.506543485 2.2605918 0
  68 6347 6638 7 F  2.774675650 -0.043122730 2.2272819 0
  69 6347 6638 7 F  1.736952866 -0.838599282 2.0169595 0
  70 6347 6638 7 M  2.770697939 -0.277656254 2.1220409 0
  71 6318 6839 7 M  4.175029365  0.990417609 2.3492020 0
  72 6318 6839 7 F  1.981717043 -0.616209012 2.0727082 0
  73 6318 6839 7 F  2.235507725  0.141977390 2.0468799 0
  74 6318 6839 7 F  2.249988085 -0.142216425 2.0488984 0
  75 6318 6839 7 M  4.114754012  1.345007898 2.0949736 0
  76 6318 7125 7 F  1.739258111 -1.414568078 2.2617583 0
  77 6318 7125 7 M  2.397234888 -0.917744554 2.1904091 0
  78 6318 7125 7 F  4.310360491  0.996311260 2.3151470 0
  79 6318 7125 7 M  2.440374271 -1.019236102 2.2813074 0
  80 6318 7125 7 F  4.155394211  1.230092589 2.1913502 0
  81 6985 6656 7 M  0.970421111 -1.162826752 1.9952284 0
  82 6985 6656 7 M  3.751463482  0.985157713 2.0981651 0
  83 6985 6656 7 M  2.105345099  0.297340482 1.7905963 0
  84 6985 6656 7 M  3.000928872 -0.310559400 2.1272081 0
  85 6985 6656 7 M  3.449745875  1.319989856 1.9268395 0
  86 6985 6750 7 M  1.075622267 -0.921797895 1.9906231 0
  87 6985 6750 7 F  1.308856474 -1.064376348 1.9861824 0
  88 6985 6750 7 F  1.199570494 -0.624866430 2.1397466 0
  89 6985 6750 7 F  3.704042128  0.550586364 2.0994311 0
  90 6985 6750 7 F  0.806319603 -0.833928255 2.0926223 0
  91 6319 6804 7 M  2.445472097 -0.346851818 2.2023846 0
  92 6319 6804 7 M  3.859117723  0.555664833 2.2352971 0
  93 6319 6804 7 F  3.222208611  1.083478404 1.9461286 0
  94 6319 6804 7 F  1.141482307 -0.462762260 1.9365082 0
  95 6319 6804 7 M  0.291189940 -1.018241160 1.8288537 0
  96 6319 6336 7 F  2.729035643  0.014344267 2.2588325 0
  97 6319 6336 7 F  2.115964117  0.213628082 1.8239326 0
  98 6319 6336 7 F  2.709322959 -0.203586060 2.2292472 0
  99 6319 6336 7 M  2.923440642 -0.072539929 2.2729040 0
 100 6319 6336 7 M  1.676511699 -0.173650723 1.8899817 0
 101 6852 6793 7 M  3.169440846  0.562765456 2.1043204 0
 102 6852 6793 7 M  4.184798395  1.022539876 2.1138429 0
 103 6852 6793 7 F  2.647481928  0.001497367 2.0689754 0
 104 6852 6793 7 F  2.829326395 -0.213646332 2.1274364 0
 105 6852 6793 7 M  2.250903115 -1.202336000 2.1718835 0
 106 6852 6735 7 M  2.595677361 -0.031343675 2.0063069 0
 107 6852 6735 7 M  3.462704031  0.545169607 2.1252522 0
 108 6852 6735 7 F  2.157473822 -1.227460527 2.2426588 0
 109 6852 6735 7 M  2.689253331 -0.507591805 2.2028715 0
 110 6852 6735 7 F  3.083479659 -0.225414434 2.1865492 0
 111 6359 7122 7 M  2.615826863  0.306877381 1.9574065 0
 112 6359 7122 7 M  2.423134334  0.755787542 1.9183456 0
 113 6359 7122 7 M  1.523864910 -0.356268507 1.9993271 0
 114 6359 7122 7 M  3.372114421  0.806618323 2.0516134 0
 115 6359 7122 7 F  2.595074742  0.334597066 1.9212356 0
 116 6359 6651 7 F  2.026444411 -1.028322784 2.2398411 0
 117 6359 6651 7 F  1.932574771 -1.501799841 2.2053486 0
 118 6359 6651 7 M  1.840219232 -1.083885882 2.1496013 0
 119 6359 6651 7 M  4.032185520  0.840145327 2.2448756 0
 120 6359 6651 7 M  3.317262838  0.189021418 2.1755588 0
 121 6746 6899 7 M  2.005144529 -0.642910431 2.1146626 0
 122 6746 6899 7 F  2.223077402 -0.255865287 2.1307111 0
 123 6746 6899 7 F  2.100826741 -0.760045679 2.0739163 0
 124 6746 6899 7 F  4.062691378  0.535830678 2.2606416 0
 125 6746 6899 7 F  3.334127021 -0.309531946 2.3206556 0
 126 6746 6905 7 M  2.431718345  0.684853500 1.9440720 0
 127 6746 6905 7 M  2.265704639  0.257127757 1.9482771 0
 128 6746 6905 7 F  3.361296556  1.513043898 1.8816229 0
 129 6746 6905 7 M  2.215570751  0.076913006 1.9245521 0
 130 6746 6905 7 F  3.554368177  1.158930808 1.9080133 0
 131 6411 6715 7 M  3.721098622  0.672694873 2.2829449 0
 132 6411 6715 7 F  2.684898234 -0.651474826 2.2913574 0
 133 6411 6715 7 M  2.349931802  0.846298130 1.7767582 0
 134 6411 6715 7 M  2.336239387 -0.144125996 2.0545920 0
 135 6411 6715 7 M  1.399637651 -0.657133108 2.0959308 0
 136 6411 6322 7 F  2.139633251  0.578424820 1.9123789 0
 137 6411 6322 7 M  3.128992281  0.623429524 2.0150928 0
 138 6411 6322 7 F  1.168569053 -0.973583861 1.9908643 0
 139 6411 6322 7 M  1.351556824 -0.480192542 1.9134697 0
 140 6411 6322 7 M  3.073805193  1.116193663 2.0281804 0
 141 7150 6406 7 F  0.945893086  0.658236618 1.3000676 0
 142 7150 6406 7 M -0.009777634 -0.381962750 1.2747559 0
 143 7150 6406 7 M  1.640900990  1.489766116 1.2456587 0
 144 7150 6406 7 M -0.068026346 -0.253591032 1.3945912 0
 145 7150 6406 7 M  0.780226206  0.719565031 1.1779568 0
 146 7150 6718 7 M  2.273449712 -0.885021770 2.0619473 0
 147 7150 6718 7 F  2.281350620 -0.155833477 1.9895176 0
 148 7150 6718 7 M  1.041950752 -0.804973989 1.9171552 0
 149 7150 6718 7 M  2.904835514  0.265544946 2.0436762 0
 150 7150 6718 7 M  1.718524921 -0.464413271 1.9752980 0
 151 6483 6480 7 M  2.068989718 -0.321030052 1.9881815 0
 152 6483 6480 7 M  2.653818634  0.666377353 1.8333655 0
 153 6483 6480 7 F  1.819701536 -0.116402941 1.8758874 0
 154 6483 6480 7 M  2.467713430  0.541409120 1.9602751 0
 155 6483 6480 7 F  1.664234334 -0.661338135 1.9972162 0
 156 6483 6692 7 M  4.617617583  1.540749751 2.0915941 0
 157 6483 6692 7 M  2.496039535 -0.509244744 2.2487125 0
 158 6483 6692 7 M  2.970372248 -0.245792060 2.1563395 0
 159 6483 6692 7 M  2.463989522 -0.626368608 2.1628244 0
 160 6483 6692 7 F  3.317045001  0.353527807 2.1187825 0
 161 6648 6835 7 M  3.823538625  1.941687836 2.0415898 0
 162 6648 6835 7 F  0.925722021 -1.328774360 2.0381051 0
 163 6648 6835 7 M  2.144764197  0.077515031 1.8099970 0
 164 6648 6835 7 M  2.727490303 -0.291494692 2.1904656 0
 165 6648 6835 7 M  1.937166871 -0.527844081 2.1435005 0
 166 6648 7148 7 F  3.224081041 -0.074039948 2.1658323 0
 167 6648 7148 7 F  0.958049696 -1.099928996 1.8939302 0
 168 6648 7148 7 F  3.560492997  0.616995447 2.2245487 0
 169 6648 7148 7 F  3.901360676  1.009040335 2.1452245 0
 170 6648 7148 7 F  1.665564121 -1.100969891 2.3239992 0
 171 6317 6786 7 F  0.180361188 -1.698251769 1.9055356 0
 172 6317 6786 7 M  2.938294160  0.295383961 2.0777900 0
 173 6317 6786 7 F  1.587129980 -0.976977064 2.1834252 0
 174 6317 6786 7 M  2.977908924  1.354062889 1.9942256 0
 175 6317 6786 7 M  2.806893554  1.590761766 1.8202703 0
 176 6317 6980 7 F  1.576874005 -0.379207131 1.9895116 0
 177 6317 6980 7 M  2.318734198 -0.487010158 2.0841686 0
 178 6317 6980 7 M  1.757345623 -0.218180117 2.1228453 0
 179 6317 6980 7 M  1.383037061 -0.683590327 2.1365805 0
 180 6317 6980 7 M  2.569651851  0.183622635 1.9135976 0
 181 6362 6973 7 F  2.538556761  0.304192928 1.8897945 0
 182 6362 6973 7 F  3.944682771  0.843541771 2.1216966 0
 183 6362 6973 7 F  3.138609001  0.702181800 1.9543371 0
 184 6362 6973 7 M  1.311002081 -1.466265651 2.0046420 0
 185 6362 6973 7 F  1.646569286 -0.653756743 1.9524486 0
 186 6362 6710 7 F  1.749611306 -0.511836637 1.8954657 0
 187 6362 6710 7 M  0.485392491 -1.749430287 1.9377390 0
 188 6362 6710 7 M  2.713474425  0.113831391 1.9770575 0
 189 6362 6710 7 M  1.874077896 -0.505899414 1.9099206 0
 190 6362 6710 7 F  1.678522042 -0.397418985 1.8117120 0
 191 6580 6704 7 F  3.084508837 -0.106306743 2.0388952 0
 192 6580 6704 7 M  2.091683580  0.110198835 1.8687362 0
 193 6580 6704 7 F  2.438913898  0.315189433 1.9780826 0
 194 6580 6704 7 F  3.310944834  0.722230468 2.0801923 0
 195 6580 6704 7 M  3.638714341  0.967930549 2.1134375 0
 196 6580 6740 7 M  2.991706511  0.039015440 2.1091248 0
 197 6580 6740 7 F  3.112347316  0.629617582 1.9679645 0
 198 6580 6740 7 F  1.983205563 -0.315371549 1.9037960 0
 199 6580 6740 7 F  1.198008208 -1.011107142 1.9091471 0
 200 6580 6740 7 F  3.005880605  0.260776143 2.0567791 0
 201 7234 6603 7 F  1.405072908 -1.305243642 1.9919173 0
 202 7234 6603 7 F  1.896660225 -0.382863070 1.9534268 0
 203 7234 6603 7 M  2.634890289  0.886990049 1.8145569 0
 204 7234 6603 7 M  1.939402816 -0.711997676 1.9802134 0
 205 7234 6603 7 F  4.062530133  1.237344688 2.0077370 0
 206 7234 7039 7 M  3.204782376 -0.125767313 2.2014481 0
 207 7234 7039 7 F  2.368780004 -0.373827571 2.0910612 0
 208 7234 7039 7 F  2.424160905 -0.408715173 2.0910092 0
 209 7234 7039 7 F  3.673011716  0.554858040 2.1293784 0
 210 7234 7039 7 M  2.403180034 -0.355635622 2.0448167 0
 211 6923 7297 7 F  2.432715035  0.167051704 2.0458413 0
 212 6923 7297 7 M  3.349936903  0.605164493 2.0961669 0
 213 6923 7297 7 F  1.274278874 -0.970699601 1.8471547 0
 214 6923 7297 7 F  2.710946569  0.194063936 2.0949285 0
 215 6923 7297 7 F  3.247428241  0.685910506 1.9294048 0
 216 6923 7198 7 M  2.713256921 -0.062997140 2.1689444 0
 217 6923 7198 7 M  2.791512765  0.100179404 2.1328969 0
 218 6923 7198 7 F  3.878221907  0.507445752 2.2520516 0
 219 6923 7198 7 F  3.108045626 -0.347427118 2.2188207 0
 220 6923 7198 7 F  3.401326539  0.705801332 2.0539173 0
 221 6927 6337 7 M  1.960805175 -1.077585429 2.1391206 0
 222 6927 6337 7 F  2.975226666  0.900456204 1.9742547 0
 223 6927 6337 7 M  2.366250987 -0.419382821 2.0830272 0
 224 6927 6337 7 M  2.374422980 -0.063853374 2.0700129 0
 225 6927 6337 7 M  3.438939385  0.368093865 2.1394488 0
 226 6927 6359 7 M -0.743539200 -0.961475143 1.3370439 0
 227 6927 6359 7 F -0.107621829  0.127756132 1.2216351 0
 228 6927 6359 7 F -0.370243635 -0.105369557 1.0477307 0
 229 6927 6359 7 M -0.548791658 -0.583698175 1.1618455 0
 230 6927 6359 7 F -0.584364813 -0.434506378 1.0529488 0
 231 6368 7040 7 M -0.374809419 -0.477160835 1.2569762 0
 232 6368 7040 7 F  0.324060613  0.414511656 1.1332313 0
 233 6368 7040 7 F -0.098877627  0.214783104 1.2336487 0
 234 6368 7040 7 M -0.758398826 -0.982340697 1.2306580 0
 235 6368 7040 7 M -0.412223109 -0.679602701 1.3378867 0
 236 6368 6779 7 F  3.208613204  0.168621586 2.0459973 0
 237 6368 6779 7 M  2.215848984 -0.397020699 1.9473409 0
 238 6368 6779 7 M  2.583215548  0.212507059 1.8076242 0
 239 6368 6779 7 M  3.006296514  0.432206977 1.8798930 0
 240 6368 6779 7 M  1.819506873 -0.307304744 2.0566967 0
 241 7018 6709 7 F  3.879820171  0.376226443 2.2878609 0
 242 7018 6709 7 F  2.812039793 -0.354403306 2.3450820 0
 243 7018 6709 7 M  3.031781311  0.621172964 2.0534685 0
 244 7018 6709 7 M  4.406030488  2.141901471 2.1396918 0
 245 7018 6709 7 M  4.088121471  0.637356758 2.2904456 0
 246 7018 6637 7 F  3.096295352 -0.425563848 2.2655958 0
 247 7018 6637 7 M  2.191666288 -0.263193290 1.9901736 0
 248 7018 6637 7 M  2.576257171 -0.353918385 2.0377197 0
 249 7018 6637 7 F  2.726036756 -0.301016732 2.1196865 0
 250 7018 6637 7 F  2.611101630 -0.606648764 2.1276909 0
 251 6649 7024 7 M -0.145942202 -2.128356092 1.9464832 0
 252 6649 7024 7 M  3.083938941  0.650228369 2.0078869 0
 253 6649 7024 7 F  2.718143190  0.025416855 2.1829251 0
 254 6649 7024 7 F  1.595768125 -0.640953983 2.1594423 0
 255 6649 7024 7 M  2.849794899 -0.431965282 2.2647780 0
 256 6649 6604 7 F  1.657071573 -0.045400228 1.8208243 0
 257 6649 6604 7 F  1.550582522 -0.329048303 1.8671233 0
 258 6649 6604 7 F  1.267849411 -0.703688779 1.9405068 0
 259 6649 6604 7 F  1.435262578 -0.737613658 1.8637464 0
 260 6649 6604 7 F  1.936017014 -0.220564066 1.8583966 0
 261 6714 6330 7 F  4.188382527  0.750642483 2.2338373 0
 262 6714 6330 7 F  5.465268200  1.869105845 2.2579163 0
 263 6714 6330 7 F  4.473701903  1.100279552 2.2454283 0
 264 6714 6330 7 M  3.411807995 -0.365899986 2.3168346 0
 265 6714 6330 7 F  4.080597163  0.515394377 2.2438436 0
 266 6714 6738 7 F  2.311446554 -1.078392396 2.2452348 0
 267 6714 6738 7 M  1.568428568 -0.262061775 1.8902707 0
 268 6714 6738 7 M  1.902187493 -0.437050184 1.9996088 0
 269 6714 6738 7 M  2.432195112 -0.264162802 2.1764779 0
 270 6714 6738 7 M  2.119488197 -0.777413115 2.1539593 0
 271 7146 6556 7 M  1.516763070 -0.515204728 2.0789764 0
 272 7146 6556 7 M  3.158182677  0.024283735 2.1844544 0
 273 7146 6556 7 M  3.403642179  0.280846241 2.1308057 0
 274 7146 6556 7 F  1.671452362 -1.106374480 2.0946990 0
 275 7146 6556 7 M  4.073726908  1.045274861 2.1000922 0
 276 7146 6711 7 M  3.339891103  0.700438535 2.0678155 0
 277 7146 6711 7 F  3.141134408  0.388431410 2.0392972 0
 278 7146 6711 7 M  2.905454234 -0.003674738 2.0987587 0
 279 7146 6711 7 F  2.239302360 -0.391730256 1.9683729 0
 280 7146 6711 7 F  2.259498140 -0.539986354 2.0635257 0
 281 6705 7124 7 M  3.581201184  0.343061815 2.1001811 0
 282 6705 7124 7 F  2.213115542 -0.304401856 2.0392777 0
 283 6705 7124 7 F  3.761146907  0.380935320 2.1766124 0
 284 6705 7124 7 F  2.176582970 -0.576474823 2.1381457 0
 285 6705 7124 7 F  3.981194279  0.887863243 2.1102391 0
 286 6705 6348 7 F  4.111934532  1.041471333 2.1593763 0
 287 6705 6348 7 M  2.639447065 -0.293470277 2.0468669 0
 288 6705 6348 7 F  3.085747757  0.193597220 2.0185541 0
 289 6705 6348 7 M  2.115105650  0.297922830 1.7737546 0
 290 6705 6348 7 M  1.238448101 -1.195636104 1.9828629 0
 291 6579 7261 7 M  4.320219751  1.476831514 2.2060623 0
 292 6579 7261 7 F  3.012507497 -0.144671947 2.0512262 0
 293 6579 7261 7 F  1.992645435 -1.030591894 2.1126629 0
 294 6579 7261 7 M  3.428970992  0.093706886 2.1722172 0
 295 6579 7261 7 F  1.873108631 -1.063843091 2.1038125 0
 296 6579 7296 7 F  2.594294029  0.396617403 1.9412841 0
 297 6579 7296 7 F  1.873371683 -0.828398139 2.0333187 0
 298 6579 7296 7 M  2.341285699  0.721984280 2.0011115 0
 299 6579 7296 7 F  2.993292382  0.649244866 1.9950437 0
 300 6579 7296 7 M  2.817409440  0.464035342 1.8958004 0
 301 6744 6827 7 F  0.397880938 -0.369316998 1.5863139 0
 302 6744 6827 7 F  2.779872214  0.979320413 2.0455562 0
 303 6744 6827 7 F  2.040091729  0.558284254 1.7213571 0
 304 6744 6827 7 M  0.677263045 -0.555241407 1.7840870 0
 305 6744 6827 7 F  1.653235069  0.224007525 1.8304402 0
 306 6744 7030 7 M  1.775469558  0.371633464 1.7747249 0
 307 6744 7030 7 F  1.630692774 -0.244104649 2.0672536 0
 308 6744 7030 7 M  1.614701119 -0.209440793 1.9505392 0
 309 6744 7030 7 M  2.508854336  0.475563843 1.8601832 0
 310 6744 7030 7 M  2.895849226  0.807416264 2.1515015 0
 311 6606 7150 7 F  0.897139026  0.203258110 1.2599961 0
 312 6606 7150 7 M  1.340256310  0.571387027 1.2536780 0
 313 6606 7150 7 F -2.334287503 -1.961363206 0.9982760 0
 314 6606 7150 7 M  1.176951523  0.534639633 1.2456841 0
 315 6606 7150 7 M  0.161470011 -0.143090437 1.2882840 0
 316 6606 6569 7 M  1.752387132 -0.424766492 2.1414013 0
 317 6606 6569 7 M  2.136879753 -0.268940039 1.8876838 0
 318 6606 6569 7 F  1.832050181  0.013245234 2.0683872 0
 319 6606 6569 7 F  1.173405733 -0.596486949 1.7531907 0
 320 6606 6569 7 F  3.055014608  0.136632188 2.1525328 0
 321 6950 6823 7 M  1.286486149 -0.401517269 1.8844105 0
 322 6950 6823 7 M  1.110107839 -0.618103518 1.7757703 0
 323 6950 6823 7 F  2.815790025  0.819966485 1.9260484 0
 324 6950 6823 7 F  3.179218007  0.929449521 1.9176880 0
 325 6950 6823 7 F  2.281305160 -0.371705428 2.0436463 0
 326 6950 6559 7 F  2.214724319  0.090624211 1.9557581 0
 327 6950 6559 7 F  3.204971339  0.627823639 2.0865945 0
 328 6950 6559 7 F  4.273466414  1.189602213 2.2419355 0
 329 6950 6559 7 F  1.777526548 -0.972387346 2.1017041 0
 330 6950 6559 7 F  3.841519728  1.425001337 1.9326043 0
 331 6981 6701 7 M  2.716745601 -0.161162257 2.0432447 0
 332 6981 6701 7 M  2.843337938  0.284059340 1.9540891 0
 333 6981 6701 7 M  2.602216229  0.925564257 1.9013953 0
 334 6981 6701 7 M  2.906991249  0.279496278 2.1093099 0
 335 6981 6701 7 F  2.035078402  0.314748997 1.7251997 0
 336 6981 6781 7 M  1.996256681 -0.705818898 2.2465471 0
 337 6981 6781 7 M  3.825935270  0.356737279 2.2631761 0
 338 6981 6781 7 M  1.867240276 -1.076680784 2.3003216 0
 339 6981 6781 7 M  1.830341703 -0.795144890 2.0377019 0
 340 6981 6781 7 F  3.054494205 -0.272836278 2.1171629 0
 341 7040 7057 7 F  3.473935992  0.160948169 2.3091879 0
 342 7040 7057 7 M  1.765219006 -0.728101493 2.0322544 0
 343 7040 7057 7 F  3.576864740  1.065979676 2.0426468 0
 344 7040 7057 7 F  3.515419075 -0.055273904 2.2849990 0
 345 7040 7057 7 F  2.532719566 -0.876814145 2.2466013 0
 346 7040 6795 7 F  2.788370214  0.186061104 2.0344671 0
 347 7040 6795 7 F  2.637739455 -0.365234479 2.0776402 0
 348 7040 6795 7 F  3.212697472  0.648595279 2.1275394 0
 349 7040 6795 7 M  2.804230979 -0.425759977 2.2073070 0
 350 7040 6795 7 M  2.866914673  0.053007815 2.1356414 0
 351 6346 6437 7 F  1.799157945 -1.286820607 2.1120481 0
 352 6346 6437 7 M  2.650687296 -0.216366785 2.1187764 0
 353 6346 6437 7 M  2.956209728 -0.309650678 2.2165954 0
 354 6346 6437 7 F  2.520319717 -0.938990300 2.2539288 0
 355 6346 6437 7 M  1.578540098 -1.243842274 2.1902099 0
 356 6346 7277 7 F  1.967877177  0.636154685 1.8190307 0
 357 6346 7277 7 M  2.515387512 -0.377605384 2.0597892 0
 358 6346 7277 7 F  1.227561563 -0.671711991 1.8578979 0
 359 6346 7277 7 M  1.633701402 -1.631020951 2.1776584 0
 360 6346 7277 7 M  1.876738111 -0.312634566 1.9418611 0
 361 6540 6382 7 M  0.509031717  0.141666632 1.3332748 0
 362 6540 6382 7 M  0.500279064  0.634419359 0.9930749 0
 363 6540 6382 7 F  0.253625453  0.360813438 1.3482692 0
 364 6540 6382 7 F  1.261498539  1.376479318 1.2681065 0
 365 6540 6382 7 F -0.959226640 -0.880327795 1.2754196 0
 366 6540 7116 7 F  1.811772970 -0.211636365 1.8245417 0
 367 6540 7116 7 F  0.922645927 -1.016178670 1.9049112 0
 368 6540 7116 7 M  3.673163336  0.921216286 2.0180919 0
 369 6540 7116 7 F  0.466390446 -1.603969196 1.8779491 0
 370 6540 7116 7 M  2.708568116  0.131353964 2.1331407 0
 371 6877 6687 7 F  1.854736453 -0.950058306 1.9933588 0
 372 6877 6687 7 M  0.744707085 -0.861411488 1.6349217 0
 373 6877 6687 7 F  3.555096366  1.280793781 1.7762026 0
 374 6877 6687 7 M  1.808757348  0.544920629 1.6849115 0
 375 6877 6687 7 F  0.413748505 -1.586748268 1.8332053 0
 376 6877 6347 7 M -0.380610161 -0.573368836 1.2494051 0
 377 6877 6347 7 M -0.514070900 -0.493847692 1.1948562 0
 378 6877 6347 7 F -0.334019961 -0.162387864 1.2236551 0
 379 6877 6347 7 M  0.243960815  0.711467881 1.1264945 0
 380 6877 6347 7 M -0.365485647 -0.984506106 1.3002305 0
 381 6490 6427 7 F  3.389233319  0.830847030 2.0874279 0
 382 6490 6427 7 M  2.458111737 -0.068469405 1.8360309 0
 383 6490 6427 7 F  2.277209975 -0.088800081 1.9089140 0
 384 6490 6427 7 F  0.428817323 -0.708889915 1.7933350 0
 385 6490 6427 7 F  1.062150127 -0.062789806 1.6772453 0
 386 6490 7180 7 M  0.759399592 -1.169381288 1.7927505 0
 387 6490 7180 7 M  3.149226331  0.726343669 1.9851573 0
 388 6490 7180 7 F  4.188829886  1.493049350 1.9954699 0
 389 6490 7180 7 F  2.990936707  0.172213572 2.0937928 0
 390 6490 7180 7 M  2.966442284  0.185664374 2.0275235 0
 391 7021 7253 7 F  2.900685456  0.036606362 2.0567390 0
 392 7021 7253 7 F  2.943915866  0.310876816 2.1583213 0
 393 7021 7253 7 M  3.901443950  0.638638036 2.1497837 0
 394 7021 7253 7 M  1.792375794 -0.884733753 2.2262600 0
 395 7021 7253 7 M  1.928927836 -0.576051473 2.0633816 0
 396 7021 6412 7 M  2.022470753  0.144488194 2.0183818 0
 397 7021 6412 7 F  2.255510802  0.435365347 2.0014789 0
 398 7021 6412 7 F  3.201680354  0.070613343 2.2297128 0
 399 7021 6412 7 F  3.737339425  1.058861137 2.1469084 0
 400 7021 6412 7 F  1.417301768 -0.420630909 2.0418268 0
 401 6316 6424 7 F  2.185960843 -1.199996539 2.1909657 0
 402 6316 6424 7 F  2.716654985  0.205404063 1.9599500 0
 403 6316 6424 7 M  1.920953680  0.287403084 1.7786512 0
 404 6316 6424 7 F  0.615991574 -0.963416407 1.7982592 0
 405 6316 6424 7 M  1.371733087 -1.226836014 1.9848836 0
 406 6316 6895 7 M  1.959099947 -0.840671481 2.1341336 0
 407 6316 6895 7 F  2.032370908 -0.912154051 2.1500413 0
 408 6316 6895 7 F  3.998545759  1.463346747 2.0428820 0
 409 6316 6895 7 M  2.693040165  0.343296888 1.9831691 0
 410 6316 6895 7 F  3.724934096  0.871831077 2.1025451 0
 411 6577 6830 7 F  2.619154808  0.621847216 1.9870481 0
 412 6577 6830 7 F  2.820770967  0.471089937 1.9857026 0
 413 6577 6830 7 F  1.868447322 -0.102829532 1.9786873 0
 414 6577 6830 7 M  2.107099240 -0.535395846 2.0991419 0
 415 6577 6830 7 M  1.873304453 -0.332541912 1.9297290 0
 416 6577 6634 7 F  1.923811603 -0.257931191 2.0403863 0
 417 6577 6634 7 M  2.467752743  0.040910797 2.0492626 0
 418 6577 6634 7 M  2.548369998  0.718183020 1.9405246 0
 419 6577 6634 7 M  1.908210732 -1.513600035 2.3223018 0
 420 6577 6634 7 M  1.911756206  0.210407784 1.9233891 0
 421 6640 7260 7 F  2.311550887 -1.012010401 2.2461413 0
 422 6640 7260 7 M  2.576108904 -0.140165691 2.1686837 0
 423 6640 7260 7 F  1.914822047 -0.788486703 2.2391732 0
 424 6640 7260 7 M  2.594372604 -0.207464103 2.1143240 0
 425 6640 7260 7 M  0.804807030 -2.339090304 2.1506102 0
 426 6640 6487 7 F  3.558582459  0.184228584 2.1018741 0
 427 6640 6487 7 F  2.391083226 -0.633213776 2.0733114 0
 428 6640 6487 7 F  2.741630830  0.079973920 2.0845935 0
 429 6640 6487 7 M  4.102870008  1.290432676 2.1689512 0
 430 6640 6487 7 F  1.146373653 -1.441625251 1.9859825 0
 431 6413 6775 7 F  2.831437831  0.046723149 2.1838316 0
 432 6413 6775 7 F  3.996603098  0.779347905 2.2701276 0
 433 6413 6775 7 F  3.629676412  1.454057223 1.9136814 0
 434 6413 6775 7 M  2.708080948  0.519090880 1.9501846 0
 435 6413 6775 7 F  2.173962637 -0.294742395 2.0456228 0
 436 6413 7058 7 F  1.371001239 -0.071912170 1.7700024 0
 437 6413 7058 7 F  1.688225378 -0.017053518 1.8485240 0
 438 6413 7058 7 M  2.078403812  0.383397056 1.8704104 0
 439 6413 7058 7 F  2.315981141  0.112519944 1.9320669 0
 440 6413 7058 7 F  2.042175917 -0.198104901 1.9282642 0
 441 6875 7279 7 F  1.806789584 -0.377530487 1.7790723 0
 442 6875 7279 7 M  2.611209182 -0.187384296 1.9453357 0
 443 6875 7279 7 F  1.750671219 -0.773155200 1.8002392 0
 444 6875 7279 7 M  1.776779835 -0.801253586 1.8633379 0
 445 6875 7279 7 F  3.070590344 -0.025747314 2.0955334 0
 446 6875 6737 7 M -0.991291148 -0.466221153 1.0608733 0
 447 6875 6737 7 F -0.402114570  0.090167575 1.0344751 0
 448 6875 6737 7 F  0.577186351  0.847155784 1.1442707 0
 449 6875 6737 7 M  0.568230862  0.116391202 1.2702698 0
 450 6875 6737 7 M  0.451637635  0.642076847 0.9397884 0
 451 6982 7262 7 M  2.104890246  0.519867310 1.6620368 0
 452 6982 7262 7 F  0.674727822 -0.379076177 1.6239098 0
 453 6982 7262 7 M  1.654803150 -0.765131459 1.9683012 0
 454 6982 7262 7 F  2.478113103  0.768359499 1.8067154 0
 455 6982 7262 7 M  3.323670169  0.814344551 2.0594567 0
 456 6982 6447 7 F  2.975169679 -0.227667779 2.0888087 0
 457 6982 6447 7 M  2.283225414 -0.272026990 2.0639924 0
 458 6982 6447 7 F  1.802932167 -0.247503284 2.0067902 0
 459 6982 6447 7 M  1.928322567  0.154446432 2.0117039 0
 460 6982 6447 7 F  3.508554832  0.013919795 2.2247364 0
 461 6670 7300 7 F  1.128303264 -0.983425684 1.9061811 0
 462 6670 7300 7 F  1.308077204 -1.019274996 2.0959413 0
 463 6670 7300 7 M  1.607714151 -0.739556207 2.0598905 0
 464 6670 7300 7 F  1.814001381 -0.397760774 1.7585299 0
 465 6670 7300 7 M  3.276016314  1.057747070 1.7385483 0
 466 6670 6644 7 F  1.706776297  0.377369250 1.7064866 0
 467 6670 6644 7 F  2.392918123  0.235823171 1.7913199 0
 468 6670 6644 7 F  0.962252126  0.156360954 1.5145298 0
 469 6670 6644 7 M  2.193593333  0.751823806 1.9402511 0
 470 6670 6644 7 F  0.339018643 -0.692600726 1.6494148 0
 471 6351 6439 7 M  2.700347665 -0.768173069 2.3084771 0
 472 6351 6439 7 M  4.161570769  0.766576511 2.4411178 0
 473 6351 6439 7 M  3.806462417  0.779145265 2.1702367 0
 474 6351 6439 7 M  3.963098380  0.085553179 2.4565936 0
 475 6351 6439 7 M  2.608671337 -0.462922164 2.2362852 0
 476 6351 6353 7 F  0.528834210  0.622693993 1.2327601 0
 477 6351 6353 7 F  0.609639147  0.520564160 1.2504859 0
 478 6351 6353 7 M  0.356341282  0.044532389 1.2645120 0
 479 6351 6353 7 M  1.320966529  1.014574270 1.3592309 0
 480 6351 6353 7 M  0.645919864  0.339780766 1.3622709 0
 481 7017 7192 7 M  2.290228653  0.006590681 1.8874017 0
 482 7017 7192 7 M  2.590401668  0.263672548 1.9546704 0
 483 7017 7192 7 F  1.264340305 -1.156404803 2.0010078 0
 484 7017 7192 7 F  2.966828465  0.240463461 2.0437784 0
 485 7017 7192 7 M  0.953002322 -1.225846067 1.9417942 0
 486 7017 6326 7 M  3.069426816 -0.418640277 2.2156586 0
 487 7017 6326 7 M  1.919041633 -1.296917994 2.1171327 0
 488 7017 6326 7 F  4.229139804  0.584441412 2.2696800 0
 489 7017 6326 7 M  2.895009750 -0.119080889 2.1068239 0
 490 7017 6326 7 F  3.606232559  0.477232077 2.1331882 0
 491 6874 6821 7 F  2.819863367  0.837947708 1.8630105 0
 492 6874 6821 7 F  2.585312516 -0.617889993 2.0883733 0
 493 6874 6821 7 F  0.927709186 -1.515342345 2.0447582 0
 494 6874 6821 7 F  2.299472153  0.131525765 1.9627314 0
 495 6874 6821 7 M  3.950596317  0.813060916 2.0994920 0
 496 6874 6594 7 M  3.897094105  0.901280864 1.9832524 0
 497 6874 6594 7 M  2.268695866 -0.421763251 1.9448635 0
 498 6874 6594 7 F  3.929904073  0.758982646 2.1799979 0
 499 6874 6594 7 F  3.398205339  0.015798109 2.2760927 0
 500 6874 6594 7 F  2.535410226 -0.065187660 1.8958496 0
 501 7184 7201 7 F  2.232297302  0.629075615 1.7962273 0
 502 7184 7201 7 F  1.478192010 -0.565551961 1.8837239 0
 503 7184 7201 7 M  2.728352133  0.340315842 2.1002633 0
 504 7184 7201 7 F  2.323097743  0.048647364 1.8846904 0
 505 7184 7201 7 M  2.430678035 -0.116836889 1.9231002 0
 506 7184 6742 7 M  3.260035308  0.940704051 1.9539104 0
 507 7184 6742 7 F  3.877835114  1.214075620 2.1879140 0
 508 7184 6742 7 M  1.752880644  0.190114477 1.9147385 0
 509 7184 6742 7 M  2.552992615 -0.064883955 2.2065535 0
 510 7184 6742 7 F  2.263949570 -0.135963564 1.9582893 0
 511 6999 7048 7 M  1.704671302 -0.420453519 1.8670329 0
 512 6999 7048 7 F  0.982713925 -0.386481556 1.5927885 0
 513 6999 7048 7 F  1.646568221 -0.985268063 2.0422246 0
 514 6999 7048 7 M  2.317034997  0.163012651 1.9676960 0
 515 6999 7048 7 M  3.255103416  0.723718007 2.0997993 0
 516 6999 6468 7 F  1.449047731 -0.104898293 1.6607406 0
 517 6999 6468 7 M  2.160354135  0.946559328 1.5725142 0
 518 6999 6468 7 F  3.052756826  0.145024133 2.0287751 0
 519 6999 6468 7 F  3.072692845  0.798773503 1.8811168 0
 520 6999 6468 7 M  2.595615946  0.846939881 1.8118909 0
 521 6639 6304 7 F  3.783968053  0.935885777 2.0655989 0
 522 6639 6304 7 M  2.770322651  0.362715648 1.8800566 0
 523 6639 6304 7 M  2.293573929  0.201768022 1.8871671 0
 524 6639 6304 7 F  1.119572452 -0.516628691 1.6959515 0
 525 6639 6304 7 F  1.860962753  0.106857160 1.7561344 0
 526 6639 6338 7 M  3.793589300  0.690715229 2.1880238 0
 527 6639 6338 7 M  2.924810865  0.470689923 2.0547940 0
 528 6639 6338 7 F  2.409600165  0.628759084 1.8640086 0
 529 6639 6338 7 F  1.361786536 -0.477628791 1.8230142 0
 530 6639 6338 7 F  3.204697260  0.941011143 2.0653960 0
 531 7093 6378 7 M  0.043293404 -0.350932701 1.2739076 0
 532 7093 6378 7 F  0.039938246  0.001880506 1.1561278 0
 533 7093 6378 7 F -0.077706197 -0.568071014 1.2878762 0
 534 7093 6378 7 M  0.651400715  0.785600396 1.0370235 0
 535 7093 6378 7 F -0.021489247 -0.045074775 1.1970079 0
 536 7093 6988 7 F  2.566892095 -0.407114664 2.1974161 0
 537 7093 6988 7 F  2.729627305  0.749589698 1.8621511 0
 538 7093 6988 7 M  2.929983460 -0.435245555 2.2264426 0
 539 7093 6988 7 F  4.406907415  1.205135402 2.2742593 0
 540 7093 6988 7 M  3.857084898  1.418124496 2.0969267 0
 541 6737 6566 7 F  3.746314787  0.560153260 2.1504097 0
 542 6737 6566 7 M  2.397549293 -0.154046593 2.0664940 0
 543 6737 6566 7 F  2.347535920 -0.121622543 1.8383585 0
 544 6737 6566 7 F  2.442494469 -0.323671238 1.9050121 0
 545 6737 6566 7 F  2.514072661  0.173696936 1.8538048 0
 546 6737 6829 7 M  2.347694225  0.889341022 1.6676361 0
 547 6737 6829 7 M  2.001462614 -0.464533860 2.0468070 0
 548 6737 6829 7 F  1.278062920 -0.019909906 1.6580789 0
 549 6737 6829 7 M  2.972960757  0.199099951 2.0365366 0
 550 6737 6829 7 F  2.547303598  0.719363560 1.7543028 0
 551 6363 6320 7 M  2.608687119  0.010716605 2.0512421 0
 552 6363 6320 7 M  2.278745948 -0.264419734 2.0212597 0
 553 6363 6320 7 F  1.061629961 -1.234071600 1.9031972 0
 554 6363 6320 7 F  3.066939180  0.332662892 1.9874386 0
 555 6363 6320 7 F  3.204419772  0.747891766 1.9280511 0
 556 6363 6703 7 F  2.801494801  0.564992029 1.9514419 0
 557 6363 6703 7 F  4.137631478  1.061871404 2.1057117 0
 558 6363 6703 7 M  1.152634440 -0.696481833 1.7965723 0
 559 6363 6703 7 M  2.426025738  0.764937403 1.8354620 0
 560 6363 6703 7 F  2.894690070 -0.244086716 2.0610170 0
 561 6406 6509 7 F  2.883983030  0.316920418 1.9834311 0
 562 6406 6509 7 M  2.291132787 -1.357265810 2.2262651 0
 563 6406 6509 7 F  2.809019542 -1.056134367 2.3339618 0
 564 6406 6509 7 M  2.747243630 -0.120930621 2.1062290 0
 565 6406 6509 7 M  3.975483065  0.570883314 2.2463627 0
 566 6406 6588 7 F  1.806088800 -1.435108978 2.2481532 0
 567 6406 6588 7 F  2.989523913 -0.241500018 2.1830532 0
 568 6406 6588 7 M  3.812938943  0.333789525 2.2399062 0
 569 6406 6588 7 F  3.583535157  0.015607220 2.2105312 0
 570 6406 6588 7 M  2.661029814 -0.447786839 2.0732129 0
 571 6855 6648 7 M  0.851494915  0.302113513 1.3156259 0
 572 6855 6648 7 F -0.895341083 -0.519970717 0.9802097 0
 573 6855 6648 7 F  0.440725758 -0.031374882 1.3511020 0
 574 6855 6648 7 M -0.916977412 -1.045364546 1.2931298 0
 575 6855 6648 7 F  0.256946586 -0.284225494 1.3441898 0
 576 6855 6870 7 M  2.427810692 -1.071684205 2.2741123 0
 577 6855 6870 7 F  2.829784294 -0.517851192 2.1372212 0
 578 6855 6870 7 F  3.369362763 -0.113588185 2.3569344 0
 579 6855 6870 7 F  3.247874303  0.485767215 1.9870912 0
 580 6855 6870 7 M  3.212485881 -0.091266870 2.2094022 0
 581 7092 6972 7 F  0.541899185 -1.320901949 1.8265108 0
 582 7092 6972 7 F  3.617488669  0.623299804 2.1854460 0
 583 7092 6972 7 M  1.444737726 -0.993520111 1.9769489 0
 584 7092 6972 7 F  2.295660886 -0.628258665 2.0526433 0
 585 7092 6972 7 F  2.300838648  0.106128408 1.9580342 0
 586 7092 6732 7 M  3.863932253  1.597020390 1.8844196 0
 587 7092 6732 7 M  2.035296876 -0.564536373 1.9972904 0
 588 7092 6732 7 F  2.037481437 -0.435065253 1.9704811 0
 589 7092 6732 7 F  2.010895109 -0.614440759 1.9708552 0
 590 7092 6732 7 M  2.116258125 -0.325472770 2.0413295 0
 591 7186 6380 7 F  0.973406698 -0.888008379 1.9222071 0
 592 7186 6380 7 M  3.552673841  0.344869579 2.0944179 0
 593 7186 6380 7 M  2.150612419 -0.182381101 1.8905631 0
 594 7186 6380 7 F  1.784002588 -0.485580648 2.0656640 0
 595 7186 6380 7 F  2.992637498 -0.274907226 2.0784983 0
 596 7186 7263 7 M  1.386099727 -1.546578927 2.0108003 0
 597 7186 7263 7 M  4.210443418  0.441850958 2.2684599 0
 598 7186 7263 7 M  3.597197775  0.044807201 2.1851582 0
 599 7186 7263 7 F  4.213094927  1.260345759 2.0936128 0
 600 7186 7263 7 M  2.887119701 -0.406669355 2.2493061 0
 601 6390 6796 7 F  2.840517502 -0.634110386 2.2759289 0
 602 6390 6796 7 M  2.226522801 -0.414367830 2.1254999 0
 603 6390 6796 7 M  2.665068211 -0.641446689 2.2410734 0
 604 6390 6796 7 F  3.609368111  0.336428727 2.1402070 0
 605 6390 6796 7 M  2.468655952 -0.627678067 2.1233903 0
 606 6390 6708 7 F  3.301516900  0.696907485 2.1272952 0
 607 6390 6708 7 M  1.908042708 -0.584974590 2.1238870 0
 608 6390 6708 7 F  2.525409040 -0.798837609 2.2059582 0
 609 6390 6708 7 M  4.042406044  1.162298747 2.2172519 0
 610 6390 6708 7 M  2.694583854  0.534824977 2.1229050 0
 611 6516 6688 7 F  1.457481541 -0.153715509 1.7729707 0
 612 6516 6688 7 M  0.707147685 -0.700008505 1.8411896 0
 613 6516 6688 7 F  1.784205553 -0.015283544 1.8244331 0
 614 6516 6688 7 M  2.596984314  0.919852852 1.7209783 0
 615 6516 6688 7 M  1.501959565 -0.329913260 1.8847243 0
 616 6516 6655 7 F  2.299064332 -0.467596657 2.1428713 0
 617 6516 6655 7 F  2.481495024 -0.139354528 2.1466997 0
 618 6516 6655 7 F  2.681871124  0.002528539 2.1777052 0
 619 6516 6655 7 M  2.366420171 -0.291202875 2.0654714 0
 620 6516 6655 7 F  2.841397045  0.420410496 2.1012801 0
 621 6721 6790 7 F  2.509636425  0.838460867 1.7987629 0
 622 6721 6790 7 F  3.080701277  0.087510549 2.0356535 0
 623 6721 6790 7 F  0.183720499 -1.400824414 1.7730037 0
 624 6721 6790 7 F  3.237312945  0.354340427 1.9954852 0
 625 6721 6790 7 M  3.356609578  0.927142941 2.0449968 0
 626 6721 6890 7 M  1.272043227 -0.571162532 1.9090703 0
 627 6721 6890 7 M  0.728503793 -0.521438099 1.8163355 0
 628 6721 6890 7 F  1.918722766 -0.083255898 1.9221432 0
 629 6721 6890 7 M  1.682638830 -0.180129747 1.7856478 0
 630 6721 6890 7 F  0.806066486 -0.540827924 1.8383142 0
 631 6924 6717 7 M  1.943779971 -0.289565965 1.9969062 0
 632 6924 6717 7 F  0.685002892 -0.570882480 1.8196311 0
 633 6924 6717 7 M  3.119122936  0.533907953 1.9744936 0
 634 6924 6717 7 F  1.340849575 -0.271208539 1.7984233 0
 635 6924 6717 7 F  1.413809264 -0.064127757 1.7562868 0
 636 6924 7000 7 F  4.104480960  0.688711160 2.1777677 0
 637 6924 7000 7 M  3.475041049  0.437253152 1.9803863 0
 638 6924 7000 7 M  2.362358303 -0.353469368 2.0617480 0
 639 6924 7000 7 F  3.141668427 -0.316551715 2.1481601 0
 640 6924 7000 7 F  2.399404545 -0.382487145 2.2014100 0
 641 7095 6621 7 M  3.324721229 -0.073293659 2.3055724 0
 642 7095 6621 7 M  2.586259394 -0.933560595 2.2595077 0
 643 7095 6621 7 M  1.641014384 -0.724097102 1.9747429 0
 644 7095 6621 7 M  3.545069605  1.181385774 1.9602689 0
 645 7095 6621 7 F  2.173026925 -0.169463167 1.9927001 0
 646 7095 7055 7 M  4.083518996  0.621161894 2.2583475 0
 647 7095 7055 7 F  2.303677693 -0.254610787 2.0337149 0
 648 7095 7055 7 M  3.319068145 -0.090347400 2.2012729 0
 649 7095 7055 7 M  4.075532917  0.888454364 2.2465153 0
 650 7095 7055 7 F  1.737077716 -0.320151774 1.9277970 0
 651 7019 7045 7 F  3.133803567 -0.096944774 2.2267833 0
 652 7019 7045 7 F  2.755891554  0.852887637 1.9768606 0
 653 7019 7045 7 M  1.738639513 -0.460565046 2.0179074 0
 654 7019 7045 7 M  2.236276718 -0.604097537 2.2371926 0
 655 7019 7045 7 M  2.820724875 -0.301195891 2.3210196 0
 656 7019 6463 7 M  1.856264592  0.098120642 1.9899199 0
 657 7019 6463 7 M  3.377675878  1.116823200 2.0176188 0
 658 7019 6463 7 M  3.142336452  1.108803398 1.9902134 0
 659 7019 6463 7 M  1.353492228 -0.444380478 1.9039802 0
 660 7019 6463 7 F  2.263006642  0.361478244 2.0293024 0
 661 6799 6313 7 M  2.357476967 -0.099989612 2.0254812 0
 662 6799 6313 7 M  2.790541292  0.010998547 2.2363563 0
 663 6799 6313 7 M  1.830427364 -0.589852672 2.0325663 0
 664 6799 6313 7 M  2.236646040 -0.407206365 2.1226291 0
 665 6799 6313 7 M  2.049766607 -0.471908886 2.0532878 0
 666 6799 6423 7 M  3.523398997  0.172732583 2.2752186 0
 667 6799 6423 7 F  3.459766538 -0.076203654 2.3367770 0
 668 6799 6423 7 F  2.642512389 -0.789600441 2.1789768 0
 669 6799 6423 7 F  2.151513811 -0.403111413 2.1519047 0
 670 6799 6423 7 F  2.846525917 -0.427372569 2.2454570 0
 671 7183 6932 7 M  2.439340122 -0.195688240 2.1072085 0
 672 7183 6932 7 M  3.528782560  0.860571144 2.1211435 0
 673 7183 6932 7 F  3.437012605  0.809973469 2.0748734 0
 674 7183 6932 7 F  3.698689792  0.297723504 2.1410295 0
 675 7183 6932 7 F  2.595484446 -0.064178920 2.0868035 0
 676 7183 6345 7 M  3.617532644  0.567572573 2.1854570 0
 677 7183 6345 7 F  3.137018403 -0.325307939 2.2915295 0
 678 7183 6345 7 F  2.336315399 -1.043191665 2.4287400 0
 679 7183 6345 7 F  2.823018520 -0.699335607 2.4520803 0
 680 7183 6345 7 M  2.156981087 -1.279336082 2.3695481 0
 681 6417 7231 7 M  1.982871960  0.218875289 1.9293660 0
 682 6417 7231 7 M  2.657344581  0.285796155 2.0531428 0
 683 6417 7231 7 M  3.202701918  1.124226840 1.9648706 0
 684 6417 7231 7 F  3.514008344  0.300908502 2.2234385 0
 685 6417 7231 7 M  3.279649847  0.350168697 2.1090527 0
 686 6417 6620 7 M  3.689865040  0.285938370 2.2598784 0
 687 6417 6620 7 M  3.686530067  0.833448012 2.2509813 0
 688 6417 6620 7 M  3.759240138  0.382136218 2.2224447 0
 689 6417 6620 7 F  3.617578488  0.548749787 2.2371419 0
 690 6417 6620 7 M  3.291658262  0.402913279 2.2365846 0
 691 6707 6518 7 F  0.336864132  0.118869767 1.2349148 0
 692 6707 6518 7 M  0.025827291  0.174103580 1.1677106 0
 693 6707 6518 7 M  0.249234140 -0.083013666 1.3976049 0
 694 6707 6518 7 F -0.404965505 -0.415319212 1.2867050 0
 695 6707 6518 7 M -0.776102355 -0.843604406 1.3430105 0
 696 6707 6772 7 M  3.515882184  0.604744429 2.0201865 0
 697 6707 6772 7 M  3.741331998  0.337414033 2.2270566 0
 698 6707 6772 7 F  3.354612737  0.369354784 2.1864403 0
 699 6707 6772 7 F  3.338273067  0.150607741 2.1336318 0
 700 6707 6772 7 F  3.273235897  0.278103240 2.0833812 0
 701 6378 6705 7 M -0.109261218  0.381042608 1.1475111 0
 702 6378 6705 7 M -1.551920880 -0.921281752 1.0982356 0
 703 6378 6705 7 M -0.654970708 -0.180901981 1.0972597 0
 704 6378 6705 7 M -0.886545130 -0.345626733 1.0811923 0
 705 6378 6705 7 M -1.174382936 -0.925172829 1.0895287 0
 706 6378 7110 7 M  3.124766809  0.711615424 2.0449753 0
 707 6378 7110 7 M  2.507897129  0.897063813 1.8009631 0
 708 6378 7110 7 M  1.931008534  0.017444509 2.0155141 0
 709 6378 7110 7 M  2.147634267  1.269642233 1.7909789 0
 710 6378 7110 7 M  1.558657617  0.417737426 1.8007476 0
 711 6897 6303 7 F  2.159682897  0.054103245 1.7509317 0
 712 6897 6303 7 M  2.231445641 -0.045359965 1.8577179 0
 713 6897 6303 7 F  1.757786472 -0.496998576 2.0144187 0
 714 6897 6303 7 F  2.499206943  0.250910687 2.1072222 0
 715 6897 6303 7 M  1.510416318 -0.834163889 1.8829288 0
 716 6897 7155 7 M  2.798108047  0.151195621 2.0783627 0
 717 6897 7155 7 M  2.286097981  0.063838058 1.8890135 0
 718 6897 7155 7 M  2.148334099 -0.503829175 2.0650242 0
 719 6897 7155 7 F  1.910424591 -0.707133650 2.0853229 0
 720 6897 7155 7 F  2.405779432 -0.182167838 1.9824515 0
 721 6517 7052 7 M  1.671113932 -0.428216276 1.8706435 0
 722 6517 7052 7 F  3.314752993  0.975722449 1.9983101 0
 723 6517 7052 7 M  3.842758686  0.394657847 2.2685208 0
 724 6517 7052 7 M  2.080665615 -1.124088579 2.1334448 0
 725 6517 7052 7 M  3.763917603  0.014737388 2.2979169 0
 726 6517 6350 7 M  4.025932361  1.185822866 2.0279706 0
 727 6517 6350 7 M  4.102163584  1.340546780 1.9954968 0
 728 6517 6350 7 F  1.134112645 -0.879087886 1.8115188 0
 729 6517 6350 7 M  3.622360076 -0.052320661 2.3281156 0
 730 6517 6350 7 M  2.924708866  0.269753896 2.0557796 0
 731 6641 6383 7 M  1.238946370 -0.697503539 1.9724208 0
 732 6641 6383 7 M  1.336281924 -0.940632501 2.1157292 0
 733 6641 6383 7 M  3.024805749  0.100291210 2.0396131 0
 734 6641 6383 7 M  2.136096367 -0.827549607 2.0217773 0
 735 6641 6383 7 M  2.424034306  0.194842478 1.9005947 0
 736 6641 6700 7 M  4.189695996  0.608992029 2.3625708 0
 737 6641 6700 7 F  2.186585604 -0.728234095 2.2053692 0
 738 6641 6700 7 M  3.202577571  0.204771962 2.2801462 0
 739 6641 6700 7 F  2.541844266 -0.368363550 2.1806908 0
 740 6641 6700 7 M  5.090716602  1.848771789 2.3075002 0
 741 6632 6635 7 F  0.952097371  0.934778234 1.2539928 0
 742 6632 6635 7 M  0.095209635 -0.232212385 1.4032886 0
 743 6632 6635 7 M  1.162526642  0.564996832 1.2931594 0
 744 6632 6635 7 M  0.543859272 -0.231489721 1.4044411 0
 745 6632 6635 7 F  0.906364612  0.605759237 1.2626305 0
 746 6632 6931 7 M  4.419011966  1.502905892 2.1632139 0
 747 6632 6931 7 M  2.327083645 -0.492727086 2.1479638 0
 748 6632 6931 7 M  3.226459248 -0.369386506 2.3136996 0
 749 6632 6931 7 M  2.278921024 -1.081738987 2.3375844 0
 750 6632 6931 7 M  2.775785329 -0.257775851 2.1536506 0
 751 6706 6572 7 M  3.592928689  0.476531221 2.2194460 0
 752 6706 6572 7 M  2.678221157 -0.588752740 2.1830153 0
 753 6706 6572 7 M  3.473791827  0.384129347 2.2038263 0
 754 6706 6572 7 M  2.834750079  0.037144528 2.0969771 0
 755 6706 6572 7 M  3.288533117  0.096738409 2.0985625 0
 756 6706 6583 7 F  0.553693383 -1.664506848 2.0029246 0
 757 6706 6583 7 F  0.873910690 -0.884952736 1.8105947 0
 758 6706 6583 7 F  1.417404743 -0.066771822 1.8479966 0
 759 6706 6583 7 F  2.302842157 -0.280965087 2.1434758 0
 760 6706 6583 7 F  3.371921976  0.545384917 2.1520419 0
 761 6629 6482 7 M  2.869507363 -0.175929752 2.2134162 0
 762 6629 6482 7 M  2.975887756 -0.374014129 2.1628659 0
 763 6629 6482 7 M  2.364952234 -0.052034888 1.9411430 0
 764 6629 6482 7 M  4.337149919  0.870355355 2.2364204 0
 765 6629 6482 7 F  1.996915965  0.186051134 2.0261164 0
 766 6629 7259 7 F  3.481583375  0.134378176 2.1378235 0
 767 6629 7259 7 F  2.442267214 -0.733383220 2.2022285 0
 768 6629 7259 7 F  4.613233946  1.343467200 2.2386531 0
 769 6629 7259 7 M  2.908336027  0.016098959 2.1052966 0
 770 6629 7259 7 F  3.566720260  0.100642765 2.2136579 0
 771 6770 7153 7 F  2.128170213 -0.276060979 1.9715619 0
 772 6770 7153 7 F  0.010861235 -1.498307768 1.6811337 0
 773 6770 7153 7 M  2.397619107  0.284422626 1.9012738 0
 774 6770 7153 7 M  3.042359729  1.050980190 1.7982156 0
 775 6770 7153 7 F  1.986378143 -0.144155399 1.8433917 0
 776 6770 6461 7 F  1.238072596 -0.470144380 1.8777866 0
 777 6770 6461 7 F  2.556479335  0.249305770 1.9092601 0
 778 6770 6461 7 F  1.653561118 -0.653368164 2.0910361 0
 779 6770 6461 7 M  1.767718580 -0.241824330 1.9675666 0
 780 6770 6461 7 M  3.989021228  1.929474422 2.0190967 0
 781 6576 7294 7 M  3.894800686  1.135746886 2.2468748 0
 782 6576 7294 7 M  2.759593475  0.021387160 2.0055043 0
 783 6576 7294 7 F  3.443516969  0.741109093 2.0515361 0
 784 6576 7294 7 M  1.793736872 -1.097911966 2.1329307 0
 785 6576 7294 7 F  1.998172365 -0.213516393 2.0577076 0
 786 6576 7109 7 F  3.202316304  1.054291816 2.0402948 0
 787 6576 7109 7 F  1.155056042 -0.995949750 1.9231515 0
 788 6576 7109 7 F  1.326453386 -0.307096653 1.8444535 0
 789 6576 7109 7 F  0.644582442 -0.987122691 1.8205132 0
 790 6576 7109 7 M  1.884797938  0.147974932 1.8731646 0
 791 6633 7036 7 M  2.980988834 -0.743437926 2.2971714 0
 792 6633 7036 7 F  3.975867703  0.782290796 2.1971965 0
 793 6633 7036 7 F  2.848671050  0.048835228 2.0739310 0
 794 6633 7036 7 F  2.862324305 -0.236830476 2.1437962 0
 795 6633 7036 7 M  4.491464464  0.816336481 2.3184196 0
 796 6633 7256 7 F  2.480034212 -0.476636713 2.1696172 0
 797 6633 7256 7 M  3.759224604  0.553023839 2.1557266 0
 798 6633 7256 7 F  3.843848040  0.632066455 2.2693807 0
 799 6633 7256 7 M  2.096065250  0.237924898 1.8448597 0
 800 6633 7256 7 F  2.076611528  0.219893995 1.8477733 0
 801 6323 6616 7 M  4.809396571  1.254447288 2.3537875 0
 802 6323 6616 7 F  3.125558214 -0.165970909 2.2450389 0
 803 6323 6616 7 M  3.022499526 -0.922960962 2.4110987 0
 804 6323 6616 7 M  3.690442871  0.772358573 2.2290472 0
 805 6323 6616 7 M  3.769513250 -0.108255068 2.4075999 0
 806 6323 7027 7 F  1.566924523  0.064751944 1.8410040 0
 807 6323 7027 7 F  1.635097734 -0.379918814 1.9910812 0
 808 6323 7027 7 M  2.735491706  0.831497840 1.9577411 0
 809 6323 7027 7 M  3.724318956  1.001030660 2.0856371 0
 810 6323 7027 7 F  1.558136475  0.037746883 1.8642530 0
 811 6955 6667 7 F  2.855236510 -0.275068486 2.2112739 0
 812 6955 6667 7 M  2.832151746  0.288897343 2.1124605 0
 813 6955 6667 7 F  2.711444563  0.103112609 2.1271298 0
 814 6955 6667 7 M  3.216645153  0.273308697 2.1418027 0
 815 6955 6667 7 F  1.982719929 -0.997096273 2.1378490 0
 816 6955 6560 7 F  4.660679141  1.476623025 2.2492163 0
 817 6955 6560 7 F  3.205123319  0.669151237 2.0868527 0
 818 6955 6560 7 M  2.809169404  0.122809629 2.1220226 0
 819 6955 6560 7 M  3.536204643  0.693709012 2.1451068 0
 820 6955 6560 7 F  3.231380106 -0.497590227 2.3787014 0
 821 7158 7061 7 M  2.379710378 -0.365914144 2.1010769 0
 822 7158 7061 7 F  2.432693078  0.360859869 1.9813881 0
 823 7158 7061 7 M  0.110870014 -0.633366382 1.6008262 0
 824 7158 7061 7 M  1.144614931 -0.360951153 1.8149841 0
 825 7158 7061 7 F  1.212369011 -0.880366086 1.9457158 0
 826 7158 6579 7 F -0.322916857 -0.251949237 1.1760689 0
 827 7158 6579 7 M -0.288974631 -1.087069128 1.2781454 0
 828 7158 6579 7 M  0.429538300 -0.184182509 1.3943175 0
 829 7158 6579 7 M -0.046073416 -0.541882050 1.4092132 0
 830 7158 6579 7 M -1.052703492 -0.557770944 1.1401341 0
 831 6607 6305 7 F  1.212853000 -1.222125244 2.0004987 0
 832 6607 6305 7 M  1.974125418 -0.418415959 1.9369562 0
 833 6607 6305 7 F  2.152009349 -0.390973390 2.0161242 0
 834 6607 6305 7 M  1.191069292 -1.021970553 1.9253675 0
 835 6607 6305 7 F  2.908513779 -0.155957910 2.0176791 0
 836 6607 6520 7 F  1.016746941  1.169422857 1.0644924 0
 837 6607 6520 7 F -0.497783558  0.026833951 0.9881531 0
 838 6607 6520 7 M -0.455430191 -0.138587099 1.1369171 0
 839 6607 6520 7 M -0.003428369  0.661017571 1.0853334 0
 840 6607 6520 7 F -0.251335583  0.297087912 1.0666333 0
 841 6382 6485 7 F  1.972696536 -0.723766238 2.1197332 0
 842 6382 6485 7 F  2.653940318  0.291820083 2.0381879 0
 843 6382 6485 7 F  3.208926060  0.663767497 2.0691523 0
 844 6382 6485 7 M  4.093271987  1.918635917 2.0393439 0
 845 6382 6485 7 M  2.839374622  0.203452274 2.1270987 0
 846 6382 6409 7 M  3.109941291 -0.067719521 2.0979696 0
 847 6382 6409 7 M  2.132344696 -0.802227997 2.0151571 0
 848 6382 6409 7 M  2.548583009  0.002620097 2.0001523 0
 849 6382 6409 7 M  2.989110622  0.512530833 1.9418151 0
 850 6382 6409 7 M  4.162550743  1.269730783 2.1246167 0
 851 6353 7101 7 M  1.400766759 -0.567389584 1.8108885 0
 852 6353 7101 7 F  3.022032805  0.427567917 2.0066564 0
 853 6353 7101 7 M  2.503887908 -0.059720501 2.0498656 0
 854 6353 7101 7 M  2.673556804  0.279644128 2.0404406 0
 855 6353 7101 7 F  2.275417244  0.498467975 1.8855340 0
 856 6353 6664 7 M  3.411699369  0.728674871 2.1359144 0
 857 6353 6664 7 F  3.874672660  0.816015616 2.1511112 0
 858 6353 6664 7 F  2.998398968  0.068260599 2.1638732 0
 859 6353 6664 7 F  3.547815070  0.989457069 2.1211888 0
 860 6353 6664 7 F  1.861517590 -1.454982146 2.2368858 0
 861 7165 7145 7 M  1.221523394 -1.334266392 1.9758957 0
 862 7165 7145 7 F  3.103698767  1.113413066 1.7705002 0
 863 7165 7145 7 M  4.797029111  1.189886714 2.3304573 0
 864 7165 7145 7 F  3.278365949  0.803794982 1.9637619 0
 865 7165 7145 7 M  3.848786166  0.249167859 2.2838954 0
 866 7165 7037 7 M  3.194557256 -0.092771403 2.1777746 0
 867 7165 7037 7 F  2.899037238 -0.187506991 2.1632389 0
 868 7165 7037 7 M  2.713194263 -0.093469666 2.1259115 0
 869 7165 7037 7 M  4.009918954  0.581098036 2.2953582 0
 870 7165 7037 7 M  3.348789877  0.107564912 2.2675080 0
 871 7099 7226 7 F  2.276158892 -0.240600225 1.9872296 0
 872 7099 7226 7 F  1.298330775 -0.514614741 1.8217103 0
 873 7099 7226 7 M  2.185495022  0.096086408 1.8489232 0
 874 7099 7226 7 F  2.803372948  0.571881156 1.9364362 0
 875 7099 7226 7 F  4.070345908  0.635870594 2.2204960 0
 876 7099 6825 7 F  3.484355609  1.171604242 2.0859716 0
 877 7099 6825 7 F  1.086700608 -0.546357241 1.8063838 0
 878 7099 6825 7 F  2.095400183  0.249199248 1.8684148 0
 879 7099 6825 7 M  1.852930195 -1.104913167 2.1366411 0
 880 7099 6825 7 M  2.922987462  0.074295202 2.1044970 0
 881 6724 6309 7 M  3.219377247 -0.035316119 2.2768565 0
 882 6724 6309 7 F  3.818308396  0.474928840 2.1538505 0
 883 6724 6309 7 F  2.663729695 -0.603074483 2.1864188 0
 884 6724 6309 7 F  2.536171242 -0.368601786 2.2790377 0
 885 6724 6309 7 M  3.620298254  0.100119825 2.3104943 0
 886 6724 7178 7 F  2.466696803  0.010070011 1.9146974 0
 887 6724 7178 7 M  1.385450509 -0.507863162 1.8332312 0
 888 6724 7178 7 M  1.705500723 -0.884460694 2.0290832 0
 889 6724 7178 7 M  2.815824553  0.717202896 1.8948511 0
 890 6724 7178 7 F  2.196080123 -0.052452756 2.0009984 0
 891 6716 6366 7 F  3.767634895  0.863639033 2.0450116 0
 892 6716 6366 7 F  3.198310659  0.020374987 2.1946012 0
 893 6716 6366 7 F  2.549379984 -0.670550581 2.1839703 0
 894 6716 6366 7 F  2.438929634 -0.733875821 2.1758424 0
 895 6716 6366 7 M  2.724153627 -0.416245551 2.1037106 0
 896 6716 6351 7 M -1.286018548 -1.472052670 1.3235015 0
 897 6716 6351 7 F  0.179803432 -0.159500233 1.3568612 0
 898 6716 6351 7 M -1.295293874 -1.448979870 1.2748389 0
 899 6716 6351 7 M  0.644470414  0.472330152 1.3378880 0
 900 6716 6351 7 M  1.140881044  1.116184169 1.2936245 0
 901 6384 6364 7 M  2.873391816 -0.665822133 2.2729513 0
 902 6384 6364 7 F  3.568184610  0.807465174 2.1362106 0
 903 6384 6364 7 M  4.181585656  1.190687230 2.2058703 0
 904 6384 6364 7 F  2.252252577 -0.232683301 2.0466183 0
 905 6384 6364 7 F  3.474366291  0.444373869 2.1751770 0
 906 6384 6695 7 M  2.479755938 -0.224038372 2.0472792 0
 907 6384 6695 7 F  2.091645141 -0.300410995 2.0267625 0
 908 6384 6695 7 F  3.834252858  0.814359928 2.0006206 0
 909 6384 6695 7 M  2.726738855  0.428881468 1.8758317 0
 910 6384 6695 7 M  2.964314957  0.174643308 2.1419494 0
 911 6929 7254 7 M  2.012233031 -0.514271792 1.9435543 0
 912 6929 7254 7 M  1.894628422 -0.332685159 1.9017496 0
 913 6929 7254 7 M  1.204499707 -0.747473616 1.8677261 0
 914 6929 7254 7 F  2.191500574 -0.033258981 1.7743417 0
 915 6929 7254 7 M  2.472220219  0.212331970 1.9367829 0
 916 6929 7286 7 M  1.654856700  0.073246340 1.8303614 0
 917 6929 7286 7 M  3.763945858  1.811330060 1.8309650 0
 918 6929 7286 7 F  3.797686554  0.916821240 2.0781226 0
 919 6929 7286 7 F  3.894073738  1.646148528 1.9677763 0
 920 6929 7286 7 F  2.302531155  0.070214765 1.8360725 0
 921 6520 7139 7 M  2.340532548 -0.697366833 2.1394959 0
 922 6520 7139 7 M  2.476955079  0.254517515 2.0177190 0
 923 6520 7139 7 M  2.600420136  0.325957094 2.0290408 0
 924 6520 7139 7 M  2.601203101 -0.347794146 2.1846420 0
 925 6520 7139 7 M  2.255989434 -0.045896136 1.9871058 0
 926 6520 6606 7 F  0.546205559  0.861718842 1.0777407 0
 927 6520 6606 7 M  1.015857706  1.131378055 1.1432036 0
 928 6520 6606 7 M  0.002608519  0.316650811 1.0466528 0
 929 6520 6606 7 M  0.235770903  0.716473296 1.0419957 0
 930 6520 6606 7 M  2.157226445  1.417419582 1.4094748 0
 931 6635 6374 7 F  3.289954906  0.321476405 2.0795492 0
 932 6635 6374 7 M  2.511189230 -0.330590471 2.1280288 0
 933 6635 6374 7 M  2.423620218 -0.725570502 2.1680872 0
 934 6635 6374 7 F  2.699116906 -0.330317781 2.1308938 0
 935 6635 6374 7 F  3.502308486  0.435010588 2.1384069 0
 936 6635 6442 7 F  2.899823470 -0.287515862 2.3782482 0
 937 6635 6442 7 F  3.989475005  0.239764819 2.2964600 0
 938 6635 6442 7 F  3.107530670  0.092018015 2.3293666 0
 939 6635 6442 7 M  3.152964999 -0.233978498 2.4883300 0
 940 6635 6442 7 M  2.399236193 -0.651336170 2.3125357 0
 941 6765 7276 7 M  2.027538858  0.129432482 1.8838615 0
 942 6765 7276 7 F  3.194658353  1.318710151 1.7944923 0
 943 6765 7276 7 M  1.764174602 -1.126770681 1.9947490 0
 944 6765 7276 7 M  1.477223714 -0.699079247 1.7520594 0
 945 6765 7276 7 M  2.368432651  0.998683222 1.6388140 0
 946 6765 6805 7 M  3.751359141  1.306629480 1.9855463 0
 947 6765 6805 7 M  2.166442389 -0.477156021 2.2232292 0
 948 6765 6805 7 F  3.025814266  0.980064069 2.0038462 0
 949 6765 6805 7 M  1.717289110  0.303495665 1.9042312 0
 950 6765 6805 7 M  1.587899448  0.158957080 1.7483451 0
 951 6573 6627 7 M  3.920775883  1.273520756 1.9597684 0
 952 6573 6627 7 F  3.219039485  0.097874308 2.2436254 0
 953 6573 6627 7 M  3.713093189  1.125038386 2.0473936 0
 954 6573 6627 7 F  1.788223698 -0.964914495 2.1471734 0
 955 6573 6627 7 F  2.374044075 -0.884056245 2.1134181 0
 956 6573 6933 7 F  2.110526810 -1.042037463 2.2729202 0
 957 6573 6933 7 M  2.873126283 -0.208285305 2.2322210 0
 958 6573 6933 7 F  3.016889039  0.271875316 2.0857825 0
 959 6573 6933 7 F  3.388351089  0.237231724 2.1504566 0
 960 6573 6933 7 F  3.075165485  0.214243334 2.1114336 0
 961 7005 6748 7 M  1.875014739  0.050550360 1.9626351 0
 962 7005 6748 7 M  2.323075915 -0.625402279 2.1248475 0
 963 7005 6748 7 M  1.705219466 -0.634392898 1.9792517 0
 964 7005 6748 7 F  1.800730739 -0.067360346 2.0107185 0
 965 7005 6748 7 M  1.739737688 -0.350779447 1.8222495 0
 966 7005 6993 7 F  2.928488735  1.147290685 1.8796667 0
 967 7005 6993 7 F  2.119308859  0.280645674 1.7821600 0
 968 7005 6993 7 M  2.013469070 -0.225958922 2.0773958 0
 969 7005 6993 7 M  2.912591228  0.249961999 2.1302420 0
 970 7005 6993 7 F  2.174133070 -0.709064982 2.0752316 0
 971 6885 6573 7 F -0.584771353 -0.357897692 1.2904813 0
 972 6885 6573 7 F  0.101171733 -0.189778867 1.3969756 0
 973 6885 6573 7 M  0.280017474  0.356639941 1.1719086 0
 974 6885 6573 7 F  1.581443038  1.284823121 1.3243524 0
 975 6885 6573 7 F -0.378437135 -0.516484273 1.2645196 0
 976 6885 6824 7 M  2.383161959  0.229297557 1.9926116 0
 977 6885 6824 7 F  3.785648694  0.887256841 2.2074334 0
 978 6885 6824 7 F  3.763973824  0.759730101 2.2475590 0
 979 6885 6824 7 M  2.429527811 -0.318783914 2.0552632 0
 980 6885 6824 7 M  1.006058713 -0.998604631 1.9570619 0
 981 7012 6349 7 F  1.711454443 -1.186037237 2.1769327 0
 982 7012 6349 7 M  3.467702659  0.727807333 2.0652488 0
 983 7012 6349 7 F  2.273405477 -0.304188663 2.0735787 0
 984 7012 6349 7 F  3.152581503  0.295582004 2.1732465 0
 985 7012 6349 7 F  3.473310199  0.217274133 2.2853440 0
 986 7012 7137 7 F  2.107802174 -1.467472216 2.2969483 0
 987 7012 7137 7 M  2.296174061 -0.596713558 2.1609043 0
 988 7012 7137 7 M  2.538131634 -0.290425757 2.1596615 0
 989 7012 7137 7 F  1.601056867 -1.020892641 2.0821752 0
 990 7012 7137 7 M  1.982148925 -0.520246048 2.0362461 0
 991 6998 6869 7 F  2.496768281  0.038731795 1.8135206 0
 992 6998 6869 7 F  1.627045824 -0.239975351 1.9439836 0
 993 6998 6869 7 F  3.093304076  0.041043010 1.9570304 0
 994 6998 6869 7 M  2.265947507  0.585180541 1.7426900 0
 995 6998 6869 7 F  1.999808416  0.085317648 1.6863428 0
 996 6998 6446 7 M  2.514657297  0.864719411 1.7099192 0
 997 6998 6446 7 M  2.266885195  0.152157328 1.8823243 0
 998 6998 6446 7 F  2.185466562  0.405713283 1.8995762 0
 999 6998 6446 7 M  2.124922294  0.166900346 1.8976284 0
1000 6998 6446 7 F  1.432498665 -0.405537941 1.7703190 0
