ID Generation Chr Freq.Allele1 Freq.Allele2
   M1 4 1 0.2625 0.737500012
   M2 4 1 0.2135 0.786500007
   M3 4 1 0.8215 0.178499997
   M4 4 1 0.8005 0.199500024
   M5 4 1 0.0640 0.935999997
   M6 4 1 0.6445 0.355499983
   M7 4 1 0.4550 0.544999987
   M8 4 1 0.5035 0.496500015
   M9 4 1 0.2540 0.745999992
  M10 4 1 0.7920 0.208000004
  M11 4 1 0.5690 0.430999994
  M12 4 1 0.7795 0.220499992
  M13 4 1 0.9550 0.045000017
  M14 4 1 0.8680 0.132000029
  M15 4 1 0.7675 0.232500017
  M16 4 1 0.7065 0.293500006
  M17 4 1 0.2880 0.712000012
  M18 4 1 0.5360 0.463999987
  M19 4 1 0.4210 0.578999996
  M20 4 1 0.9140 0.086000025
  M21 4 1 0.6730 0.327000022
  M22 4 1 0.4485 0.551499993
  M23 4 1 0.5925 0.407500029
  M24 4 1 0.0950 0.905000001
  M25 4 1 0.8150 0.185000002
  M26 4 1 0.5645 0.435500026
  M27 4 1 0.4665 0.533499986
  M28 4 1 0.6925 0.307500005
  M29 4 1 0.4330 0.567000002
  M30 4 1 0.7420 0.258000016
  M31 4 1 0.0280 0.971999999
  M32 4 1 0.3195 0.680500001
  M33 4 1 0.8535 0.146499991
  M34 4 1 0.3910 0.608999997
  M35 4 1 0.6460 0.353999972
  M36 4 1 0.5435 0.456499994
  M37 4 1 0.7870 0.213000000
  M38 4 1 0.3165 0.683499992
  M39 4 1 0.3675 0.632499993
  M40 4 1 0.7480 0.251999974
  M41 4 1 0.7215 0.278500021
  M42 4 1 0.4800 0.520000011
  M43 4 1 0.8385 0.161499977
  M44 4 1 0.7210 0.278999984
  M45 4 1 0.6440 0.356000006
  M46 4 1 0.0515 0.948500000
  M47 4 1 0.2210 0.778999999
  M48 4 1 0.5505 0.449500024
  M49 4 1 0.1940 0.805999994
  M50 4 1 0.4160 0.583999991
  M51 4 1 0.3420 0.657999992
  M52 4 1 0.7400 0.259999990
  M53 4 1 0.3720 0.627999991
  M54 4 1 0.5530 0.447000027
  M55 4 1 0.1600 0.840000004
  M56 4 1 0.2870 0.713000000
  M57 4 1 0.5315 0.468500018
  M58 4 1 0.5110 0.489000022
  M59 4 1 0.7790 0.221000016
  M60 4 1 0.5525 0.447499990
  M61 4 1 0.7110 0.288999975
  M62 4 1 0.4040 0.595999986
  M63 4 1 0.4235 0.576499999
  M64 4 1 0.4380 0.562000006
  M65 4 1 0.9380 0.061999977
  M66 4 1 0.5725 0.427500010
  M67 4 1 0.2840 0.715999991
  M68 4 1 0.6000 0.399999976
  M69 4 1 0.7580 0.241999984
  M70 4 1 0.2470 0.753000006
  M71 4 1 0.6860 0.314000010
  M72 4 1 0.3905 0.609499991
  M73 4 1 0.6305 0.369499981
  M74 4 1 0.5455 0.454500020
  M75 4 1 0.6970 0.302999973
  M76 4 1 0.4105 0.589500010
  M77 4 1 0.7015 0.298500001
  M78 4 1 0.4515 0.548500001
  M79 4 1 0.3940 0.606000006
  M80 4 1 0.2005 0.799500003
  M81 4 1 0.7575 0.242500007
  M82 4 1 0.3855 0.614499986
  M83 4 1 0.3335 0.666500002
  M84 4 1 0.1200 0.880000003
  M85 4 1 0.0810 0.919000000
  M86 4 1 0.6015 0.398500025
  M87 4 1 0.6525 0.347500026
  M88 4 1 0.1775 0.822500005
  M89 4 1 0.6625 0.337499976
  M90 4 1 0.8130 0.186999977
  M91 4 1 0.8995 0.100499988
  M92 4 1 0.7870 0.213000000
  M93 4 1 0.0595 0.940499999
  M94 4 1 0.3810 0.618999988
  M95 4 1 0.2370 0.762999997
  M96 4 1 0.6075 0.392499983
  M97 4 1 0.7675 0.232500017
  M98 4 1 0.5310 0.468999982
  M99 4 1 0.8155 0.184499979
 M100 4 1 0.6710 0.328999996
 M101 4 1 0.2545 0.745499998
 M102 4 1 0.0845 0.915500000
 M103 4 1 0.0525 0.947500002
 M104 4 1 0.6680 0.332000017
 M105 4 1 0.6960 0.304000020
 M106 4 1 0.8595 0.140500009
 M107 4 1 0.4380 0.562000006
 M108 4 1 0.7115 0.288500011
 M109 4 1 0.3775 0.622500002
 M110 4 1 0.2925 0.707500011
 M111 4 1 0.8660 0.134000003
 M112 4 1 0.3330 0.666999996
 M113 4 1 0.5535 0.446500003
 M114 4 1 0.6710 0.328999996
 M115 4 1 0.8180 0.181999981
 M116 4 1 0.2715 0.728500009
 M117 4 1 0.2205 0.779499993
 M118 4 1 0.7485 0.251500010
 M119 4 1 0.4120 0.588000000
 M120 4 1 0.0520 0.947999999
 M121 4 1 0.4965 0.503500015
 M122 4 1 0.2140 0.785999998
 M123 4 1 0.6970 0.302999973
 M124 4 1 0.7880 0.212000012
 M125 4 1 0.8840 0.115999997
 M126 4 1 0.5330 0.467000008
 M127 4 1 0.9445 0.055499971
 M128 4 1 0.3630 0.636999995
 M129 4 1 0.3765 0.623499990
 M130 4 1 0.5940 0.406000018
 M131 4 1 0.5175 0.482500017
 M132 4 1 0.7860 0.213999987
 M133 4 1 0.8155 0.184499979
 M134 4 1 0.4315 0.568500012
 M135 4 1 0.4235 0.576499999
 M136 4 1 0.1055 0.894500002
 M137 4 1 0.8295 0.170499980
 M138 4 1 0.7545 0.245500028
 M139 4 1 0.2645 0.735500008
 M140 4 1 0.5385 0.461499989
 M141 4 1 0.2730 0.726999998
 M142 4 1 0.2150 0.784999996
 M143 4 1 0.4420 0.557999998
 M144 4 1 0.3900 0.610000014
 M145 4 1 0.6530 0.347000003
 M146 4 1 0.3885 0.611499995
 M147 4 1 0.9260 0.074000001
 M148 4 1 0.4200 0.580000013
 M149 4 1 0.2280 0.772000000
 M150 4 1 0.2830 0.717000008
 M151 4 1 0.1080 0.891999997
 M152 4 1 0.0755 0.924500003
 M153 4 1 0.6275 0.372500002
 M154 4 1 0.3650 0.634999990
 M155 4 1 0.2340 0.766000003
 M156 4 1 0.3585 0.641499996
 M157 4 1 0.7510 0.249000013
 M158 4 1 0.5795 0.420499980
 M159 4 1 0.7515 0.248499990
 M160 4 1 0.3150 0.685000002
 M161 4 1 0.8330 0.166999996
 M162 4 1 0.6755 0.324500024
 M163 4 1 0.6945 0.305499971
 M164 4 1 0.8475 0.152499974
 M165 4 1 0.3465 0.653499991
 M166 4 1 0.2015 0.798500001
 M167 4 1 0.0260 0.973999999
 M168 4 1 0.3540 0.645999998
 M169 4 1 0.6630 0.337000012
 M170 4 1 0.5935 0.406499982
 M171 4 1 0.6250 0.375000000
 M172 4 1 0.0315 0.968499999
 M173 4 1 0.1600 0.840000004
 M174 4 1 0.8430 0.157000005
 M175 4 1 0.4725 0.527500004
 M176 4 1 0.5265 0.473500013
 M177 4 1 0.3820 0.618000001
 M178 4 1 0.8690 0.130999982
 M179 4 1 0.9105 0.089500010
 M180 4 1 0.1820 0.818000004
 M181 4 1 0.4950 0.504999995
 M182 4 1 0.5595 0.440500021
 M183 4 1 0.6950 0.305000007
 M184 4 1 0.4560 0.544000000
 M185 4 1 0.5970 0.402999997
 M186 4 1 0.6685 0.331499994
 M187 4 1 0.7620 0.237999976
 M188 4 1 0.1240 0.876000002
 M189 4 1 0.2960 0.703999996
 M190 4 1 0.8445 0.155499995
 M191 4 1 0.6265 0.373499990
 M192 4 1 0.0980 0.902000003
 M193 4 1 0.7035 0.296500027
 M194 4 1 0.8895 0.110499978
 M195 4 1 0.2790 0.720999986
 M196 4 1 0.8760 0.124000013
 M197 4 1 0.1555 0.844500005
 M198 4 1 0.1335 0.866500005
 M199 4 1 0.1590 0.841000006
 M200 4 1 0.8920 0.107999980
 M201 4 1 0.4155 0.584500015
 M202 4 1 0.6995 0.300499976
 M203 4 1 0.8900 0.110000014
 M204 4 1 0.7405 0.259500027
 M205 4 1 0.7310 0.268999994
 M206 4 1 0.3215 0.678499997
 M207 4 1 0.2440 0.755999997
 M208 4 1 0.4115 0.588499993
 M209 4 1 0.4465 0.553499997
 M210 4 1 0.5440 0.455999970
 M211 4 1 0.4050 0.594999999
 M212 4 1 0.2355 0.764500007
 M213 4 1 0.2540 0.745999992
 M214 4 1 0.5070 0.492999971
 M215 4 1 0.8775 0.122500002
 M216 4 1 0.3160 0.683999985
 M217 4 1 0.2215 0.778500006
 M218 4 1 0.9250 0.074999988
 M219 4 1 0.4955 0.504500002
 M220 4 1 0.9255 0.074500024
 M221 4 1 0.4425 0.557500005
 M222 4 1 0.7945 0.205500007
 M223 4 1 0.7180 0.282000005
 M224 4 1 0.6735 0.326499999
 M225 4 1 0.8860 0.114000022
 M226 4 1 0.7630 0.236999989
 M227 4 1 0.6495 0.350499988
 M228 4 1 0.8920 0.107999980
 M229 4 1 0.6705 0.329500020
 M230 4 1 0.6835 0.316500008
 M231 4 1 0.3725 0.627499998
 M232 4 1 0.2965 0.703500003
 M233 4 1 0.1545 0.845500007
 M234 4 1 0.1145 0.885499999
 M235 4 1 0.5660 0.434000015
 M236 4 1 0.6920 0.308000028
 M237 4 1 0.9915 0.008499980
 M238 4 1 0.3865 0.613499999
 M239 4 1 0.0000 1.000000000
 M240 4 1 0.8835 0.116500020
 M241 4 1 0.5505 0.449500024
 M242 4 1 0.9255 0.074500024
 M243 4 1 0.4050 0.594999999
 M244 4 1 0.5155 0.484499991
 M245 4 1 0.2170 0.783000007
 M246 4 1 0.3560 0.643999994
 M247 4 1 0.1190 0.880999997
 M248 4 1 0.8120 0.188000023
 M249 4 1 0.9470 0.052999973
 M250 4 1 0.4050 0.594999999
 M251 4 1 0.8090 0.190999985
 M252 4 1 0.6550 0.345000029
 M253 4 1 0.5525 0.447499990
 M254 4 1 0.8030 0.197000027
 M255 4 1 0.0490 0.951000001
 M256 4 1 0.6980 0.301999986
 M257 4 1 0.4420 0.557999998
 M258 4 1 0.5630 0.436999977
 M259 4 1 0.3520 0.648000002
 M260 4 1 0.4245 0.575500011
 M261 4 1 0.2610 0.738999993
 M262 4 1 0.8745 0.125500023
 M263 4 1 0.3970 0.602999985
 M264 4 1 0.6965 0.303499997
 M265 4 1 0.2295 0.770500004
 M266 4 1 0.1665 0.833499998
 M267 4 1 0.1925 0.807500005
 M268 4 1 0.8150 0.185000002
 M269 4 1 0.6030 0.397000015
 M270 4 1 0.0920 0.908000000
 M271 4 1 0.0620 0.938000001
 M272 4 1 0.4790 0.520999998
 M273 4 1 0.5675 0.432500005
 M274 4 1 0.4495 0.550500005
 M275 4 1 0.9525 0.047500014
 M276 4 1 0.0000 1.000000000
 M277 4 1 0.7855 0.214500010
 M278 4 1 0.6205 0.379499972
 M279 4 1 0.3650 0.634999990
 M280 4 1 0.8385 0.161499977
 M281 4 1 0.4250 0.574999988
 M282 4 1 0.6370 0.362999976
 M283 4 1 0.5800 0.420000017
 M284 4 1 0.3240 0.675999999
 M285 4 1 0.8135 0.186500013
 M286 4 1 0.8170 0.183000028
 M287 4 1 0.2290 0.770999998
 M288 4 1 0.5440 0.455999970
 M289 4 1 0.2745 0.725499988
 M290 4 1 0.0260 0.973999999
 M291 4 1 0.2295 0.770500004
 M292 4 1 0.5655 0.434499979
 M293 4 1 0.3965 0.603500009
 M294 4 1 0.6360 0.364000022
 M295 4 1 0.9565 0.043500006
 M296 4 1 0.6895 0.310500026
 M297 4 1 0.6055 0.394500017
 M298 4 1 0.8650 0.134999990
 M299 4 1 0.8795 0.120500028
 M300 4 1 0.0845 0.915500000
 M301 4 1 0.1385 0.861499995
 M302 4 1 0.5085 0.491500020
 M303 4 1 0.3175 0.682500005
 M304 4 1 0.4045 0.595499992
 M305 4 1 0.2920 0.708000004
 M306 4 1 0.8975 0.102500021
 M307 4 1 0.0850 0.914999999
 M308 4 1 0.6965 0.303499997
 M309 4 1 0.1910 0.809000000
 M310 4 1 0.7215 0.278500021
 M311 4 1 0.9405 0.059499979
 M312 4 1 0.2910 0.708999991
 M313 4 1 0.3330 0.666999996
 M314 4 1 0.5270 0.472999990
 M315 4 1 1.0000 0.000000000
 M316 4 1 0.1555 0.844500005
 M317 4 1 0.0195 0.980500000
 M318 4 1 0.1580 0.841999993
 M319 4 1 0.1895 0.810499996
 M320 4 1 0.5430 0.457000017
 M321 4 1 0.1600 0.840000004
 M322 4 1 0.6820 0.318000019
 M323 4 1 0.6435 0.356500030
 M324 4 1 0.6415 0.358500004
 M325 4 1 0.6880 0.311999977
 M326 4 1 0.2865 0.713499993
 M327 4 1 0.3755 0.624500006
 M328 4 1 0.4785 0.521499991
 M329 4 1 0.3295 0.670500010
 M330 4 1 0.2420 0.758000001
 M331 4 1 0.5095 0.490499973
 M332 4 1 0.6430 0.356999993
 M333 4 1 0.3070 0.692999989
 M334 4 1 0.6280 0.371999979
 M335 4 1 0.6940 0.305999994
 M336 4 1 0.2980 0.701999992
 M337 4 1 0.6830 0.316999972
 M338 4 1 0.4880 0.511999995
 M339 4 1 0.6170 0.383000016
 M340 4 1 0.4820 0.518000007
 M341 4 1 0.5030 0.496999979
 M342 4 1 0.5435 0.456499994
 M343 4 1 0.6890 0.310999990
 M344 4 1 0.3290 0.671000004
 M345 4 1 0.4240 0.576000005
 M346 4 1 0.7735 0.226499975
 M347 4 1 0.4925 0.507499993
 M348 4 1 0.9765 0.023500025
 M349 4 1 0.4470 0.553000003
 M350 4 1 0.3445 0.655499995
 M351 4 1 0.2655 0.734499991
 M352 4 1 0.3115 0.688499987
 M353 4 1 0.7275 0.272499979
 M354 4 1 0.4085 0.591500014
 M355 4 1 0.6645 0.335500002
 M356 4 1 0.3825 0.617500007
 M357 4 1 0.2190 0.781000003
 M358 4 1 0.4020 0.597999990
 M359 4 1 0.8075 0.192499995
 M360 4 1 0.1995 0.800500005
 M361 4 1 0.2185 0.781499997
 M362 4 1 0.7670 0.232999980
 M363 4 1 0.6135 0.386500001
 M364 4 1 0.7175 0.282500029
 M365 4 1 0.6965 0.303499997
 M366 4 1 0.6260 0.374000013
 M367 4 1 0.3000 0.699999988
 M368 4 1 0.5050 0.495000005
 M369 4 1 0.3270 0.673000008
 M370 4 1 0.0740 0.925999999
 M371 4 1 0.9570 0.042999983
 M372 4 1 0.2335 0.766499996
 M373 4 1 0.3600 0.639999986
 M374 4 1 0.4065 0.593499988
 M375 4 1 0.8535 0.146499991
 M376 4 1 0.9050 0.095000029
 M377 4 1 0.9495 0.050499976
 M378 4 1 0.4915 0.508500010
 M379 4 1 0.2470 0.753000006
 M380 4 1 0.9830 0.017000020
 M381 4 1 0.8965 0.103500009
 M382 4 1 0.5480 0.452000022
 M383 4 1 0.1305 0.869499996
 M384 4 1 0.3345 0.665499985
 M385 4 1 0.4145 0.585500002
 M386 4 1 0.0045 0.995500000
 M387 4 1 0.8185 0.181500018
 M388 4 1 0.1815 0.818499997
 M389 4 1 0.8955 0.104499996
 M390 4 1 0.9585 0.041499972
 M391 4 1 0.0950 0.905000001
 M392 4 1 0.3635 0.636500001
 M393 4 1 0.7450 0.254999995
 M394 4 1 0.5795 0.420499980
 M395 4 1 0.9405 0.059499979
 M396 4 1 0.1380 0.862000003
 M397 4 1 0.8595 0.140500009
 M398 4 1 0.5440 0.455999970
 M399 4 1 0.4405 0.559500009
 M400 4 1 0.1160 0.884000003
 M401 4 1 0.6940 0.305999994
 M402 4 1 0.7790 0.221000016
 M403 4 1 0.6050 0.394999981
 M404 4 1 0.1685 0.831499994
 M405 4 1 0.5730 0.426999986
 M406 4 1 0.1010 0.898999996
 M407 4 1 0.8580 0.142000020
 M408 4 1 0.5365 0.463500023
 M409 4 1 0.2155 0.784500003
 M410 4 1 0.3975 0.602499992
 M411 4 1 0.0535 0.946500000
 M412 4 1 0.0270 0.972999999
 M413 4 1 0.1180 0.881999999
 M414 4 1 0.4675 0.532499999
 M415 4 1 0.1545 0.845500007
 M416 4 1 0.6335 0.366500020
 M417 4 1 0.4970 0.502999991
 M418 4 1 0.1790 0.820999995
 M419 4 1 0.7475 0.252499998
 M420 4 1 0.8005 0.199500024
 M421 4 1 0.8095 0.190500021
 M422 4 1 0.6410 0.359000027
 M423 4 1 0.3070 0.692999989
 M424 4 1 0.6715 0.328499973
 M425 4 1 0.2650 0.735000014
 M426 4 1 0.5240 0.476000011
 M427 4 1 0.4620 0.537999988
 M428 4 1 0.8825 0.117500007
 M429 4 1 0.8750 0.125000000
 M430 4 1 0.5120 0.487999976
 M431 4 1 0.4170 0.583000004
 M432 4 1 0.9295 0.070500016
 M433 4 1 0.2000 0.799999997
 M434 4 1 0.7720 0.227999985
 M435 4 1 0.3075 0.692499995
 M436 4 1 0.4530 0.546999991
 M437 4 1 0.1195 0.880500004
 M438 4 1 0.1590 0.841000006
 M439 4 1 0.2145 0.785500005
 M440 4 1 0.6715 0.328499973
 M441 4 1 0.2485 0.751499996
 M442 4 1 0.6545 0.345499992
 M443 4 1 0.5690 0.430999994
 M444 4 1 0.7140 0.286000013
 M445 4 1 0.8470 0.152999997
 M446 4 1 0.8565 0.143499970
 M447 4 1 0.8690 0.130999982
 M448 4 1 0.4750 0.525000006
 M449 4 1 0.7430 0.257000029
 M450 4 1 0.5200 0.480000019
 M451 4 1 0.0405 0.959500000
 M452 4 1 0.4790 0.520999998
 M453 4 1 0.7480 0.251999974
 M454 4 1 0.7695 0.230499983
 M455 4 2 0.4370 0.562999994
 M456 4 2 0.5680 0.431999981
 M457 4 2 0.7745 0.225499988
 M458 4 2 0.6005 0.399500012
 M459 4 2 0.1405 0.859500006
 M460 4 2 0.4985 0.501500010
 M461 4 2 0.6695 0.330500007
 M462 4 2 0.0990 0.901000001
 M463 4 2 0.8055 0.194500029
 M464 4 2 0.6625 0.337499976
 M465 4 2 0.1390 0.861000001
 M466 4 2 0.1695 0.830500007
 M467 4 2 0.5875 0.412500024
 M468 4 2 0.2715 0.728500009
 M469 4 2 0.1525 0.847499996
 M470 4 2 0.2475 0.752499998
 M471 4 2 0.6670 0.333000004
 M472 4 2 0.1125 0.887500003
 M473 4 2 0.6230 0.376999974
 M474 4 2 0.0495 0.950500000
 M475 4 2 0.7800 0.220000029
 M476 4 2 0.6705 0.329500020
 M477 4 2 0.3325 0.667499989
 M478 4 2 0.8010 0.199000001
 M479 4 2 0.8555 0.144500017
 M480 4 2 0.1935 0.806500003
 M481 4 2 0.3690 0.631000012
 M482 4 2 0.7855 0.214500010
 M483 4 2 0.9110 0.088999987
 M484 4 2 0.6720 0.328000009
 M485 4 2 0.6010 0.398999989
 M486 4 2 0.4465 0.553499997
 M487 4 2 0.6700 0.329999983
 M488 4 2 0.4700 0.530000001
 M489 4 2 0.2650 0.735000014
 M490 4 2 0.1115 0.888499998
 M491 4 2 0.3365 0.663500011
 M492 4 2 0.9680 0.032000005
 M493 4 2 0.9670 0.032999992
 M494 4 2 0.5815 0.418500006
 M495 4 2 0.4255 0.574499995
 M496 4 2 0.2280 0.772000000
 M497 4 2 0.7960 0.203999996
 M498 4 2 0.9475 0.052500010
 M499 4 2 0.2285 0.771500006
 M500 4 2 0.7880 0.212000012
 M501 4 2 0.8175 0.182500005
 M502 4 2 0.3395 0.660499990
 M503 4 2 0.8180 0.181999981
 M504 4 2 0.8140 0.185999990
 M505 4 2 0.6745 0.325500011
 M506 4 2 0.6440 0.356000006
 M507 4 2 0.1940 0.805999994
 M508 4 2 0.2445 0.755500004
 M509 4 2 0.1870 0.812999994
 M510 4 2 0.9490 0.050999999
 M511 4 2 0.6040 0.396000028
 M512 4 2 0.8840 0.115999997
 M513 4 2 0.9395 0.060500026
 M514 4 2 0.8680 0.132000029
 M515 4 2 0.7660 0.234000027
 M516 4 2 0.1425 0.857500002
 M517 4 2 0.0790 0.920999996
 M518 4 2 0.5340 0.466000021
 M519 4 2 0.7980 0.202000022
 M520 4 2 0.7730 0.226999998
 M521 4 2 1.0000 0.000000000
 M522 4 2 0.2230 0.776999995
 M523 4 2 0.5125 0.487500012
 M524 4 2 0.6930 0.306999981
 M525 4 2 0.2550 0.745000005
 M526 4 2 0.6655 0.334500015
 M527 4 2 0.5055 0.494499981
 M528 4 2 0.2065 0.793500006
 M529 4 2 0.7660 0.234000027
 M530 4 2 0.8310 0.169000030
 M531 4 2 0.4335 0.566500008
 M532 4 2 0.4910 0.509000003
 M533 4 2 0.1230 0.876999997
 M534 4 2 0.2785 0.721500009
 M535 4 2 0.5230 0.476999998
 M536 4 2 0.2910 0.708999991
 M537 4 2 0.8710 0.129000008
 M538 4 2 0.6170 0.383000016
 M539 4 2 0.9955 0.004499972
 M540 4 2 0.0295 0.970500000
 M541 4 2 0.5190 0.481000006
 M542 4 2 0.1450 0.855000004
 M543 4 2 0.1280 0.871999994
 M544 4 2 0.3920 0.608000010
 M545 4 2 0.3030 0.696999997
 M546 4 2 0.1225 0.877499998
 M547 4 2 0.8715 0.128499985
 M548 4 2 0.7085 0.291499972
 M549 4 2 0.4480 0.551999986
 M550 4 2 0.6375 0.362500012
 M551 4 2 0.1640 0.835999995
 M552 4 2 0.1475 0.852500007
 M553 4 2 0.7140 0.286000013
 M554 4 2 0.4940 0.506000012
 M555 4 2 0.0745 0.925499998
 M556 4 2 0.2995 0.700500011
 M557 4 2 0.0745 0.925499998
 M558 4 2 0.3850 0.615000010
 M559 4 2 0.5225 0.477500021
 M560 4 2 0.6185 0.381500006
 M561 4 2 0.2560 0.743999988
 M562 4 2 0.5610 0.439000010
 M563 4 2 0.5380 0.462000012
 M564 4 2 0.4125 0.587500006
 M565 4 2 0.7730 0.226999998
 M566 4 2 0.7190 0.281000018
 M567 4 2 0.2970 0.703000009
 M568 4 2 0.4335 0.566500008
 M569 4 2 0.0660 0.934000000
 M570 4 2 0.6945 0.305499971
 M571 4 2 0.4025 0.597499996
 M572 4 2 0.0595 0.940499999
 M573 4 2 0.1735 0.826499999
 M574 4 2 0.5905 0.409500003
 M575 4 2 0.3840 0.615999997
 M576 4 2 0.3350 0.664999992
 M577 4 2 0.7125 0.287500024
 M578 4 2 0.5410 0.458999991
 M579 4 2 0.7850 0.214999974
 M580 4 2 0.8740 0.125999987
 M581 4 2 0.3255 0.674499989
 M582 4 2 0.5165 0.483500004
 M583 4 2 0.2955 0.704499990
 M584 4 2 0.2680 0.731999993
 M585 4 2 0.3475 0.652500004
 M586 4 2 0.7910 0.208999991
 M587 4 2 0.1680 0.832000002
 M588 4 2 0.3255 0.674499989
 M589 4 2 0.4085 0.591500014
 M590 4 2 0.3760 0.624000013
 M591 4 2 0.4620 0.537999988
 M592 4 2 0.4555 0.544499993
 M593 4 2 0.3425 0.657499999
 M594 4 2 0.0845 0.915500000
 M595 4 2 0.7785 0.221499979
 M596 4 2 0.3505 0.649500012
 M597 4 2 0.0275 0.972500000
 M598 4 2 0.7585 0.241500020
 M599 4 2 0.3650 0.634999990
 M600 4 2 0.6385 0.361500025
 M601 4 2 0.5165 0.483500004
 M602 4 2 0.3465 0.653499991
 M603 4 2 0.8835 0.116500020
 M604 4 2 0.3460 0.654000014
 M605 4 2 0.4975 0.502499998
 M606 4 2 0.5790 0.421000004
 M607 4 2 0.4060 0.594000012
 M608 4 2 0.4550 0.544999987
 M609 4 2 0.5285 0.471499979
 M610 4 2 0.7310 0.268999994
 M611 4 2 0.0870 0.913000003
 M612 4 2 0.6470 0.352999985
 M613 4 2 0.8955 0.104499996
 M614 4 2 0.8345 0.165499985
 M615 4 2 0.6320 0.367999971
 M616 4 2 0.5785 0.421500027
 M617 4 2 0.4840 0.516000003
 M618 4 2 0.5690 0.430999994
 M619 4 2 0.0100 0.990000000
 M620 4 2 0.8270 0.172999978
 M621 4 2 0.7990 0.200999975
 M622 4 2 0.6550 0.345000029
 M623 4 2 0.6570 0.342999995
 M624 4 2 0.5775 0.422500014
 M625 4 2 0.2590 0.740999997
 M626 4 2 0.5250 0.475000024
 M627 4 2 0.4145 0.585500002
 M628 4 2 0.8320 0.167999983
 M629 4 2 0.6150 0.384999990
 M630 4 2 0.5095 0.490499973
 M631 4 2 0.5545 0.445500016
 M632 4 2 0.7215 0.278500021
 M633 4 2 0.3445 0.655499995
 M634 4 2 0.6430 0.356999993
 M635 4 2 0.2395 0.760499999
 M636 4 2 0.4745 0.525500000
 M637 4 2 0.4255 0.574499995
 M638 4 2 0.2230 0.776999995
 M639 4 2 0.8015 0.198499978
 M640 4 2 0.9175 0.082499981
 M641 4 2 0.2335 0.766499996
 M642 4 2 0.6955 0.304499984
 M643 4 2 0.8205 0.179499984
 M644 4 2 0.2725 0.727499992
 M645 4 2 0.6565 0.343500018
 M646 4 2 0.7000 0.300000012
 M647 4 2 0.7360 0.263999999
 M648 4 2 0.3540 0.645999998
 M649 4 2 0.5050 0.495000005
 M650 4 2 0.0075 0.992500000
 M651 4 2 0.6610 0.338999987
 M652 4 2 0.0805 0.919500001
 M653 4 2 0.9735 0.026499987
 M654 4 2 0.7950 0.204999983
 M655 4 2 0.0175 0.982500000
 M656 4 2 0.0770 0.923000000
 M657 4 2 0.6425 0.357500017
 M658 4 2 0.2985 0.701499999
 M659 4 2 0.8235 0.176500022
 M660 4 2 0.4305 0.569499999
 M661 4 2 0.2055 0.794499993
 M662 4 2 0.6195 0.380500019
 M663 4 2 0.2920 0.708000004
 M664 4 2 0.8935 0.106500030
 M665 4 2 0.5895 0.410499990
 M666 4 2 0.0975 0.902500004
 M667 4 2 0.2010 0.798999995
 M668 4 2 0.5680 0.431999981
 M669 4 2 0.0975 0.902500004
 M670 4 2 0.5455 0.454500020
 M671 4 2 0.6185 0.381500006
 M672 4 2 0.3150 0.685000002
 M673 4 2 0.9050 0.095000029
 M674 4 2 0.9630 0.037000000
 M675 4 2 0.5530 0.447000027
 M676 4 2 0.5650 0.435000002
 M677 4 2 0.1970 0.803000003
 M678 4 2 0.8325 0.167500019
 M679 4 2 0.5855 0.414499998
 M680 4 2 0.6535 0.346499979
 M681 4 2 0.6545 0.345499992
 M682 4 2 0.1245 0.875500001
 M683 4 2 0.7280 0.272000015
 M684 4 2 0.0945 0.905500002
 M685 4 2 0.2740 0.726000011
 M686 4 2 0.3900 0.610000014
 M687 4 2 0.4650 0.534999996
 M688 4 2 0.4235 0.576499999
 M689 4 2 0.4345 0.565499991
 M690 4 2 0.7925 0.207499981
 M691 4 2 0.0885 0.911499999
 M692 4 2 0.1940 0.805999994
 M693 4 2 0.1060 0.894000001
 M694 4 2 0.7160 0.283999979
 M695 4 2 0.7335 0.266499996
 M696 4 2 0.1040 0.895999998
 M697 4 2 0.3030 0.696999997
 M698 4 2 0.1385 0.861499995
 M699 4 2 0.5610 0.439000010
 M700 4 2 0.4980 0.502000004
 M701 4 2 0.6550 0.345000029
 M702 4 2 0.7580 0.241999984
 M703 4 2 0.4420 0.557999998
 M704 4 2 0.5880 0.412000000
 M705 4 2 0.7545 0.245500028
 M706 4 2 0.2950 0.705000013
 M707 4 2 0.5190 0.481000006
 M708 4 2 0.1155 0.884499997
 M709 4 2 0.7735 0.226499975
 M710 4 2 0.9965 0.003499985
 M711 4 2 0.3085 0.691500008
 M712 4 2 0.2715 0.728500009
 M713 4 2 0.2610 0.738999993
 M714 4 2 0.5180 0.481999993
 M715 4 2 0.8450 0.154999971
 M716 4 2 0.5840 0.416000009
 M717 4 2 0.7925 0.207499981
 M718 4 2 0.8485 0.151499987
 M719 4 2 0.0830 0.917000003
 M720 4 2 0.0620 0.938000001
 M721 4 2 0.6670 0.333000004
 M722 4 2 0.9330 0.066999972
 M723 4 2 0.6110 0.388999999
 M724 4 2 0.5635 0.436500013
 M725 4 2 0.0335 0.966499999
 M726 4 2 0.9600 0.040000021
 M727 4 2 0.0410 0.958999999
 M728 4 2 0.3660 0.634000003
 M729 4 2 0.8895 0.110499978
 M730 4 2 0.4010 0.599000007
 M731 4 2 0.6035 0.396499991
 M732 4 2 0.6885 0.311500013
 M733 4 2 0.8425 0.157500029
 M734 4 2 0.0890 0.910999998
 M735 4 2 0.5890 0.411000013
 M736 4 2 0.3260 0.673999995
 M737 4 2 0.5525 0.447499990
 M738 4 2 0.7705 0.229499996
 M739 4 2 0.4635 0.536500007
 M740 4 2 0.5495 0.450500011
 M741 4 2 0.2570 0.743000001
 M742 4 2 0.9530 0.046999991
 M743 4 2 0.2845 0.715499997
 M744 4 2 0.3220 0.678000003
 M745 4 2 0.5820 0.417999983
 M746 4 2 0.3005 0.699499995
 M747 4 2 0.2345 0.765499994
 M748 4 2 0.7520 0.248000026
 M749 4 2 0.7155 0.284500003
 M750 4 2 0.4275 0.572499990
 M751 4 2 0.8940 0.106000006
 M752 4 2 0.7460 0.254000008
 M753 4 2 0.1405 0.859500006
 M754 4 2 0.4460 0.553999990
 M755 4 2 0.7140 0.286000013
 M756 4 2 0.1725 0.827500001
 M757 4 2 0.6700 0.329999983
 M758 4 2 0.6835 0.316500008
 M759 4 2 0.2515 0.748499990
 M760 4 2 0.3895 0.610500008
 M761 4 2 0.9020 0.097999990
 M762 4 2 0.3725 0.627499998
 M763 4 2 0.2870 0.713000000
 M764 4 2 0.6955 0.304499984
 M765 4 2 0.7855 0.214500010
 M766 4 2 0.8180 0.181999981
 M767 4 2 0.8180 0.181999981
 M768 4 2 0.7795 0.220499992
 M769 4 2 0.9185 0.081499994
 M770 4 2 0.8985 0.101499975
 M771 4 2 0.1340 0.865999997
 M772 4 2 0.0915 0.908500001
 M773 4 2 0.4605 0.539499998
 M774 4 2 0.7760 0.223999977
 M775 4 2 0.9070 0.092999995
 M776 4 2 0.9290 0.070999980
 M777 4 2 0.8570 0.143000007
 M778 4 2 0.1450 0.855000004
 M779 4 2 0.1950 0.805000007
 M780 4 2 0.9035 0.096499979
 M781 4 2 0.2425 0.757499993
 M782 4 2 0.7375 0.262499988
 M783 4 2 0.3820 0.618000001
 M784 4 2 0.7540 0.245999992
 M785 4 2 0.5480 0.452000022
 M786 4 2 0.8520 0.148000002
 M787 4 2 0.3030 0.696999997
 M788 4 2 0.4090 0.590999991
 M789 4 2 0.2360 0.763999999
 M790 4 2 0.8025 0.197499990
 M791 4 2 0.0940 0.906000003
 M792 4 2 0.7610 0.239000022
 M793 4 2 0.1295 0.870499998
 M794 4 2 0.2295 0.770500004
 M795 4 2 0.6325 0.367500007
 M796 4 2 0.5020 0.498000026
 M797 4 2 0.6005 0.399500012
 M798 4 2 0.6775 0.322499990
 M799 4 2 0.0890 0.910999998
 M800 4 2 0.6780 0.322000027
 M801 4 2 0.1105 0.889500000
 M802 4 2 0.5510 0.449000001
 M803 4 2 0.2790 0.720999986
 M804 4 2 0.2625 0.737500012
 M805 4 2 0.6580 0.342000008
 M806 4 2 0.4985 0.501500010
 M807 4 2 0.7185 0.281499982
 M808 4 2 0.0430 0.956999999
 M809 4 2 0.8145 0.185500026
 M810 4 2 0.9655 0.034500003
 M811 4 2 0.9705 0.029500008
 M812 4 2 0.5870 0.412999988
 M813 4 2 0.6455 0.354499996
 M814 4 2 0.4375 0.562500000
 M815 4 2 0.5095 0.490499973
 M816 4 2 0.4325 0.567499995
 M817 4 2 0.4020 0.597999990
 M818 4 2 0.4875 0.512499988
 M819 4 2 0.8415 0.158500016
 M820 4 2 0.6275 0.372500002
 M821 4 2 0.2655 0.734499991
 M822 4 2 0.1995 0.800500005
 M823 4 2 0.2730 0.726999998
 M824 4 2 0.9655 0.034500003
 M825 4 2 0.3650 0.634999990
 M826 4 2 0.2385 0.761500001
 M827 4 2 0.4810 0.518999994
 M828 4 2 0.3455 0.654500008
 M829 4 2 0.6925 0.307500005
 M830 4 2 0.4245 0.575500011
 M831 4 2 0.0830 0.917000003
 M832 4 2 0.1505 0.849500000
 M833 4 2 0.3895 0.610500008
 M834 4 2 0.0455 0.954500001
 M835 4 2 0.9020 0.097999990
 M836 4 2 0.2270 0.773000002
 M837 4 2 0.1130 0.887000002
 M838 4 2 0.1055 0.894500002
 M839 4 2 0.1100 0.890000001
 M840 4 2 0.2490 0.751000002
 M841 4 2 0.1345 0.865500003
 M842 4 2 0.8275 0.172500014
 M843 4 2 0.9040 0.096000016
 M844 4 2 0.1520 0.848000005
 M845 4 2 0.9290 0.070999980
 M846 4 2 0.6875 0.312500000
 M847 4 2 0.1560 0.843999997
 M848 4 2 0.4295 0.570499986
 M849 4 2 0.2735 0.726500005
 M850 4 2 0.7660 0.234000027
 M851 4 2 0.7965 0.203499973
 M852 4 2 0.0715 0.928499997
 M853 4 2 0.0920 0.908000000
 M854 4 2 0.5960 0.403999984
 M855 4 2 0.4030 0.597000003
 M856 4 2 0.7850 0.214999974
 M857 4 2 0.4675 0.532499999
 M858 4 2 0.7670 0.232999980
 M859 4 2 0.6970 0.302999973
 M860 4 2 0.9600 0.040000021
 M861 4 2 0.4060 0.594000012
 M862 4 2 0.7690 0.231000006
 M863 4 2 0.9665 0.033500016
 M864 4 2 0.2095 0.790500000
 M865 4 2 0.0730 0.927000001
 M866 4 2 0.8325 0.167500019
 M867 4 2 0.3455 0.654500008
 M868 4 2 0.2595 0.740500003
 M869 4 2 0.7095 0.290499985
 M870 4 2 0.3855 0.614499986
 M871 4 2 0.2305 0.769500002
 M872 4 2 0.9300 0.069999993
 M873 4 2 0.3040 0.696000010
 M874 4 2 0.3565 0.643500000
 M875 4 2 0.1730 0.827000007
 M876 4 2 0.4115 0.588499993
 M877 4 2 0.1345 0.865500003
 M878 4 2 0.3185 0.681499988
 M879 4 2 0.4970 0.502999991
 M880 4 2 0.5105 0.489499986
 M881 4 2 0.8010 0.199000001
 M882 4 2 0.6425 0.357500017
 M883 4 2 0.6720 0.328000009
 M884 4 2 0.7790 0.221000016
 M885 4 2 0.3425 0.657499999
 M886 4 2 0.7500 0.250000000
 M887 4 2 0.5920 0.407999992
 M888 4 2 0.3650 0.634999990
 M889 4 2 0.4530 0.546999991
 M890 4 2 0.3135 0.686500013
 M891 4 2 0.8325 0.167500019
 M892 4 2 0.3780 0.622000009
 M893 4 2 0.3010 0.699000001
 M894 4 2 0.2015 0.798500001
 M895 4 2 0.4955 0.504500002
 M896 4 2 0.2230 0.776999995
 M897 4 2 0.1535 0.846499994
 M898 4 2 0.8155 0.184499979
 M899 4 2 0.3860 0.613999993
 M900 4 2 0.5520 0.448000014
 M901 4 2 0.3040 0.696000010
 M902 4 2 0.8040 0.195999980
 M903 4 2 0.5620 0.438000023
 M904 4 2 0.3065 0.693500012
 M905 4 2 0.8125 0.187500000
 M906 4 2 0.8160 0.184000015
 M907 4 2 0.6045 0.395500004
 M908 4 2 0.3650 0.634999990
 M909 4 2 0.5160 0.484000027
 M910 4 2 0.9325 0.067499995
 M911 4 2 0.4455 0.554500014
 M912 4 2 0.5330 0.467000008
 M913 4 2 0.8380 0.162000000
 M914 4 2 0.7540 0.245999992
 M915 4 2 0.8490 0.151000023
 M916 4 2 0.0640 0.935999997
 M917 4 2 0.2645 0.735500008
 M918 4 2 0.2455 0.754500002
 M919 4 2 0.2735 0.726500005
 M920 4 2 0.1860 0.813999996
 M921 4 2 0.7355 0.264500022
 M922 4 2 0.8790 0.120999992
 M923 4 2 0.4385 0.561500013
 M924 4 2 0.2915 0.708499998
 M925 4 2 0.4865 0.513500005
 M926 4 2 0.6545 0.345499992
 M927 4 2 0.1525 0.847499996
 M928 4 2 0.1230 0.876999997
 M929 4 2 0.3715 0.628500015
 M930 4 2 0.8045 0.195500016
 M931 4 2 0.6710 0.328999996
 M932 4 2 0.4620 0.537999988
 M933 4 2 0.4665 0.533499986
 M934 4 2 0.3215 0.678499997
 M935 4 2 0.8885 0.111500025
 M936 4 2 0.4030 0.597000003
 M937 4 2 0.3390 0.661000013
 M938 4 2 0.8350 0.165000021
 M939 4 2 0.3290 0.671000004
 M940 4 2 0.7310 0.268999994
 M941 4 2 0.1995 0.800500005
 M942 4 2 0.7105 0.289499998
 M943 4 2 0.4515 0.548500001
 M944 4 2 0.4165 0.583499998
 M945 4 2 0.3705 0.629500002
 M946 4 2 0.6840 0.315999985
 M947 4 2 0.0900 0.909999996
 M948 4 2 0.2400 0.760000005
 M949 4 2 0.8525 0.147499979
 M950 4 2 0.1650 0.834999993
 M951 4 2 0.2610 0.738999993
 M952 4 2 0.2430 0.756999999
 M953 4 2 0.6325 0.367500007
 M954 4 2 0.5460 0.453999996
 M955 4 2 0.7815 0.218500018
 M956 4 2 0.6785 0.321500003
 M957 4 2 0.1055 0.894500002
 M958 4 2 0.6580 0.342000008
 M959 4 2 0.2260 0.774000004
 M960 4 2 0.9220 0.078000009
 M961 4 2 0.1950 0.805000007
 M962 4 2 0.9030 0.097000003
 M963 4 2 0.3050 0.694999993
 M964 4 2 0.1845 0.815500006
 M965 4 2 0.0660 0.934000000
 M966 4 2 0.2190 0.781000003
 M967 4 2 0.4815 0.518500000
 M968 4 2 0.7145 0.285499990
 M969 4 2 0.5220 0.477999985
 M970 4 2 0.1750 0.825000003
 M971 4 2 0.1845 0.815500006
 M972 4 2 0.5390 0.461000025
 M973 4 2 0.6045 0.395500004
 M974 4 2 0.6470 0.352999985
 M975 4 2 0.7260 0.273999989
 M976 4 2 0.4695 0.530499995
 M977 4 2 0.3240 0.675999999
 M978 4 2 0.4080 0.592000008
 M979 4 2 0.5910 0.408999979
 M980 4 2 0.0250 0.975000000
 M981 4 2 0.0165 0.983500000
 M982 4 2 0.4695 0.530499995
 M983 4 2 0.7335 0.266499996
 M984 4 2 0.6645 0.335500002
 M985 4 2 0.0960 0.903999999
 M986 4 2 0.8485 0.151499987
 M987 4 2 0.7150 0.285000026
 M988 4 2 0.2970 0.703000009
 M989 4 2 0.2485 0.751499996
 M990 4 2 0.9110 0.088999987
 M991 4 2 0.9185 0.081499994
 M992 4 2 0.6500 0.350000024
 M993 4 2 0.0565 0.943500001
 M994 4 2 0.3595 0.640500009
 M995 4 2 0.4705 0.529500008
 M996 4 2 0.7775 0.222500026
 M997 4 2 0.4475 0.552500010
 M998 4 2 0.0765 0.923500001
 M999 4 2 0.6450 0.355000019
M1000 4 2 0.5445 0.455500007
M1001 4 2 0.8285 0.171500027
M1002 4 2 0.3030 0.696999997
M1003 4 2 0.7255 0.274500012
M1004 4 2 0.9590 0.041000009
M1005 4 2 0.0410 0.958999999
M1006 4 2 0.6855 0.314499974
M1007 4 2 0.7140 0.286000013
M1008 4 2 0.3785 0.621499985
M1009 4 2 0.7875 0.212499976
M1010 4 2 0.6900 0.310000002
M1011 4 2 0.8360 0.163999975
M1012 4 2 0.6580 0.342000008
M1013 4 2 0.6235 0.376500010
M1014 4 2 0.8865 0.113499999
M1015 4 2 0.6185 0.381500006
M1016 4 2 0.2830 0.717000008
M1017 4 2 0.6640 0.336000025
M1018 4 2 0.5125 0.487500012
M1019 4 2 0.5335 0.466499984
M1020 4 2 0.6300 0.370000005
M1021 4 2 0.6820 0.318000019
M1022 4 2 0.6715 0.328499973
M1023 4 2 0.0870 0.913000003
M1024 4 2 0.3365 0.663500011
M1025 4 2 0.6645 0.335500002
M1026 4 2 0.4995 0.500499994
M1027 4 2 0.2485 0.751499996
M1028 4 2 0.8430 0.157000005
M1029 4 2 0.3050 0.694999993
M1030 4 2 0.4715 0.528499991
M1031 4 2 0.8120 0.188000023
M1032 4 2 0.9605 0.039499998
M1033 4 2 0.0925 0.907499999
M1034 4 2 0.2105 0.789499998
M1035 4 2 0.4000 0.599999994
M1036 4 2 0.5575 0.442499995
M1037 4 2 0.4560 0.544000000
M1038 4 2 0.0280 0.971999999
M1039 4 2 0.7190 0.281000018
M1040 4 2 0.7965 0.203499973
M1041 4 2 0.6940 0.305999994
M1042 4 2 0.6815 0.318499982
M1043 4 2 0.3300 0.669999987
M1044 4 2 0.2875 0.712500006
M1045 4 2 0.3620 0.638000011
M1046 4 2 0.6960 0.304000020
M1047 4 2 0.5275 0.472500026
M1048 4 2 0.9280 0.072000027
M1049 4 2 0.0845 0.915500000
M1050 4 2 0.0560 0.943999998
M1051 4 2 0.6695 0.330500007
M1052 4 2 0.4535 0.546499997
M1053 4 2 0.9485 0.051500022
M1054 4 2 0.7205 0.279500008
M1055 4 2 0.3925 0.607499987
M1056 4 2 0.4910 0.509000003
M1057 4 2 0.7180 0.282000005
M1058 4 2 0.7490 0.250999987
M1059 4 2 0.1425 0.857500002
M1060 4 2 0.4155 0.584500015
M1061 4 2 0.6225 0.377499998
M1062 4 2 0.2600 0.740000010
M1063 4 2 0.0930 0.906999998
M1064 4 2 0.4245 0.575500011
M1065 4 2 0.2000 0.799999997
M1066 4 2 0.5230 0.476999998
M1067 4 2 0.3720 0.627999991
M1068 4 2 0.6340 0.365999997
M1069 4 2 0.3885 0.611499995
M1070 4 2 0.6270 0.373000026
M1071 4 2 0.3400 0.659999996
M1072 4 2 0.6140 0.385999978
M1073 4 2 0.3335 0.666500002
M1074 4 2 0.2830 0.717000008
M1075 4 2 0.4050 0.594999999
M1076 4 2 0.8755 0.124499977
M1077 4 2 0.6205 0.379499972
M1078 4 2 0.6755 0.324500024
M1079 4 2 0.9125 0.087499976
M1080 4 2 0.2795 0.720499992
M1081 4 2 0.2705 0.729499996
M1082 4 2 0.3485 0.651499987
M1083 4 2 0.2090 0.790999994
M1084 4 2 0.3695 0.630499989
M1085 4 2 0.6490 0.351000011
M1086 4 2 0.6805 0.319500029
M1087 4 2 0.9215 0.078499973
M1088 4 2 0.7360 0.263999999
M1089 4 2 0.2910 0.708999991
M1090 4 2 0.9600 0.040000021
M1091 4 2 0.7465 0.253499985
M1092 4 2 0.7975 0.202499986
M1093 4 2 0.6850 0.314999998
M1094 4 2 0.5155 0.484499991
M1095 4 2 0.6575 0.342499971
M1096 4 2 0.3010 0.699000001
M1097 4 2 0.8180 0.181999981
M1098 4 2 0.7890 0.211000025
M1099 4 2 0.5090 0.490999997
M1100 4 2 0.7000 0.300000012
M1101 4 2 0.4870 0.513000011
M1102 4 2 0.9250 0.074999988
M1103 4 2 0.8140 0.185999990
M1104 4 2 0.1615 0.838499993
M1105 4 2 0.8200 0.180000007
M1106 4 2 0.4155 0.584500015
M1107 4 2 0.2370 0.762999997
M1108 4 2 0.2175 0.782499999
M1109 4 2 0.9460 0.054000020
M1110 4 2 0.6290 0.370999992
M1111 4 2 0.3135 0.686500013
M1112 4 2 0.4625 0.537499994
M1113 4 2 0.7400 0.259999990
M1114 4 2 0.4090 0.590999991
M1115 4 2 0.7895 0.210500002
M1116 4 2 0.5490 0.450999975
M1117 4 2 0.0520 0.947999999
M1118 4 2 0.7365 0.263499975
M1119 4 2 0.6265 0.373499990
M1120 4 2 0.1725 0.827500001
M1121 4 2 0.8720 0.128000021
M1122 4 2 0.1155 0.884499997
M1123 4 2 0.7820 0.217999995
M1124 4 2 0.6070 0.393000007
M1125 4 2 0.2235 0.776500002
M1126 4 2 0.0575 0.942499999
M1127 4 2 0.0985 0.901500002
M1128 4 2 0.6145 0.385500014
M1129 4 2 0.4975 0.502499998
M1130 4 2 0.6035 0.396499991
M1131 4 2 0.5065 0.493499994
M1132 4 2 0.6265 0.373499990
M1133 4 2 0.6695 0.330500007
M1134 4 2 0.9010 0.098999977
M1135 4 2 0.2680 0.731999993
M1136 4 2 0.9480 0.051999986
M1137 4 2 0.1195 0.880500004
M1138 4 2 0.5220 0.477999985
M1139 4 2 0.3340 0.666000009
M1140 4 2 0.6950 0.305000007
M1141 4 2 0.1375 0.862499997
M1142 4 2 0.3395 0.660499990
M1143 4 2 0.6160 0.384000003
M1144 4 2 0.4945 0.505499989
M1145 4 2 0.2180 0.782000005
M1146 4 2 0.7615 0.238499999
M1147 4 2 0.3735 0.626500010
M1148 4 2 0.1735 0.826499999
M1149 4 2 0.1635 0.836500004
M1150 4 2 0.1130 0.887000002
M1151 4 2 0.3350 0.664999992
M1152 4 2 0.2680 0.731999993
M1153 4 2 0.2010 0.798999995
M1154 4 2 0.0500 0.949999999
M1155 4 2 0.3865 0.613499999
M1156 4 2 0.4580 0.541999996
M1157 4 2 0.7285 0.271499991
M1158 4 2 0.2250 0.775000006
M1159 4 2 0.2960 0.703999996
M1160 4 2 0.9720 0.027999997
M1161 4 2 0.1150 0.884999998
M1162 4 2 0.7530 0.246999979
M1163 4 2 0.1000 0.899999999
M1164 4 2 0.5420 0.458000004
M1165 4 2 0.6930 0.306999981
M1166 4 2 0.4300 0.569999993
M1167 4 2 0.4125 0.587500006
M1168 4 2 0.0555 0.944499999
M1169 4 2 0.5995 0.400500000
M1170 4 2 0.4320 0.567999989
M1171 4 2 0.1560 0.843999997
M1172 4 2 0.2215 0.778500006
M1173 4 2 0.8695 0.130500019
M1174 4 2 0.6395 0.360499978
M1175 4 2 0.3040 0.696000010
M1176 4 2 0.2190 0.781000003
M1177 4 2 0.6680 0.332000017
M1178 4 2 0.1300 0.870000005
M1179 4 2 0.5210 0.478999972
M1180 4 2 0.6900 0.310000002
M1181 4 2 0.9725 0.027499974
M1182 4 2 0.0225 0.977499999
M1183 4 2 0.2940 0.706000000
M1184 4 2 0.0895 0.910499997
M1185 4 2 0.7660 0.234000027
M1186 4 2 0.7065 0.293500006
M1187 4 2 0.4800 0.520000011
M1188 4 2 0.6785 0.321500003
M1189 4 2 0.2690 0.731000006
M1190 4 2 0.8840 0.115999997
M1191 4 2 0.5500 0.449999988
M1192 4 2 0.8845 0.115499973
M1193 4 2 0.3935 0.606500000
M1194 4 2 0.7805 0.219500005
M1195 4 2 0.4595 0.540499985
M1196 4 2 0.3295 0.670500010
M1197 4 2 0.6075 0.392499983
M1198 4 2 0.0495 0.950500000
M1199 4 2 0.0775 0.922499999
M1200 4 2 0.2715 0.728500009
M1201 4 2 0.3875 0.612500012
M1202 4 2 0.7085 0.291499972
M1203 4 2 0.2345 0.765499994
M1204 4 2 0.3145 0.685499996
M1205 4 2 0.7975 0.202499986
M1206 4 2 0.8185 0.181500018
M1207 4 2 0.1950 0.805000007
M1208 4 2 0.8905 0.109499991
M1209 4 2 0.0165 0.983500000
M1210 4 2 0.5805 0.419499993
M1211 4 2 0.7290 0.271000028
M1212 4 2 0.4670 0.532999992
M1213 4 2 0.9265 0.073499978
M1214 4 2 0.1870 0.812999994
M1215 4 2 0.1855 0.814500004
M1216 4 2 0.5315 0.468500018
M1217 4 2 0.9665 0.033500016
M1218 4 2 0.1190 0.880999997
M1219 4 2 0.5975 0.402499974
M1220 4 2 0.5485 0.451499999
M1221 4 2 0.3710 0.629000008
M1222 4 2 0.1350 0.864999995
M1223 4 2 0.3555 0.644499987
M1224 4 2 0.2195 0.780499995
M1225 4 2 0.5415 0.458500028
M1226 4 2 0.7840 0.216000021
M1227 4 2 0.9360 0.064000010
M1228 4 2 0.1645 0.835500002
M1229 4 2 0.9820 0.018000007
M1230 4 2 0.6990 0.300999999
M1231 4 2 0.7370 0.263000011
M1232 4 2 0.8535 0.146499991
M1233 4 2 0.8810 0.119000018
M1234 4 2 0.3230 0.676999986
M1235 4 2 0.5155 0.484499991
M1236 4 2 0.9490 0.050999999
M1237 4 2 0.5125 0.487500012
M1238 4 2 0.4015 0.598500013
M1239 4 2 0.0895 0.910499997
M1240 4 2 0.3125 0.687500000
M1241 4 2 0.1455 0.854499996
M1242 4 2 0.9725 0.027499974
M1243 4 2 0.7245 0.275500000
M1244 4 2 0.7670 0.232999980
M1245 4 2 0.0195 0.980500000
M1246 4 2 0.4620 0.537999988
M1247 4 2 0.9575 0.042500019
M1248 4 2 0.5975 0.402499974
M1249 4 2 0.5855 0.414499998
M1250 4 2 0.1395 0.860499993
M1251 4 2 0.8800 0.120000005
M1252 4 2 0.7625 0.237500012
M1253 4 2 0.8350 0.165000021
M1254 4 2 0.2660 0.733999997
M1255 4 2 0.5490 0.450999975
M1256 4 2 0.4115 0.588499993
M1257 4 2 0.0790 0.920999996
M1258 4 2 0.3120 0.687999994
M1259 4 2 0.7005 0.299499989
M1260 4 2 0.8635 0.136500001
M1261 4 2 0.7540 0.245999992
M1262 4 2 0.8030 0.197000027
M1263 4 2 0.8895 0.110499978
M1264 4 2 0.9360 0.064000010
M1265 4 2 0.4635 0.536500007
M1266 4 2 0.3485 0.651499987
M1267 4 2 0.7045 0.295499980
M1268 4 2 0.3355 0.664499998
M1269 4 2 0.7405 0.259500027
M1270 4 2 0.9325 0.067499995
M1271 4 2 0.8860 0.114000022
M1272 4 2 0.6940 0.305999994
M1273 4 2 0.2340 0.766000003
M1274 4 2 0.2105 0.789499998
M1275 4 2 0.8585 0.141499996
M1276 4 2 0.6865 0.313499987
M1277 4 2 0.1995 0.800500005
M1278 4 2 0.4050 0.594999999
M1279 4 2 0.2320 0.768000007
M1280 4 2 0.6350 0.365000010
M1281 4 2 0.2875 0.712500006
M1282 4 2 0.8855 0.114499986
M1283 4 2 0.0705 0.929499999
M1284 4 2 0.5965 0.403500021
M1285 4 2 0.1880 0.812000006
M1286 4 2 0.6500 0.350000024
M1287 4 2 0.6635 0.336499989
M1288 4 2 0.7210 0.278999984
M1289 4 2 0.3675 0.632499993
M1290 4 2 0.7215 0.278500021
M1291 4 2 0.6300 0.370000005
M1292 4 2 0.9690 0.031000018
M1293 4 2 0.2545 0.745499998
M1294 4 2 0.3750 0.625000000
M1295 4 2 0.8265 0.173500001
M1296 4 2 0.1930 0.806999996
M1297 4 2 0.6390 0.361000001
M1298 4 2 0.3620 0.638000011
M1299 4 2 0.8105 0.189499974
M1300 4 2 0.5680 0.431999981
M1301 4 2 0.0465 0.953499999
M1302 4 2 0.7530 0.246999979
M1303 4 2 0.8015 0.198499978
M1304 4 2 0.6920 0.308000028
M1305 4 2 0.1405 0.859500006
M1306 4 2 0.3120 0.687999994
M1307 4 2 0.4550 0.544999987
M1308 4 2 0.6415 0.358500004
M1309 4 2 0.6050 0.394999981
M1310 4 2 0.4215 0.578500003
M1311 4 2 0.6590 0.341000021
M1312 4 2 0.8615 0.138499975
M1313 4 2 0.5080 0.491999984
M1314 4 2 0.1090 0.891000003
M1315 4 2 0.8185 0.181500018
M1316 4 2 0.8630 0.137000024
M1317 4 2 0.2060 0.794000000
M1318 4 2 0.5460 0.453999996
M1319 4 2 0.6225 0.377499998
M1320 4 2 0.1575 0.842500001
M1321 4 2 0.4150 0.585000008
M1322 4 2 0.7115 0.288500011
M1323 4 2 0.1730 0.827000007
M1324 4 2 0.9800 0.019999981
M1325 4 2 0.9750 0.024999976
M1326 4 2 0.6415 0.358500004
M1327 4 2 0.7765 0.223500013
M1328 4 2 0.2165 0.783500001
M1329 4 2 0.8740 0.125999987
M1330 4 2 0.8530 0.147000015
M1331 4 2 0.6200 0.379999995
M1332 4 2 0.3690 0.631000012
M1333 4 2 0.8600 0.139999986
M1334 4 2 0.6190 0.380999982
M1335 4 2 0.5470 0.453000009
M1336 4 2 0.7625 0.237500012
M1337 4 2 0.4290 0.571000010
M1338 4 2 0.6495 0.350499988
M1339 4 2 0.2445 0.755500004
M1340 4 2 0.8395 0.160499990
M1341 4 2 0.4185 0.581499994
M1342 4 2 0.0305 0.969500000
M1343 4 2 0.0910 0.909000002
M1344 4 2 0.2575 0.742500007
M1345 4 2 0.4715 0.528499991
M1346 4 2 0.0490 0.951000001
M1347 4 2 0.8565 0.143499970
M1348 4 2 0.9760 0.023999989
M1349 4 2 0.8640 0.135999978
M1350 4 2 0.0400 0.960000001
M1351 4 3 0.1020 0.898000002
M1352 4 3 0.3575 0.642500013
M1353 4 3 0.5760 0.424000025
M1354 4 3 0.6645 0.335500002
M1355 4 3 0.1545 0.845500007
M1356 4 3 0.5845 0.415499985
M1357 4 3 0.4905 0.509499997
M1358 4 3 0.8165 0.183499992
M1359 4 3 0.6555 0.344500005
M1360 4 3 0.2015 0.798500001
M1361 4 3 0.6105 0.389500022
M1362 4 3 0.5655 0.434499979
M1363 4 3 0.0890 0.910999998
M1364 4 3 0.4700 0.530000001
M1365 4 3 0.8155 0.184499979
M1366 4 3 0.5625 0.437500000
M1367 4 3 0.1020 0.898000002
M1368 4 3 0.5700 0.430000007
M1369 4 3 0.0770 0.923000000
M1370 4 3 0.0450 0.954999998
M1371 4 3 0.4665 0.533499986
M1372 4 3 0.6305 0.369499981
M1373 4 3 0.1350 0.864999995
M1374 4 3 0.4115 0.588499993
M1375 4 3 0.2325 0.767499998
M1376 4 3 0.4375 0.562500000
M1377 4 3 0.8270 0.172999978
M1378 4 3 0.3385 0.661500007
M1379 4 3 0.1450 0.855000004
M1380 4 3 0.8335 0.166499972
M1381 4 3 0.5720 0.427999973
M1382 4 3 0.5010 0.499000013
M1383 4 3 0.1555 0.844500005
M1384 4 3 0.3445 0.655499995
M1385 4 3 0.5220 0.477999985
M1386 4 3 0.4070 0.592999995
M1387 4 3 0.6165 0.383499980
M1388 4 3 0.4760 0.523999989
M1389 4 3 0.9800 0.019999981
M1390 4 3 0.5235 0.476499975
M1391 4 3 0.4665 0.533499986
M1392 4 3 0.7235 0.276499987
M1393 4 3 0.3035 0.696500003
M1394 4 3 0.5595 0.440500021
M1395 4 3 0.7535 0.246500015
M1396 4 3 0.5580 0.441999972
M1397 4 3 0.8985 0.101499975
M1398 4 3 0.6145 0.385500014
M1399 4 3 0.3260 0.673999995
M1400 4 3 0.8185 0.181500018
M1401 4 3 0.7745 0.225499988
M1402 4 3 0.5695 0.430499971
M1403 4 3 0.3825 0.617500007
M1404 4 3 0.5400 0.459999979
M1405 4 3 0.4455 0.554500014
M1406 4 3 0.2280 0.772000000
M1407 4 3 0.5135 0.486500025
M1408 4 3 0.6160 0.384000003
M1409 4 3 0.0310 0.969000001
M1410 4 3 0.8730 0.126999974
M1411 4 3 0.5070 0.492999971
M1412 4 3 0.3375 0.662499994
M1413 4 3 0.3885 0.611499995
M1414 4 3 0.8750 0.125000000
M1415 4 3 0.1875 0.812500000
M1416 4 3 0.7455 0.254499972
M1417 4 3 0.4005 0.599500000
M1418 4 3 0.4975 0.502499998
M1419 4 3 0.3015 0.698500007
M1420 4 3 0.5230 0.476999998
M1421 4 3 0.2365 0.763500005
M1422 4 3 0.5320 0.467999995
M1423 4 3 0.5945 0.405499995
M1424 4 3 0.8335 0.166499972
M1425 4 3 0.6050 0.394999981
M1426 4 3 0.5525 0.447499990
M1427 4 3 0.9115 0.088500023
M1428 4 3 0.4690 0.530999988
M1429 4 3 0.1285 0.871500000
M1430 4 3 0.6390 0.361000001
M1431 4 3 0.7090 0.291000009
M1432 4 3 0.3680 0.631999999
M1433 4 3 0.9670 0.032999992
M1434 4 3 0.1350 0.864999995
M1435 4 3 0.2890 0.710999995
M1436 4 3 0.7370 0.263000011
M1437 4 3 0.7795 0.220499992
M1438 4 3 0.2585 0.741499990
M1439 4 3 0.2865 0.713499993
M1440 4 3 0.5315 0.468500018
M1441 4 3 0.5655 0.434499979
M1442 4 3 0.5780 0.421999991
M1443 4 3 0.3025 0.697499990
M1444 4 3 0.5570 0.443000019
M1445 4 3 0.6775 0.322499990
M1446 4 3 0.6340 0.365999997
M1447 4 3 0.6720 0.328000009
M1448 4 3 0.6170 0.383000016
M1449 4 3 0.0980 0.902000003
M1450 4 3 0.6220 0.378000021
M1451 4 3 0.1630 0.836999997
M1452 4 3 0.8575 0.142499983
M1453 4 3 0.6165 0.383499980
M1454 4 3 0.0165 0.983500000
M1455 4 3 0.3750 0.625000000
M1456 4 3 0.7455 0.254499972
M1457 4 3 0.1315 0.868499994
M1458 4 3 0.2645 0.735500008
M1459 4 3 0.1755 0.824499995
M1460 4 3 0.6395 0.360499978
M1461 4 3 0.8485 0.151499987
M1462 4 3 0.6265 0.373499990
M1463 4 3 0.1985 0.801499993
M1464 4 3 0.6555 0.344500005
M1465 4 3 0.8885 0.111500025
M1466 4 3 0.6645 0.335500002
M1467 4 3 0.7610 0.239000022
M1468 4 3 0.4670 0.532999992
M1469 4 3 0.2335 0.766499996
M1470 4 3 0.0810 0.919000000
M1471 4 3 0.0835 0.916500002
M1472 4 3 0.5605 0.439499974
M1473 4 3 0.5175 0.482500017
M1474 4 3 0.5895 0.410499990
M1475 4 3 0.6710 0.328999996
M1476 4 3 0.5990 0.401000023
M1477 4 3 0.6030 0.397000015
M1478 4 3 0.2635 0.736499995
M1479 4 3 0.3930 0.606999993
M1480 4 3 0.4930 0.506999999
M1481 4 3 0.2885 0.711499989
M1482 4 3 0.6660 0.333999991
M1483 4 3 0.3935 0.606500000
M1484 4 3 0.6935 0.306500018
M1485 4 3 0.4970 0.502999991
M1486 4 3 0.6520 0.347999990
M1487 4 3 0.8415 0.158500016
M1488 4 3 0.6445 0.355499983
M1489 4 3 0.7055 0.294499993
M1490 4 3 0.0020 0.998000000
M1491 4 3 0.0210 0.979000000
M1492 4 3 0.6500 0.350000024
M1493 4 3 0.8050 0.194999993
M1494 4 3 0.4320 0.567999989
M1495 4 3 0.2595 0.740500003
M1496 4 3 0.5925 0.407500029
M1497 4 3 0.5275 0.472500026
M1498 4 3 0.6220 0.378000021
M1499 4 3 0.4790 0.520999998
M1500 4 3 0.4885 0.511500001
M1501 4 3 0.6500 0.350000024
M1502 4 3 0.6725 0.327499986
M1503 4 3 0.1610 0.839000002
M1504 4 3 0.6995 0.300499976
M1505 4 3 0.4480 0.551999986
M1506 4 3 0.6600 0.339999974
M1507 4 3 0.1725 0.827500001
M1508 4 3 0.1570 0.842999995
M1509 4 3 0.0450 0.954999998
M1510 4 3 0.5395 0.460500002
M1511 4 3 0.7550 0.245000005
M1512 4 3 0.9425 0.057500005
M1513 4 3 0.5380 0.462000012
M1514 4 3 0.1545 0.845500007
M1515 4 3 0.6720 0.328000009
M1516 4 3 0.3635 0.636500001
M1517 4 3 0.2545 0.745499998
M1518 4 3 0.9635 0.036499977
M1519 4 3 0.4355 0.564500004
M1520 4 3 0.3165 0.683499992
M1521 4 3 0.3460 0.654000014
M1522 4 3 0.5700 0.430000007
M1523 4 3 0.4805 0.519499987
M1524 4 3 0.2355 0.764500007
M1525 4 3 0.9160 0.083999991
M1526 4 3 0.2015 0.798500001
M1527 4 3 0.9000 0.100000024
M1528 4 3 0.4865 0.513500005
M1529 4 3 0.6430 0.356999993
M1530 4 3 0.3870 0.613000005
M1531 4 3 0.0220 0.978000000
M1532 4 3 0.5820 0.417999983
M1533 4 3 0.8515 0.148500025
M1534 4 3 0.5010 0.499000013
M1535 4 3 0.5155 0.484499991
M1536 4 3 0.6955 0.304499984
M1537 4 3 0.5960 0.403999984
M1538 4 3 0.7350 0.264999986
M1539 4 3 0.4650 0.534999996
M1540 4 3 0.5985 0.401499987
M1541 4 3 0.2570 0.743000001
M1542 4 3 0.1970 0.803000003
M1543 4 3 0.3440 0.655999988
M1544 4 3 0.3955 0.604499996
M1545 4 3 0.2585 0.741499990
M1546 4 3 0.2765 0.723500013
M1547 4 3 0.7460 0.254000008
M1548 4 3 0.7685 0.231500030
M1549 4 3 0.4575 0.542499989
M1550 4 3 0.2710 0.729000002
M1551 4 3 0.7180 0.282000005
M1552 4 3 0.1895 0.810499996
M1553 4 3 0.7480 0.251999974
M1554 4 3 0.6630 0.337000012
M1555 4 3 0.1400 0.859999999
M1556 4 3 0.5935 0.406499982
M1557 4 3 0.8400 0.160000026
M1558 4 3 0.4430 0.557000011
M1559 4 3 0.6250 0.375000000
M1560 4 3 0.6920 0.308000028
M1561 4 3 0.5555 0.444500029
M1562 4 3 0.8275 0.172500014
M1563 4 3 0.3435 0.656500012
M1564 4 3 0.6165 0.383499980
M1565 4 3 0.9130 0.087000012
M1566 4 3 0.8565 0.143499970
M1567 4 3 0.8430 0.157000005
M1568 4 3 0.9145 0.085500002
M1569 4 3 0.4260 0.574000001
M1570 4 3 0.4160 0.583999991
M1571 4 3 0.7605 0.239499986
M1572 4 3 0.7090 0.291000009
M1573 4 3 0.1625 0.837500006
M1574 4 3 0.2935 0.706499994
M1575 4 3 0.2840 0.715999991
M1576 4 3 0.4925 0.507499993
M1577 4 3 0.8390 0.161000013
M1578 4 3 0.1560 0.843999997
M1579 4 3 0.0440 0.956000000
M1580 4 3 0.4260 0.574000001
M1581 4 3 0.3145 0.685499996
M1582 4 3 0.1205 0.879500002
M1583 4 3 0.3000 0.699999988
M1584 4 3 0.6470 0.352999985
M1585 4 3 0.5540 0.445999980
M1586 4 3 0.4730 0.527000010
