ID sire dam generation sex phen env tbvp gebvp
   1 2748 2533 3 M  2.012545112 -3.650765e-01 1.6276313 0
   2 2748 2533 3 M  2.428193105  1.812227e-01 1.7120437 0
   3 2748 2533 3 M  2.844249986  3.465568e-01 1.6267532 0
   4 2748 2533 3 M  1.190993395 -1.063774e+00 1.6475218 0
   5 2748 2533 3 M  3.297855518  5.155677e-01 1.7424984 0
   6 2748 3097 3 F  1.726667376 -7.708232e-02 1.5196789 0
   7 2748 3097 3 M  2.372674934 -2.068564e-01 1.6457204 0
   8 2748 3097 3 M  2.328563084 -1.819084e-02 1.6914631 0
   9 2748 3097 3 F  3.234324272  7.488591e-01 1.6516675 0
  10 2748 3097 3 F  2.062209479  1.916452e-01 1.3979000 0
  11 2341 3001 3 F  2.211237523  2.741139e-01 1.5601396 0
  12 2341 3001 3 M  2.423736375 -2.028787e-01 1.6079681 0
  13 2341 3001 3 F  0.779571253 -1.277658e+00 1.6621139 0
  14 2341 3001 3 F  3.562093122  2.586616e-01 1.8313543 0
  15 2341 3001 3 M  3.211200081  1.076361e+00 1.5362343 0
  16 2341 2662 3 M  2.373687627  6.533667e-01 1.4791800 0
  17 2341 2662 3 F  2.021218416 -1.681227e-01 1.5864789 0
  18 2341 2662 3 M  3.818792954  1.264413e+00 1.6500776 0
  19 2341 2662 3 M  2.346691893 -2.737262e-01 1.7066777 0
  20 2341 2662 3 M  1.145516359 -1.149678e+00 1.5820789 0
  21 2788 2962 3 F  1.085369166 -4.895746e-01 1.4314936 0
  22 2788 2962 3 F  0.257482391 -5.905410e-01 1.1458761 0
  23 2788 2962 3 F  1.145500564 -5.908791e-01 1.4278221 0
  24 2788 2962 3 M  0.987165807 -2.175875e-01 1.2231490 0
  25 2788 2962 3 M  2.743635424  5.496180e-01 1.6061590 0
  26 2788 2652 3 F  2.657658003 -1.461611e-01 1.6863549 0
  27 2788 2652 3 M  3.019170156  8.721738e-02 1.7220170 0
  28 2788 2652 3 F  2.818505746  2.066212e-01 1.6346162 0
  29 2788 2652 3 F  3.128115228  9.358600e-02 1.7356674 0
  30 2788 2652 3 M  2.898486544  5.477640e-01 1.5866377 0
  31 2743 2535 3 M  1.835434878 -6.844986e-01 1.5773890 0
  32 2743 2535 3 F  2.662056896  2.785214e-01 1.6740560 0
  33 2743 2535 3 F  2.610461099 -3.154315e-01 1.7767642 0
  34 2743 2535 3 M  2.170285848  1.397600e-01 1.5985463 0
  35 2743 2535 3 M  2.206984182 -4.912958e-01 1.7276438 0
  36 2743 2623 3 M -0.557513406  4.561276e-01 0.4107640 0
  37 2743 2623 3 F -0.661265023  5.225603e-02 0.5179403 0
  38 2743 2623 3 M -0.711781553 -2.672647e-01 0.7074160 0
  39 2743 2623 3 M -1.797854115 -9.762668e-01 0.6960652 0
  40 2743 2623 3 F -0.700859004  3.200962e-01 0.5855565 0
  41 3076 2926 3 M  1.512054393 -2.040372e-01 1.2635149 0
  42 3076 2926 3 F  1.546259575 -1.209563e+00 1.6672962 0
  43 3076 2926 3 F  1.290059461 -4.999931e-02 1.2246944 0
  44 3076 2926 3 M  1.434673993  3.695381e-02 1.2726118 0
  45 3076 2926 3 M  2.631503112  1.195630e+00 1.3775886 0
  46 3076 3045 3 F  1.346315068 -9.723921e-01 1.5923008 0
  47 3076 3045 3 F  2.264488866  2.768080e-01 1.5466635 0
  48 3076 3045 3 M  2.418553295 -7.433649e-02 1.6555645 0
  49 3076 3045 3 F  2.207395935 -4.514525e-01 1.6789445 0
  50 3076 3045 3 F  2.328896475 -1.151629e-02 1.5693727 0
  51 2377 2826 3 M  0.779701921 -3.056903e-01 1.3429621 0
  52 2377 2826 3 M  1.169178901 -4.499433e-01 1.4389726 0
  53 2377 2826 3 M  2.051675951  1.647351e-01 1.5626167 0
  54 2377 2826 3 F  2.557157945  8.921890e-01 1.4093880 0
  55 2377 2826 3 F  2.154391748  1.838749e-01 1.5288387 0
  56 2377 2532 3 F  0.815062672 -4.826703e-01 1.3140382 0
  57 2377 2532 3 M -0.155583305 -1.819162e+00 1.3118999 0
  58 2377 2532 3 F  0.390789069 -9.712723e-01 1.3736539 0
  59 2377 2532 3 F  3.980996545  1.559258e+00 1.5561892 0
  60 2377 2532 3 F  1.363921368 -5.828035e-02 1.3876641 0
  61 3059 2706 3 F  2.287928696  2.095910e-01 1.5752137 0
  62 3059 2706 3 F  2.116995644 -6.258438e-01 1.7112629 0
  63 3059 2706 3 F  1.063754387 -1.477101e-01 1.4331759 0
  64 3059 2706 3 M  1.649805089 -8.498921e-01 1.6548243 0
  65 3059 2706 3 F  3.858970521  1.351359e+00 1.6729021 0
  66 3059 2655 3 M  2.767009847 -1.131257e-01 1.7373197 0
  67 3059 2655 3 M  2.964448027 -6.704913e-02 1.7552346 0
  68 3059 2655 3 F  2.737289213  4.074270e-01 1.5878143 0
  69 3059 2655 3 M  2.111534094 -9.795289e-01 1.7703607 0
  70 3059 2655 3 F  0.621464105 -1.727263e+00 1.5903991 0
  71 2372 2711 3 F  0.868504399  2.836631e-01 1.1496142 0
  72 2372 2711 3 M  1.170442942 -7.665735e-02 1.3768302 0
  73 2372 2711 3 F  1.113762608 -5.380303e-02 1.2646985 0
  74 2372 2711 3 M  1.124199760 -5.765571e-01 1.3558530 0
  75 2372 2711 3 M  2.237852120 -1.515887e-01 1.6365233 0
  76 2372 3279 3 F  1.239011559 -7.977202e-01 1.5391029 0
  77 2372 3279 3 F  1.686676308  1.344123e-01 1.4704181 0
  78 2372 3279 3 M  2.895179413  9.462777e-01 1.5864678 0
  79 2372 3279 3 F  1.391450474  9.144793e-02 1.4150242 0
  80 2372 3279 3 F  1.628151022  5.563147e-02 1.3849352 0
  81 3252 2370 3 M  1.375052509  3.453331e-01 1.2478463 0
  82 3252 2370 3 M  3.011933944 -1.976294e-01 1.9546808 0
  83 3252 2370 3 M  1.786546188 -6.546602e-01 1.7105336 0
  84 3252 2370 3 M  4.445012219  1.146725e+00 1.8589998 0
  85 3252 2370 3 F  3.014481245  7.423748e-01 1.5401193 0
  86 3252 2307 3 M  2.353542018 -1.208570e-01 1.7459189 0
  87 3252 2307 3 M  2.534221228  5.446956e-01 1.5418250 0
  88 3252 2307 3 F  5.198347386  1.521980e+00 2.0974338 0
  89 3252 2307 3 F  3.675977205  3.717651e-01 2.0303822 0
  90 3252 2307 3 M  2.812162206 -3.400000e-02 1.8869902 0
  91 3057 3048 3 M  2.499926611  1.566935e-02 1.6472117 0
  92 3057 3048 3 F  2.930283008 -7.861730e-02 1.7017603 0
  93 3057 3048 3 M  3.908402820  6.343507e-01 1.9778146 0
  94 3057 3048 3 M  0.659142276 -1.061252e+00 1.5861927 0
  95 3057 3048 3 F  1.930432435 -2.659727e-01 1.6302939 0
  96 3057 2368 3 F  2.638886690  9.849513e-01 1.5843751 0
  97 3057 2368 3 M  0.256084782 -9.265704e-01 1.4654919 0
  98 3057 2368 3 F  2.325762057  4.660713e-01 1.5732385 0
  99 3057 2368 3 F  3.734190960  8.123371e-01 1.7781282 0
 100 3057 2368 3 F  2.803520291  8.004006e-01 1.5706630 0
 101 2376 2523 3 F  2.570112430  6.116423e-01 1.5848628 0
 102 2376 2523 3 F  3.112723555  8.602783e-01 1.5891565 0
 103 2376 2523 3 F  2.275165247 -3.162724e-01 1.5960430 0
 104 2376 2523 3 F -0.305037327 -9.855384e-01 1.1951745 0
 105 2376 2523 3 F  2.307523627  1.004310e+00 1.4140227 0
 106 2376 2366 3 F -0.255263817  5.398989e-01 0.6102217 0
 107 2376 2366 3 F -0.116747187  4.321940e-01 0.6305241 0
 108 2376 2366 3 F -0.481616642  2.039876e-01 0.6214537 0
 109 2376 2366 3 M -0.616378414  4.140867e-01 0.4915556 0
 110 2376 2366 3 M -0.202200040  8.803218e-01 0.4782757 0
 111 2744 3094 3 F  0.124808258 -1.073923e+00 1.2630630 0
 112 2744 3094 3 F  1.830931832  5.317075e-01 1.3261705 0
 113 2744 3094 3 F  1.537162023  7.497939e-01 1.1356215 0
 114 2744 3094 3 M  1.383579052  2.424523e-01 1.2687008 0
 115 2744 3094 3 M  1.313226275 -1.518276e-01 1.3337156 0
 116 2744 2976 3 F  1.005431527 -6.960867e-01 1.3961888 0
 117 2744 2976 3 M  0.704286048 -1.246796e+00 1.4567109 0
 118 2744 2976 3 F  2.062992728  9.716357e-01 1.2910174 0
 119 2744 2976 3 M  0.844063028 -1.802952e-01 1.4020655 0
 120 2744 2976 3 M  2.163987981  5.226949e-01 1.4413418 0
 121 2380 3134 3 M  1.661128951 -1.056781e-01 1.4529751 0
 122 2380 3134 3 M  2.816209617  2.278084e-01 1.6806867 0
 123 2380 3134 3 M  1.036176356 -3.010596e-01 1.3642372 0
 124 2380 3134 3 F  0.312181388 -1.048226e+00 1.3835391 0
 125 2380 3134 3 M  3.748326036  1.190497e+00 1.7135859 0
 126 2380 3130 3 F  4.036198042  2.228001e+00 1.5684304 0
 127 2380 3130 3 M  2.492635809 -8.385596e-02 1.7091210 0
 128 2380 3130 3 M  3.238686807  1.550759e+00 1.5484632 0
 129 2380 3130 3 F  2.862430987  4.095870e-01 1.6100446 0
 130 2380 3130 3 M  0.694775123 -8.358319e-01 1.4848339 0
 131 2404 2659 3 M  2.377979699  7.485998e-01 1.5309892 0
 132 2404 2659 3 F -0.846287727 -2.161312e+00 1.4121470 0
 133 2404 2659 3 F  0.707146376 -2.473079e-01 1.2844600 0
 134 2404 2659 3 F  1.781811948  1.349343e-03 1.5157800 0
 135 2404 2659 3 F  2.608720994  4.279920e-01 1.6693902 0
 136 2404 3122 3 F  1.404105877  4.227627e-02 1.3427339 0
 137 2404 3122 3 M  1.289644152 -2.215744e-01 1.5646586 0
 138 2404 3122 3 M  2.070471801  8.059102e-01 1.3782536 0
 139 2404 3122 3 M  3.291187045  1.017205e+00 1.5907152 0
 140 2404 3122 3 M  0.773474514 -1.006772e+00 1.5714081 0
 141 2371 2708 3 M  1.731272873  1.051873e+00 1.1618463 0
 142 2371 2708 3 M  2.683778915  8.313668e-02 1.6123744 0
 143 2371 2708 3 M  1.449901860 -5.490793e-01 1.5091455 0
 144 2371 2708 3 M  4.048061899  1.405418e+00 1.6795654 0
 145 2371 2708 3 F  2.503969037 -2.716937e-01 1.7302554 0
 146 2371 3133 3 M  2.861671215  3.484494e-01 1.7394562 0
 147 2371 3133 3 M  3.548066167  3.644239e-01 1.8462804 0
 148 2371 3133 3 M  2.253764747 -1.737628e-01 1.7207425 0
 149 2371 3133 3 M  4.414942158  9.681762e-01 1.9852650 0
 150 2371 3133 3 M  3.030979689  2.403089e-01 1.7677915 0
 151 2374 3092 3 M  2.322622845  4.625904e-01 1.5644708 0
 152 2374 3092 3 F  0.460156778 -1.096172e+00 1.5164300 0
 153 2374 3092 3 M  2.865293241  4.042375e-01 1.6820270 0
 154 2374 3092 3 F  3.227515594  1.299367e+00 1.5171751 0
 155 2374 3092 3 M  1.582604508 -9.317998e-02 1.4816128 0
 156 2374 2361 3 F  0.514354625 -1.971146e-01 1.2617352 0
 157 2374 2361 3 F  2.278850925 -1.600059e-02 1.6715301 0
 158 2374 2361 3 F  1.258878971  4.273074e-01 1.1576340 0
 159 2374 2361 3 M  3.272158523  7.723718e-01 1.6131798 0
 160 2374 2361 3 M  3.475415122  1.119384e+00 1.5915775 0
 161 2875 2929 3 M -0.458993333 -1.866998e-01 0.6858337 0
 162 2875 2929 3 M -0.459952497  2.595467e-01 0.6943142 0
 163 2875 2929 3 M -0.329356156  4.278676e-01 0.6875621 0
 164 2875 2929 3 M -0.471560589 -5.680328e-02 0.8699639 0
 165 2875 2929 3 M -0.118851464  2.873963e-01 0.7969956 0
 166 2875 3003 3 M  2.701729314  9.625386e-01 1.5282086 0
 167 2875 3003 3 F  1.447483036  1.985894e-01 1.4852005 0
 168 2875 3003 3 M  0.747975559 -9.719807e-01 1.5733841 0
 169 2875 3003 3 F  0.245331931 -1.128478e+00 1.3300942 0
 170 2875 3003 3 M  1.139411504 -1.500278e-01 1.3535402 0
 171 2474 3096 3 M  0.903835247 -1.119125e+00 1.6106773 0
 172 2474 3096 3 M  0.767699986 -7.342381e-01 1.5477244 0
 173 2474 3096 3 F  2.738997506  1.482706e-01 1.6717829 0
 174 2474 3096 3 F  1.751042283  4.095180e-01 1.3826782 0
 175 2474 3096 3 F  1.829046457 -1.731050e-01 1.4735198 0
 176 2474 2386 3 F  1.794205911 -3.060592e-01 1.7530024 0
 177 2474 2386 3 M  1.258271299 -7.159885e-01 1.6518617 0
 178 2474 2386 3 F  1.307102889 -3.098815e-01 1.5319875 0
 179 2474 2386 3 F  0.630600117  8.528207e-02 1.2642308 0
 180 2474 2386 3 M  0.741205703 -3.132374e-01 1.2400613 0
 181 3051 2657 3 M  3.302166900  1.004578e+00 1.7107700 0
 182 3051 2657 3 F  2.913927004  2.894028e-01 1.8949054 0
 183 3051 2657 3 M  2.940122734 -3.826873e-01 2.0166074 0
 184 3051 2657 3 F  4.228267698  1.242348e+00 1.9081522 0
 185 3051 2657 3 F  3.108029490  2.629444e-01 1.9338404 0
 186 3051 2511 3 M  2.477174476 -5.590539e-01 1.8496008 0
 187 3051 2511 3 M  2.703560058  3.963581e-01 1.6558473 0
 188 3051 2511 3 M  3.179624927  4.954927e-01 1.6918111 0
 189 3051 2511 3 M  1.485723873 -8.144994e-01 1.6836425 0
 190 3051 2511 3 F  3.008045117  4.375758e-01 1.7084173 0
 191 2324 2515 3 M  3.161321331  7.138823e-01 1.5076844 0
 192 2324 2515 3 F  2.792777081  4.577866e-01 1.5499960 0
 193 2324 2515 3 F  2.568514268 -3.960405e-01 1.7405528 0
 194 2324 2515 3 M  2.393367598 -6.537078e-02 1.5854400 0
 195 2324 2515 3 M  2.972497627 -9.339311e-02 1.8290420 0
 196 2324 2498 3 M  0.975284902 -6.265060e-01 1.3584408 0
 197 2324 2498 3 M  3.610317223  7.570303e-01 1.7789770 0
 198 2324 2498 3 F  1.496611407  1.562405e-01 1.4634493 0
 199 2324 2498 3 F  1.414045631 -1.480244e-01 1.4660751 0
 200 2324 2498 3 F  1.953404852 -7.470228e-02 1.4912511 0
 201 3074 2518 3 F  1.337467082  5.061016e-01 1.1815384 0
 202 3074 2518 3 F  0.819967093 -5.666417e-02 1.2216277 0
 203 3074 2518 3 M  0.809429400  4.330658e-02 1.1448175 0
 204 3074 2518 3 M -0.153056958 -6.443083e-01 1.2314177 0
 205 3074 2518 3 F  0.420721619 -4.787517e-01 1.1569437 0
 206 3074 2712 3 M  1.272007096  6.757848e-01 1.1509736 0
 207 3074 2712 3 F  1.419494650 -5.245063e-01 1.4892627 0
 208 3074 2712 3 F  3.437893368  1.420210e+00 1.4503629 0
 209 3074 2712 3 M  1.139739483 -6.216541e-01 1.4295553 0
 210 3074 2712 3 F  0.768231871 -6.262019e-01 1.2592150 0
 211 2378 3100 3 F  2.220246071 -4.632099e-03 1.6626563 0
 212 2378 3100 3 M  0.787184284 -1.760857e+00 1.7307827 0
 213 2378 3100 3 F  2.858006800  2.104005e-01 1.7514324 0
 214 2378 3100 3 M  2.615462589  3.416094e-01 1.5788868 0
 215 2378 3100 3 F  2.247352035 -3.322017e-01 1.6398121 0
 216 2378 2849 3 F  1.653063257  7.736783e-02 1.4679837 0
 217 2378 2849 3 M  0.918698692  2.140567e-02 1.4056449 0
 218 2378 2849 3 F  0.098534414 -5.651366e-01 1.2097195 0
 219 2378 2849 3 F  0.897057768 -9.356804e-01 1.5058569 0
 220 2378 2849 3 M  0.907043282 -6.131890e-01 1.4628036 0
 221 2631 2336 3 M  1.298215275 -4.899808e-01 1.5156082 0
 222 2631 2336 3 F  2.704300845  5.416789e-01 1.5096384 0
 223 2631 2336 3 M  1.109170747 -1.460018e+00 1.7953812 0
 224 2631 2336 3 M  2.074841421  5.024448e-01 1.4041686 0
 225 2631 2336 3 M  2.765043228  2.914197e-01 1.6971483 0
 226 2631 2942 3 M  1.636372438  6.493452e-05 1.4852754 0
 227 2631 2942 3 F  1.773900151 -7.429642e-01 1.6925796 0
 228 2631 2942 3 M  4.043742535  1.457464e+00 1.6573005 0
 229 2631 2942 3 F  2.472930356  2.431010e-01 1.5415124 0
 230 2631 2942 3 M  2.324695007 -5.311528e-01 1.8016575 0
 231 2373 2654 3 F  2.905976173  9.566778e-01 1.6866626 0
 232 2373 2654 3 F  1.908472726  8.080813e-02 1.6630269 0
 233 2373 2654 3 F  1.194866782 -2.774556e-01 1.5169888 0
 234 2373 2654 3 M  2.235169896 -7.095822e-01 1.8367834 0
 235 2373 2654 3 M  2.685969100  8.490150e-01 1.6297699 0
 236 2373 3233 3 M  1.894044120 -1.522859e+00 1.9648759 0
 237 2373 3233 3 F  2.389390279  4.035732e-01 1.5960287 0
 238 2373 3233 3 M  2.344724457 -2.591948e-01 1.7039185 0
 239 2373 3233 3 M  3.620906774  6.142271e-01 1.9402472 0
 240 2373 3233 3 M  3.411616438  5.567320e-01 1.7374621 0
 241 2346 2568 3 F  1.013433343 -5.229613e-01 1.3774861 0
 242 2346 2568 3 M  1.736602148  3.164054e-01 1.5297166 0
 243 2346 2568 3 F  2.483080629  3.385447e-01 1.6922360 0
 244 2346 2568 3 F  0.897623579 -3.536563e-01 1.3039906 0
 245 2346 2568 3 F  2.529406620 -2.988736e-01 1.8708520 0
 246 2346 3041 3 F  2.654046863 -9.108418e-02 1.8274766 0
 247 2346 3041 3 M  2.401789313 -1.610794e-01 1.8429744 0
 248 2346 3041 3 F  3.575515074  7.996975e-01 1.7268305 0
 249 2346 3041 3 M  2.387232568 -2.801154e-02 1.7242152 0
 250 2346 3041 3 M  3.052320358  6.854468e-01 1.5300012 0
 251 2749 2965 3 F -1.745060570 -9.947572e-01 0.5699384 0
 252 2749 2965 3 M -2.316882148 -9.090960e-01 0.5287091 0
 253 2749 2965 3 F -1.309041001 -4.668276e-01 0.6838279 0
 254 2749 2965 3 M -0.003747526  1.760255e-01 0.7905136 0
 255 2749 2965 3 M -0.302850459  3.207171e-01 0.7073344 0
 256 2749 2658 3 F  1.436322400 -1.057556e+00 1.7653496 0
 257 2749 2658 3 M  1.163689695 -7.466597e-01 1.5982676 0
 258 2749 2658 3 F  0.995062801 -8.740140e-01 1.6611636 0
 259 2749 2658 3 F  2.060090865  1.415597e-01 1.6231953 0
 260 2749 2658 3 M  2.462540163  2.233773e-01 1.7388443 0
 261 2730 2837 3 M  2.261884521  7.847297e-02 1.6002947 0
 262 2730 2837 3 M  1.575151990 -4.759558e-01 1.5318612 0
 263 2730 2837 3 F  2.097434524 -3.283529e-02 1.5433346 0
 264 2730 2837 3 F  2.138532113 -9.552249e-02 1.6018485 0
 265 2730 2837 3 M  1.320583361 -2.483223e-01 1.3635596 0
 266 2730 2971 3 F  1.220711093  1.316007e-01 1.3071724 0
 267 2730 2971 3 F  1.061825428 -4.744036e-02 1.3745451 0
 268 2730 2971 3 F  1.239653271  1.462719e-01 1.3406473 0
 269 2730 2971 3 F  1.726783893 -3.857616e-01 1.4742478 0
 270 2730 2971 3 F  1.513207342 -2.134763e-01 1.3719890 0
 271 2966 3131 3 M  1.910185282 -5.939052e-01 1.6500300 0
 272 2966 3131 3 F  2.949198036  2.306496e-01 1.6948396 0
 273 2966 3131 3 M  1.727776351  6.826601e-01 1.2489001 0
 274 2966 3131 3 F  1.054186129  6.287267e-02 1.2329584 0
 275 2966 3131 3 M  2.323343080  8.520586e-01 1.4835462 0
 276 2966 3099 3 F  2.379896379 -3.958547e-01 1.7475700 0
 277 2966 3099 3 F  2.727654590  3.290880e-01 1.5612402 0
 278 2966 3099 3 M  0.449692818 -2.239419e+00 1.6632915 0
 279 2966 3099 3 M  3.320108494  9.651554e-01 1.5382912 0
 280 2966 3099 3 M  2.408483990  2.461810e-01 1.5279718 0
 281 2745 2733 3 M  4.171608007  1.561987e+00 1.6537386 0
 282 2745 2733 3 F  3.134810127  3.746078e-01 1.7426341 0
 283 2745 2733 3 F  3.440845064  9.820092e-01 1.6615621 0
 284 2745 2733 3 F  3.113517762  2.406156e-01 1.8376708 0
 285 2745 2733 3 F  1.539012795 -8.677765e-01 1.6013745 0
 286 2745 2803 3 M  3.379490109  7.502963e-01 1.5754029 0
 287 2745 2803 3 F  3.015053784  7.111954e-01 1.5229352 0
 288 2745 2803 3 F  2.540363504  7.243693e-01 1.3341889 0
 289 2745 2803 3 M  1.783772072 -2.459788e-01 1.4956133 0
 290 2745 2803 3 M  2.706724598  4.004758e-01 1.5365225 0
 291 2574 2980 3 F  2.825971728  1.524480e-02 1.7251362 0
 292 2574 2980 3 F  3.232274685  5.195584e-02 1.8709252 0
 293 2574 2980 3 M  2.831482528 -4.116103e-02 1.7443596 0
 294 2574 2980 3 M  3.469963913  8.251414e-01 1.6330837 0
 295 2574 2980 3 F  2.245924380 -2.128784e-01 1.6286783 0
 296 2574 3113 3 M -0.431911643  9.672110e-02 0.5915871 0
 297 2574 3113 3 M -0.030635529  3.423420e-01 0.5761972 0
 298 2574 3113 3 F  0.055438993  3.348303e-01 0.7923924 0
 299 2574 3113 3 M -0.108160842  7.899553e-01 0.4433027 0
 300 2574 3113 3 M -0.202342714  1.264739e-01 0.5826122 0
 301 2636 2752 3 M  2.064949935  5.836184e-02 1.6060702 0
 302 2636 2752 3 F  2.088532571  1.917066e-01 1.4466019 0
 303 2636 2752 3 M  1.387002651  2.265147e-01 1.3413582 0
 304 2636 2752 3 F  1.102632906 -5.953911e-01 1.4641405 0
 305 2636 2752 3 F  2.381934175  3.512429e-01 1.4091230 0
 306 2636 2664 3 M  3.448004804  8.124893e-01 1.7393684 0
 307 2636 2664 3 M  1.831956612 -1.276948e-01 1.4671912 0
 308 2636 2664 3 F  1.901475572 -5.788219e-01 1.5987684 0
 309 2636 2664 3 F  2.896983678  2.193247e-01 1.6122620 0
 310 2636 2664 3 M  3.485168072  5.174796e-02 1.8580864 0
 311 3270 2880 3 F  3.421589869  3.471132e-01 2.0192969 0
 312 3270 2880 3 F  2.393044718  1.098789e-01 1.6868302 0
 313 3270 2880 3 F  2.287596930 -3.671633e-01 1.7290985 0
 314 3270 2880 3 F  1.107972380 -1.116607e+00 1.4309412 0
 315 3270 2880 3 M  3.752126471  5.239677e-01 1.8156003 0
 316 3270 3091 3 M  2.183045953  5.583452e-01 1.4030995 0
 317 3270 3091 3 F  1.233822104 -6.897955e-01 1.6209418 0
 318 3270 3091 3 F  2.401849385  1.585475e-01 1.6048223 0
 319 3270 3091 3 F  1.195945953 -2.408037e-01 1.5087965 0
 320 3270 3091 3 M  0.816778685 -3.398864e-01 1.4567962 0
 321 3255 2675 3 M  3.040429507  5.745927e-01 1.4611753 0
 322 3255 2675 3 M  3.308932052  3.088057e-01 1.6525269 0
 323 3255 2675 3 M  3.932561742  6.392855e-01 1.8578693 0
 324 3255 2675 3 F  2.396692662 -1.629444e-01 1.6426506 0
 325 3255 2675 3 M  3.460669563  6.821265e-01 1.7081853 0
 326 3255 3246 3 F  2.774588665 -5.918345e-02 1.7740812 0
 327 3255 3246 3 M  3.479978084  7.926130e-01 1.6431245 0
 328 3255 3246 3 M  2.866711826  6.285138e-01 1.6098294 0
 329 3255 3246 3 F  0.766306905 -3.900928e-01 1.3028161 0
 330 3255 3246 3 F  4.211717379  1.613779e+00 1.6114563 0
 331 3056 3196 3 F  1.806369077 -5.166732e-01 1.5822246 0
 332 3056 3196 3 M  1.710912831  7.630912e-01 1.3952651 0
 333 3056 3196 3 F  0.995652386 -1.078447e+00 1.4807376 0
 334 3056 3196 3 F  2.143046140  1.451655e-01 1.4549040 0
 335 3056 3196 3 M  1.264788525 -1.596614e-01 1.3814640 0
 336 3056 3264 3 M  0.165520045 -7.197146e-01 1.1999373 0
 337 3056 3264 3 F  1.170513138  3.211941e-02 1.2524990 0
 338 3056 3264 3 M  0.480694255 -2.962866e-01 1.0845713 0
 339 3056 3264 3 M  2.368012965  1.201832e+00 1.2440977 0
 340 3056 3264 3 F  1.972652124  4.749516e-01 1.4442405 0
 341 2487 2964 3 F  0.803538537  2.014799e-02 1.1506380 0
 342 2487 2964 3 M  1.542605986  5.341554e-01 1.1993891 0
 343 2487 2964 3 M  0.429210290 -4.548432e-01 1.2879750 0
 344 2487 2964 3 F  1.018098373 -3.699846e-01 1.2182549 0
 345 2487 2964 3 F  1.603097017  2.814235e-01 1.2157689 0
 346 2487 2316 3 F  2.574933790  2.540849e-01 1.5073341 0
 347 2487 2316 3 M  0.543111030 -5.073629e-01 1.2357455 0
 348 2487 2316 3 M  1.831398365 -1.060423e-01 1.4357691 0
 349 2487 2316 3 M  0.931433701 -7.895080e-01 1.5130064 0
 350 2487 2316 3 F  1.309045066 -1.917561e-01 1.3207615 0
 351 2544 2968 3 F  1.780710051 -5.561527e-01 1.4774906 0
 352 2544 2968 3 M  1.537589744 -5.021179e-01 1.4741961 0
 353 2544 2968 3 M  1.459645228  1.450149e-01 1.3087762 0
 354 2544 2968 3 M  3.704389805  1.426851e+00 1.5684111 0
 355 2544 2968 3 F  2.343297586 -1.125812e-01 1.6595716 0
 356 2544 2734 3 M  1.933375821 -6.982144e-01 1.6904001 0
 357 2544 2734 3 M  1.240832530 -1.599253e+00 1.7534133 0
 358 2544 2734 3 F  1.518446483  1.648195e-03 1.3872829 0
 359 2544 2734 3 F  2.917058655  5.339312e-01 1.6626138 0
 360 2544 2734 3 M  2.721255938  4.572330e-01 1.5930132 0
 361 3039 3162 3 M  1.965129598  7.783770e-01 1.1937743 0
 362 3039 3162 3 F  0.697446361 -5.269630e-01 1.2151487 0
 363 3039 3162 3 F  0.902442063 -4.717443e-01 1.2938506 0
 364 3039 3162 3 M  2.208122773  1.087876e+00 1.2785551 0
 365 3039 3162 3 F  2.392857798  8.238435e-01 1.3689661 0
 366 3039 2462 3 M  1.795602255  6.153506e-01 1.1453026 0
 367 3039 2462 3 M  2.277660237 -3.806758e-01 1.7091133 0
 368 3039 2462 3 M  0.943333676  4.703861e-01 0.9616286 0
 369 3039 2462 3 M -0.115394603 -9.505009e-01 1.1321366 0
 370 3039 2462 3 F  3.399886337  2.039677e-01 1.7674370 0
 371 2325 3185 3 F  3.584436305  4.237994e-01 1.7581420 0
 372 2325 3185 3 M  2.123971333 -1.054362e-01 1.5725624 0
 373 2325 3185 3 F  2.456650827  2.436082e-01 1.6232413 0
 374 2325 3185 3 F  2.955375828  3.945134e-01 1.6605769 0
 375 2325 3185 3 F  1.959657120  9.918159e-02 1.4168157 0
 376 2325 2439 3 F  4.371595947  1.948426e+00 1.6457354 0
 377 2325 2439 3 M  1.297567624 -4.118143e-01 1.4783139 0
 378 2325 2439 3 M  2.253874067  8.774288e-01 1.4134175 0
 379 2325 2439 3 M  2.003784621  2.732151e-01 1.5101506 0
 380 2325 2439 3 M  1.399116653  2.144866e-02 1.2927622 0
 381 2965 2624 3 F  1.669916974  1.050047e+00 1.2604532 0
 382 2965 2624 3 F  1.154106918 -4.013833e-01 1.4351518 0
 383 2965 2624 3 M  0.277111438 -4.201246e-01 1.1746727 0
 384 2965 2624 3 F  1.461405506  1.192272e+00 1.0853893 0
 385 2965 2624 3 F  0.529041702 -4.864590e-01 1.3718203 0
 386 2965 3220 3 F  0.609046338 -5.509317e-01 1.2596898 0
 387 2965 3220 3 F  1.043412149  9.577967e-02 1.2910018 0
 388 2965 3220 3 F  1.704929153  6.247570e-01 1.3504208 0
 389 2965 3220 3 F  2.560828868  5.995190e-01 1.6628602 0
 390 2965 3220 3 F  1.670736178 -3.431699e-01 1.5816684 0
 391 2364 2710 3 F  3.740346586  6.764633e-01 1.8074848 0
 392 2364 2710 3 M  3.716883954  6.683824e-01 1.8011814 0
 393 2364 2710 3 M  2.272970671 -2.072913e-01 1.7083792 0
 394 2364 2710 3 M  3.693318750  6.268348e-01 1.8463656 0
 395 2364 2710 3 M  2.259339732 -9.215276e-01 1.9652004 0
 396 2364 2524 3 M  1.447439903  3.951192e-01 1.3876873 0
 397 2364 2524 3 F  1.085879823  1.272279e-01 1.0935870 0
 398 2364 2524 3 F  4.308434677  9.413633e-01 1.8543052 0
 399 2364 2524 3 F  3.126354555  5.519723e-01 1.6734059 0
 400 2364 2524 3 F  3.536381090  7.601540e-01 1.7045328 0
 401 2347 2317 3 F  1.891092264 -2.299759e-01 1.4968921 0
 402 2347 2317 3 M  1.406792903 -9.904410e-01 1.6681147 0
 403 2347 2317 3 M  1.207169556 -4.319077e-01 1.4293301 0
 404 2347 2317 3 M  2.951856720  1.535839e+00 1.4180050 0
 405 2347 2317 3 F -0.554555793 -1.345733e+00 1.2631000 0
 406 2347 2408 3 F  1.607476122  5.887969e-01 1.2600297 0
 407 2347 2408 3 M  1.284001848 -5.401675e-01 1.3350188 0
 408 2347 2408 3 F  2.326171596  6.874474e-01 1.4523675 0
 409 2347 2408 3 M  2.686989325  1.496100e+00 1.2705225 0
 410 2347 2408 3 F  1.270207993 -1.287571e-01 1.3009783 0
 411 2303 2463 3 M  2.040587269 -6.934076e-01 1.8146075 0
 412 2303 2463 3 F  3.335284783  1.177875e+00 1.5950112 0
 413 2303 2463 3 F  1.432024854 -1.056643e+00 1.6082257 0
 414 2303 2463 3 M  2.171321631  4.121392e-02 1.5964133 0
 415 2303 2463 3 M  3.843739914  5.151604e-01 1.9202662 0
 416 2303 2661 3 F  3.029488262 -1.807701e-01 1.9117582 0
 417 2303 2661 3 M  3.194414402  1.759881e-02 1.9668455 0
 418 2303 2661 3 M  1.902912038 -8.667315e-01 1.7990507 0
 419 2303 2661 3 F  3.078798788  2.553457e-01 1.7444072 0
 420 2303 2661 3 M  2.525030435  7.944121e-02 1.6426549 0
 421 2640 2979 3 F  2.149384337 -4.417993e-01 1.6302022 0
 422 2640 2979 3 F  1.579461585 -3.409583e-02 1.3631456 0
 423 2640 2979 3 F  3.382866849  5.832915e-01 1.7548127 0
 424 2640 2979 3 F  2.208876453 -4.834285e-01 1.7216237 0
 425 2640 2979 3 F  1.312620697 -4.164736e-01 1.4519519 0
 426 2640 2622 3 M  3.373352136  3.453330e-01 1.7237684 0
 427 2640 2622 3 F  2.641732284  2.652332e-01 1.5070340 0
 428 2640 2622 3 M  3.349713036  1.886247e+00 1.3804953 0
 429 2640 2622 3 M  1.520416486 -5.267652e-01 1.4409371 0
 430 2640 2622 3 M  2.905769160  1.949269e-01 1.6325522 0
 431 2843 2338 3 M  2.771879650  8.797600e-01 1.5078695 0
 432 2843 2338 3 F  3.143946382  1.091260e-01 1.8066823 0
 433 2843 2338 3 F  1.869205236  1.028777e+00 1.2631441 0
 434 2843 2338 3 F  2.001561271 -1.951600e-01 1.6020194 0
 435 2843 2338 3 M  2.676716429  6.818465e-01 1.5454645 0
 436 2843 2331 3 F  3.277335087  8.118350e-01 1.6394273 0
 437 2843 2331 3 F  1.433321171 -8.968706e-01 1.5427275 0
 438 2843 2331 3 F  1.758287575 -7.339577e-01 1.6108486 0
 439 2843 2331 3 F  1.131575451 -1.001987e+00 1.5187562 0
 440 2843 2331 3 M  2.201544465 -2.951299e-01 1.5640946 0
 441 2323 2305 3 M  2.556409805  3.586102e-01 1.4965816 0
 442 2323 2305 3 M  2.081058364  3.500316e-01 1.3664668 0
 443 2323 2305 3 F  2.281183953 -2.701543e-01 1.5897976 0
 444 2323 2305 3 M  2.432949650  1.241029e+00 1.3597141 0
 445 2323 2305 3 F  0.438955652 -5.008989e-01 1.2977596 0
 446 2323 2318 3 M  1.255961610 -1.442832e-01 1.3462598 0
 447 2323 2318 3 M  2.883728837  1.056493e+00 1.5052819 0
 448 2323 2318 3 M  1.354561706 -3.507086e-01 1.4383891 0
 449 2323 2318 3 F  1.516137565 -6.680617e-02 1.4190812 0
 450 2323 2318 3 M  1.156813959 -4.468160e-01 1.4687331 0
 451 2342 2834 3 F  2.352147228 -2.398669e-01 1.6078623 0
 452 2342 2834 3 F  2.801279697  5.179891e-01 1.6714455 0
 453 2342 2834 3 F  2.767469686  4.382151e-01 1.5594355 0
 454 2342 2834 3 M  3.967214995  1.588324e+00 1.5710318 0
 455 2342 2834 3 M  3.686754902  5.775775e-01 1.7473262 0
 456 2342 2674 3 F  1.124999950 -8.114397e-01 1.4031063 0
 457 2342 2674 3 F  0.843846697 -8.791331e-01 1.3346804 0
 458 2342 2674 3 M  2.329238923  1.503508e-01 1.4729257 0
 459 2342 2674 3 M  0.652141706 -1.316469e+00 1.4092234 0
 460 2342 2674 3 M  4.042412294  9.763236e-01 1.7092060 0
 461 3276 3250 3 M  2.239400628 -2.122513e-01 1.5412346 0
 462 3276 3250 3 M  3.351977342  9.343987e-01 1.5018079 0
 463 3276 3250 3 M  2.818934866  2.737332e-01 1.5854873 0
 464 3276 3250 3 M  2.269671728 -3.765858e-01 1.5668194 0
 465 3276 3250 3 F  1.787756385  2.588358e-01 1.4087546 0
 466 3276 2521 3 M  0.681156047 -1.919944e-01 1.1575293 0
 467 3276 2521 3 M  1.719123400  5.019787e-01 1.2193254 0
 468 3276 2521 3 M  0.614780194 -4.271354e-01 1.2412133 0
 469 3276 2521 3 F -0.323751946 -5.652756e-01 1.1138834 0
 470 3276 2521 3 M  2.169943072  7.984020e-01 1.2813633 0
 471 2477 2754 3 M  2.526996071 -6.252325e-01 1.8046876 0
 472 2477 2754 3 M  4.363613241  1.171810e+00 1.8482391 0
 473 2477 2754 3 M  4.386338094  1.617432e+00 1.7658059 0
 474 2477 2754 3 F  1.633910261 -4.582358e-01 1.5451167 0
 475 2477 2754 3 F  3.070443323  4.133385e-01 1.6470075 0
 476 2477 2635 3 M  3.652220272  8.014087e-01 1.7404169 0
 477 2477 2635 3 M  4.030777148  7.621403e-01 1.8589477 0
 478 2477 2635 3 F  3.378750491 -3.722976e-02 1.9800118 0
 479 2477 2635 3 F  3.263984011 -4.572575e-01 2.0557650 0
 480 2477 2635 3 M  3.977718113  1.043619e+00 1.6623709 0
 481 2438 2885 3 M  2.191487670 -3.289277e-01 1.5808313 0
 482 2438 2885 3 M  3.542496278  1.267653e+00 1.5893188 0
 483 2438 2885 3 M  0.302327289 -1.846340e+00 1.7622627 0
 484 2438 2885 3 F  2.422445737  4.329635e-01 1.6230662 0
 485 2438 2885 3 M  3.719929980  6.406084e-01 1.7704861 0
 486 2438 2897 3 F  2.613670315  1.368351e+00 1.4010050 0
 487 2438 2897 3 M  0.841830210 -3.046826e-01 1.3846889 0
 488 2438 2897 3 F  1.990709670 -8.489009e-02 1.6023363 0
 489 2438 2897 3 M  2.862314123  6.831090e-01 1.6536335 0
 490 2438 2897 3 F  2.902730089  1.279524e+00 1.5341119 0
 491 2768 3206 3 F  4.077135974  1.378867e+00 1.7455058 0
 492 2768 3206 3 F  2.492784464  1.201770e-01 1.6095420 0
 493 2768 3206 3 M  3.630802883  5.283506e-01 1.8879167 0
 494 2768 3206 3 F  2.940327762  1.744775e-01 1.6985805 0
 495 2768 3206 3 M  3.022191511  1.907050e-01 1.7482798 0
 496 2768 2549 3 M  3.728316052  1.326245e+00 1.5850640 0
 497 2768 2549 3 F  0.895347652 -4.160316e-01 1.4311229 0
 498 2768 2549 3 F  1.472079425 -2.503582e-02 1.4979568 0
 499 2768 2549 3 M  1.090267110 -4.353339e-01 1.4254908 0
 500 2768 2549 3 M  2.421747212  4.215345e-01 1.6214547 0
 501 2644 3059 3 M -0.963491195 -4.323342e-01 0.5336227 0
 502 2644 3059 3 M -0.487546792  6.252912e-02 0.5763057 0
 503 2644 3059 3 M -1.096366163 -4.741890e-01 0.5281905 0
 504 2644 3059 3 F -1.082494308 -3.925910e-01 0.4537746 0
 505 2644 3059 3 M -0.540762567  4.528979e-01 0.3460603 0
 506 2644 2418 3 M  1.546275492 -7.481115e-01 1.5654003 0
 507 2644 2418 3 F  2.745262163  6.974300e-01 1.6955551 0
 508 2644 2418 3 F  1.646930822 -9.155090e-01 1.6509952 0
 509 2644 2418 3 F  0.929658282 -2.848240e-01 1.2812507 0
 510 2644 2418 3 M  1.574949436 -1.002592e+00 1.6763040 0
 511 2385 2966 3 F -0.094062727  1.032528e-01 0.7145064 0
 512 2385 2966 3 M  0.217693805  8.479648e-01 0.6126632 0
 513 2385 2966 3 F -1.066425410 -4.208744e-01 0.6616030 0
 514 2385 2966 3 M  0.428963393  6.074318e-01 0.6641586 0
 515 2385 2966 3 M -0.082132602  6.526080e-01 0.6387065 0
 516 2385 3197 3 F  2.305896691 -3.729912e-01 1.7892022 0
 517 2385 3197 3 M  2.647145267 -1.513003e-01 1.6899070 0
 518 2385 3197 3 M  1.551934307 -9.666507e-01 1.8096825 0
 519 2385 3197 3 M  1.729551902 -7.692702e-01 1.8454594 0
 520 2385 3197 3 F  2.315371753 -6.070182e-01 1.6900072 0
 521 2767 2896 3 F  1.021140656  1.008840e-01 1.2130966 0
 522 2767 2896 3 F  1.841066871 -1.412138e-02 1.3836780 0
 523 2767 2896 3 M  1.144209029 -4.203822e-01 1.3047641 0
 524 2767 2896 3 F  2.912251422  5.191962e-01 1.5212066 0
 525 2767 2896 3 F  0.952933807 -6.512200e-01 1.4148881 0
 526 2767 2426 3 F  2.025465541 -1.206038e-01 1.4712286 0
 527 2767 2426 3 M  1.888562053 -6.441201e-01 1.5836984 0
 528 2767 2426 3 M  1.058169546 -8.845888e-01 1.4386381 0
 529 2767 2426 3 M  3.926260314  1.243807e+00 1.6312094 0
 530 2767 2426 3 M  2.119521702 -4.166357e-01 1.6618525 0
 531 3139 3216 3 M  3.073766311  8.288198e-01 1.6240357 0
 532 3139 3216 3 M  2.634504285  1.053813e+00 1.4511867 0
 533 3139 3216 3 M  1.835969604 -5.925408e-01 1.6296044 0
 534 3139 3216 3 F  0.637795997 -8.216249e-01 1.4703575 0
 535 3139 3216 3 F  1.523536644 -4.570918e-01 1.4629215 0
 536 3139 2831 3 M  2.532847078  4.124363e-01 1.4004421 0
 537 3139 2831 3 F  1.907180414 -1.633227e-01 1.4519747 0
 538 3139 2831 3 M -0.066592727 -1.672967e+00 1.4205846 0
 539 3139 2831 3 F  2.012910642 -8.969652e-02 1.3983848 0
 540 3139 2831 3 F  1.981086364 -2.723790e-01 1.4670593 0
 541 2558 2409 3 F  1.994316312 -6.946430e-01 1.5865246 0
 542 2558 2409 3 M  1.611488049 -1.035843e-01 1.4121609 0
 543 2558 2409 3 M  2.588951471  4.332146e-01 1.6110328 0
 544 2558 2409 3 F  1.941422868  6.367035e-02 1.5929741 0
 545 2558 2409 3 F  2.760364402  1.331237e-01 1.6838691 0
 546 2558 3297 3 F  2.845268658 -7.794448e-02 1.7602138 0
 547 2558 3297 3 M  1.189605224 -1.457204e+00 1.6665623 0
 548 2558 3297 3 F  2.728622040 -1.143240e-01 1.7775527 0
 549 2558 3297 3 M  2.281445616 -2.513752e-01 1.6300212 0
 550 2558 3297 3 F  1.588318776 -5.200672e-01 1.4483242 0
 551 2591 2693 3 M  2.225191346  1.952361e-01 1.4832057 0
 552 2591 2693 3 F  0.215587497 -6.654419e-01 1.4445606 0
 553 2591 2693 3 F  1.303354582 -2.020057e-01 1.4741575 0
 554 2591 2693 3 F  3.084455312  1.005248e+00 1.6659920 0
 555 2591 2693 3 M  2.127812939  9.080311e-01 1.3179466 0
 556 2591 2732 3 M  2.931430444  6.389410e-01 1.5387771 0
 557 2591 2732 3 F  1.320819436 -1.266241e+00 1.6591812 0
 558 2591 2732 3 M  2.238888631 -4.971812e-01 1.7434769 0
 559 2591 2732 3 F  2.139253919 -5.193227e-02 1.5287055 0
 560 2591 2732 3 M  2.551785936 -1.161701e-01 1.7727353 0
 561 2330 3098 3 F  2.579970028  9.473666e-02 1.6961733 0
 562 2330 3098 3 F  4.904417622  1.588988e+00 1.8439626 0
 563 2330 3098 3 M  3.479376906  1.605336e+00 1.4815140 0
 564 2330 3098 3 F  2.577995617 -7.125652e-01 1.8860762 0
 565 2330 3098 3 F  3.185050114  4.259784e-02 1.8304081 0
 566 2330 2531 3 F  3.425584217  3.218745e-01 1.8519901 0
 567 2330 2531 3 F  3.337625775  4.699315e-01 1.7630583 0
 568 2330 2531 3 M  3.069158454  4.684553e-02 1.7095678 0
 569 2330 2531 3 F  3.507595017  4.208542e-01 1.8097223 0
 570 2330 2531 3 F  2.336867508 -4.700342e-01 1.7863159 0
 571 2729 3285 3 M  2.069382039  5.455939e-01 1.3315454 0
 572 2729 3285 3 F  3.094118075  1.541855e+00 1.2734125 0
 573 2729 3285 3 F  2.196964772  5.711874e-01 1.4271743 0
 574 2729 3285 3 F  2.674500680  1.155363e+00 1.2598618 0
 575 2729 3285 3 M  1.899547354 -7.591872e-02 1.5305128 0
 576 2729 2705 3 F  0.909088156 -1.669265e-01 1.2812640 0
 577 2729 2705 3 M  0.700427617 -8.233076e-01 1.4316647 0
 578 2729 2705 3 F  0.160838642 -4.970854e-01 1.0968686 0
 579 2729 2705 3 F  0.511554849 -6.997286e-01 1.1720033 0
 580 2729 2705 3 M  1.320686446  1.358539e-01 1.3694007 0
 581 3066 2761 3 M  2.842354287  4.868742e-01 1.4885786 0
 582 3066 2761 3 M  1.133370469 -4.022199e-01 1.4626086 0
 583 3066 2761 3 M  1.847767708  5.462202e-01 1.3747960 0
 584 3066 2761 3 F  3.011387983  5.471693e-01 1.6193305 0
 585 3066 2761 3 M  2.248483830 -1.973952e-01 1.5806099 0
 586 3066 2921 3 F  2.586473474  4.844264e-01 1.3945758 0
 587 3066 2921 3 M  2.309879734  5.584512e-01 1.2504056 0
 588 3066 2921 3 F  1.176651779 -1.782271e-02 1.2519401 0
 589 3066 2921 3 F  1.794424810 -5.466772e-01 1.4954485 0
 590 3066 2921 3 M -1.431807251 -1.827431e+00 1.1224064 0
 591 2560 3005 3 F  2.110498402  3.119168e-01 1.3598604 0
 592 2560 3005 3 M  4.198742619  1.403713e+00 1.5877196 0
 593 2560 3005 3 M  2.812729272  7.758649e-01 1.4852909 0
 594 2560 3005 3 M  1.367653813  5.414676e-02 1.3475743 0
 595 2560 3005 3 M  3.011571571  5.522919e-01 1.4933382 0
 596 2560 2877 3 F  3.131283988  5.076611e-01 1.6742533 0
 597 2560 2877 3 M  0.826282805 -1.887971e+00 1.6616605 0
 598 2560 2877 3 M  2.255863241 -2.840928e-01 1.5231517 0
 599 2560 2877 3 M  3.613326763  6.613783e-01 1.7296732 0
 600 2560 2877 3 M  1.787288635 -7.545607e-01 1.6633741 0
 601 2642 2461 3 M  2.723255750  6.796099e-01 1.6317286 0
 602 2642 2461 3 F  2.812209353  8.556389e-01 1.6833401 0
 603 2642 2461 3 M  0.743368800 -8.161438e-01 1.5220304 0
 604 2642 2461 3 M -0.138077550 -1.114160e+00 1.4552263 0
 605 2642 2461 3 M  1.556139842  4.936998e-01 1.3090583 0
 606 2642 2992 3 M  1.449328648 -5.618416e-01 1.3896515 0
 607 2642 2992 3 M  1.849731821 -3.132062e-01 1.4842814 0
 608 2642 2992 3 F  2.105882918  3.628252e-01 1.6103417 0
 609 2642 2992 3 M  3.003377203  1.025941e+00 1.6488168 0
 610 2642 2992 3 M  1.941578696 -6.631356e-02 1.5705343 0
 611 2321 2590 3 F  3.304380899  8.316367e-01 1.6312522 0
 612 2321 2590 3 F  1.398146407  5.751464e-01 1.2804094 0
 613 2321 2590 3 F  0.969876133 -9.674620e-01 1.5745589 0
 614 2321 2590 3 F  0.964518921 -1.504142e+00 1.7040335 0
 615 2321 2590 3 F  1.518078403  8.147882e-01 1.1575463 0
 616 2321 3299 3 F  1.997825431  9.340471e-03 1.4207055 0
 617 2321 3299 3 F  1.722906883 -8.237855e-01 1.5930720 0
 618 2321 3299 3 F  2.611352407 -9.666143e-02 1.6539244 0
 619 2321 3299 3 M  1.572168083 -3.734665e-01 1.3607877 0
 620 2321 3299 3 M  1.695915327 -8.214817e-02 1.3613379 0
 621 3268 2764 3 F  2.854092183  4.970605e-01 1.6070828 0
 622 3268 2764 3 M  2.110279088 -1.154993e-01 1.4645472 0
 623 3268 2764 3 M  1.920663316 -2.780682e-01 1.5363198 0
 624 3268 2764 3 F  1.965627454  3.336844e-01 1.5006400 0
 625 3268 2764 3 F  1.203841530 -6.343899e-01 1.5262750 0
 626 3268 2900 3 F  1.732477713 -3.150428e-01 1.4622391 0
 627 3268 2900 3 F  2.859475490  8.209474e-01 1.4451711 0
 628 3268 2900 3 M  2.675197420  4.088852e-01 1.4796406 0
 629 3268 2900 3 F  3.151365081  4.355194e-01 1.6174419 0
 630 3268 2900 3 M  2.928438533  3.628822e-01 1.5682640 0
 631 2327 2304 3 M  1.923214464 -6.574583e-01 1.5825689 0
 632 2327 2304 3 M  2.551419298  6.419657e-01 1.4208207 0
 633 2327 2304 3 M  2.824069086 -3.598871e-01 1.7502253 0
 634 2327 2304 3 F  2.347676469  3.370269e-01 1.5102873 0
 635 2327 2304 3 F  3.193638984  3.781244e-01 1.5969772 0
 636 2327 2335 3 F  1.428264249 -1.048737e-01 1.3666560 0
 637 2327 2335 3 M  2.876793603  9.699684e-01 1.4224544 0
 638 2327 2335 3 F  1.061091796 -1.035250e-01 1.2748489 0
 639 2327 2335 3 M  2.769911543 -5.805678e-02 1.6836678 0
 640 2327 2335 3 M  0.908147115 -3.949904e-01 1.3368088 0
 641 2470 3082 3 F  3.303929378  5.770689e-01 1.6386320 0
 642 2470 3082 3 F  2.443606330  5.186911e-02 1.6507577 0
 643 2470 3082 3 F  1.615092951 -1.307676e+00 1.8255095 0
 644 2470 3082 3 M  1.575724253 -6.772002e-01 1.5091214 0
 645 2470 3082 3 M  2.031858018  6.234903e-01 1.4463251 0
 646 2470 2537 3 F  3.810722507  9.166598e-01 1.8289250 0
 647 2470 2537 3 F  2.572772869 -2.608021e-01 1.7045595 0
 648 2470 2537 3 F  3.983928898  1.292354e+00 1.7187103 0
 649 2470 2537 3 F  1.848361107 -1.674435e-01 1.5125164 0
 650 2470 2537 3 M  0.763226393 -8.305020e-01 1.4387729 0
 651 3052 2367 3 F  3.326802800  5.117471e-01 1.6294204 0
 652 3052 2367 3 M  1.035043223 -8.522814e-01 1.4464478 0
 653 3052 2367 3 M  1.529019440 -7.724221e-01 1.5866238 0
 654 3052 2367 3 M  1.441872263 -3.353178e-01 1.4578427 0
 655 3052 2367 3 M  4.350701368  1.185886e+00 1.8404059 0
 656 3052 3202 3 F  1.207060108 -9.447771e-01 1.3448813 0
 657 3052 3202 3 F  2.945371544  6.995763e-01 1.3744239 0
 658 3052 3202 3 M  1.692654672 -1.612866e-01 1.3165388 0
 659 3052 3202 3 M  2.762555824  8.804417e-01 1.3176547 0
 660 3052 3202 3 F  1.982613164 -3.904395e-01 1.4952418 0
 661 3015 2949 3 M  2.444341358  6.540003e-01 1.3973442 0
 662 3015 2949 3 F  1.610839126 -5.991684e-01 1.4805185 0
 663 3015 2949 3 M  2.571498497 -2.356577e-01 1.6935190 0
 664 3015 2949 3 F  1.196947136  1.373263e-02 1.2949085 0
 665 3015 2949 3 M  0.977384948 -6.403950e-01 1.3440505 0
 666 3015 2362 3 F  0.577892343 -8.495929e-01 1.4005576 0
 667 3015 2362 3 M  2.523584710  4.170912e-01 1.4203792 0
 668 3015 2362 3 M  3.041293245  1.768710e+00 1.2317806 0
 669 3015 2362 3 M  2.130485414  7.873287e-01 1.2497198 0
 670 3015 2362 3 F  2.025877456  1.555612e-01 1.5136545 0
 671 3031 3043 3 F  2.130649034 -2.918118e-01 1.6699555 0
 672 3031 3043 3 M  0.799440713 -1.343448e+00 1.4840645 0
 673 3031 3043 3 F  1.839813431 -1.548151e-01 1.5717663 0
 674 3031 3043 3 M  0.964549921 -9.224259e-01 1.4978307 0
 675 3031 3043 3 M  3.234419152  5.605481e-01 1.5658988 0
 676 3031 2806 3 F  3.268498067  1.439340e+00 1.5231566 0
 677 3031 2806 3 M  0.882793978 -3.531794e-01 1.3569951 0
 678 3031 2806 3 F  2.015531709  5.108061e-01 1.4284946 0
 679 3031 2806 3 F  2.079250625 -7.277884e-01 1.7327523 0
 680 3031 2806 3 M  1.976704120 -5.056407e-01 1.5169548 0
 681 3111 2767 3 F -0.159053107  5.769428e-01 0.3507844 0
 682 3111 2767 3 M -1.467330994 -5.784968e-01 0.4773400 0
 683 3111 2767 3 M -1.341070861 -7.513478e-01 0.5242884 0
 684 3111 2767 3 M -1.199178556 -6.064940e-01 0.3726335 0
 685 3111 2767 3 F  0.190021922  7.347632e-01 0.4390611 0
 686 3111 3240 3 M  0.403417644 -2.896219e-01 1.1656053 0
 687 3111 3240 3 F -0.574988483 -1.466144e+00 1.1692524 0
 688 3111 3240 3 F -0.901155534 -2.208730e+00 1.4252900 0
 689 3111 3240 3 F  2.364868780  1.208395e+00 1.1807149 0
 690 3111 3240 3 F  1.327512392  2.034590e-01 1.3101458 0
 691 2967 2883 3 F  1.484831092  3.603050e-01 1.2793498 0
 692 2967 2883 3 M  3.125068898  5.839487e-01 1.5499771 0
 693 2967 2883 3 M  1.001277758 -7.975742e-01 1.4047489 0
 694 2967 2883 3 F  1.851918891 -3.585847e-01 1.5362625 0
 695 2967 2883 3 F  1.192632078 -5.678758e-01 1.3722456 0
 696 2967 3210 3 M  3.590102122  1.315029e+00 1.5809521 0
 697 2967 3210 3 F  2.501824707  6.596527e-01 1.3708163 0
 698 2967 3210 3 F  0.366636656 -1.449609e+00 1.4719197 0
 699 2967 3210 3 F  3.163251451  8.479253e-01 1.6545484 0
 700 2967 3210 3 F  1.473889026 -2.857608e-01 1.4965478 0
 701 2407 2666 3 M  2.431545284  4.557704e-01 1.4715249 0
 702 2407 2666 3 M  0.101184197 -2.080343e+00 1.5481262 0
 703 2407 2666 3 F  2.131089749  1.959837e-01 1.4455251 0
 704 2407 2666 3 F  1.301612112 -2.949966e-02 1.4412437 0
 705 2407 2666 3 M  0.619077881  2.310474e-01 0.9773720 0
 706 2407 2608 3 F  2.782621938 -2.535615e-01 1.9332038 0
 707 2407 2608 3 M  2.924902212  1.829233e-01 1.7299326 0
 708 2407 2608 3 M  4.140045150  1.463761e+00 1.6652091 0
 709 2407 2608 3 F  2.731682508  2.341043e-01 1.6349302 0
 710 2407 2608 3 M  4.082192848  1.133544e+00 1.7863922 0
 711 3114 2970 3 M -1.797162885 -7.686943e-01 0.3794545 0
 712 3114 2970 3 M -1.319779729 -3.917844e-01 0.3526617 0
 713 3114 2970 3 F  0.348591243  9.937784e-01 0.5223797 0
 714 3114 2970 3 M -0.810972273  1.904111e-02 0.4120717 0
 715 3114 2970 3 M -0.567028114  1.577301e-01 0.5347153 0
 716 3114 3010 3 M  2.639659627  7.201477e-01 1.6310867 0
 717 3114 3010 3 M  1.308153524 -4.522627e-01 1.4606727 0
 718 3114 3010 3 M  1.205314573 -4.349111e-01 1.4719229 0
 719 3114 3010 3 F  1.852970854  1.507112e-01 1.4365759 0
 720 3114 3010 3 F  2.469822513  9.259002e-01 1.4336297 0
 721 2878 2680 3 M  2.735857648  4.834400e-01 1.6089756 0
 722 2878 2680 3 F  3.534174789  7.567516e-01 1.6417988 0
 723 2878 2680 3 M  2.783059236  6.722412e-01 1.4916470 0
 724 2878 2680 3 M  3.640041461  4.396143e-02 1.9378652 0
 725 2878 2680 3 F  2.909458301  4.341869e-02 1.6362670 0
 726 2878 2721 3 F  2.174689964  8.941891e-01 1.5583744 0
 727 2878 2721 3 F  3.074817517  7.159267e-02 1.8098729 0
 728 2878 2721 3 M  2.718499850 -1.203979e-01 1.9057456 0
 729 2878 2721 3 M  3.941712629  9.323908e-01 1.8085963 0
 730 2878 2721 3 M  1.894457599  7.058676e-01 1.4424469 0
 731 2726 2446 3 M  1.396525641  3.457734e-01 1.2425470 0
 732 2726 2446 3 F  2.455894822  6.226132e-01 1.5721931 0
 733 2726 2446 3 M  1.233707537 -8.196621e-01 1.5341823 0
 734 2726 2446 3 M  1.444998740  3.987878e-01 1.3353392 0
 735 2726 2446 3 F  3.150745189  1.187415e+00 1.5435192 0
 736 2726 2388 3 F -0.459448571 -4.560277e-02 0.7684150 0
 737 2726 2388 3 F -0.051308515  4.310333e-01 0.5664138 0
 738 2726 2388 3 M -1.257389432 -2.219124e-01 0.5242529 0
 739 2726 2388 3 F -0.435653823 -7.997550e-02 0.6348683 0
 740 2726 2388 3 M  0.227221595  8.035654e-01 0.5223913 0
 741 2892 3126 3 F  1.404557474  2.558828e-01 1.4553539 0
 742 2892 3126 3 F  2.365124079  9.132583e-01 1.4345688 0
 743 2892 3126 3 M -0.294601759 -1.228905e+00 1.2077038 0
 744 2892 3126 3 F  0.512148805 -1.005490e+00 1.4760548 0
 745 2892 3126 3 M  2.533785879  1.231148e+00 1.4622738 0
 746 2892 3281 3 F  0.448958908 -7.944831e-01 1.4704283 0
 747 2892 3281 3 M  1.600771391 -1.923296e-01 1.5986047 0
 748 2892 3281 3 F  0.296773994 -6.794773e-01 1.3624946 0
 749 2892 3281 3 F  0.387070446 -4.135973e-02 1.1340223 0
 750 2892 3281 3 F  1.143343355 -5.800482e-01 1.4156498 0
 751 2970 3057 3 M -0.829051472  1.537688e-02 0.5216528 0
 752 2970 3057 3 M -0.968359639 -2.118259e-01 0.6306739 0
 753 2970 3057 3 M -0.423130485  5.186527e-01 0.5686576 0
 754 2970 3057 3 F -0.793929291 -4.673807e-02 0.5661664 0
 755 2970 3057 3 F -0.604989028  3.826307e-01 0.5289457 0
 756 2970 2428 3 F  3.550939501  1.224839e+00 1.5509153 0
 757 2970 2428 3 F  1.014906118 -3.028679e-01 1.2685595 0
 758 2970 2428 3 F  0.546767931 -1.098831e+00 1.4451454 0
 759 2970 2428 3 F  1.903918194 -2.587586e-01 1.4910144 0
 760 2970 2428 3 F  2.094563118  4.193726e-01 1.3823790 0
 761 3113 2308 3 M  2.971223236  4.483440e-01 1.6454939 0
 762 3113 2308 3 F  2.910917147  5.529225e-01 1.6651003 0
 763 3113 2308 3 F  1.459163073 -4.604726e-01 1.5634881 0
 764 3113 2308 3 F  1.052813863 -6.559757e-01 1.4952455 0
 765 3113 2308 3 M  1.801321691 -5.651352e-01 1.6509856 0
 766 3113 2778 3 F  2.324701111  3.366523e-01 1.5287152 0
 767 3113 2778 3 F  1.271355466 -2.932653e-02 1.2574214 0
 768 3113 2778 3 F  1.254406696 -3.892345e-01 1.3470607 0
 769 3113 2778 3 M  1.105875795 -6.351389e-01 1.3709814 0
 770 3113 2778 3 F  2.113816308 -1.222694e-01 1.5300300 0
 771 2862 2578 3 F  0.831343645 -1.972291e-01 1.1626223 0
 772 2862 2578 3 M  0.358991727 -9.259257e-01 1.3335106 0
 773 2862 2578 3 F  1.859983054 -1.329847e-01 1.4282243 0
 774 2862 2578 3 M  1.218273788 -3.071820e-01 1.3774525 0
 775 2862 2578 3 F  2.090282629 -3.543875e-01 1.6300352 0
 776 2862 3118 3 F  2.023784706  5.415417e-01 1.3210586 0
 777 2862 3118 3 M  0.337625973 -9.340280e-01 1.3456487 0
 778 2862 3118 3 M  2.495885018  1.173271e+00 1.2375187 0
 779 2862 3118 3 M  1.265675130  1.080102e-01 1.3338318 0
 780 2862 3118 3 M  1.005865859 -6.568604e-02 1.1621729 0
 781 3274 3044 3 F  1.444458401 -1.032123e-01 1.2790316 0
 782 3274 3044 3 M  2.905218183  5.943844e-01 1.4637210 0
 783 3274 3044 3 F  1.541533038 -7.084266e-01 1.4620153 0
 784 3274 3044 3 M  1.337890928 -3.966614e-01 1.3013621 0
 785 3274 3044 3 F  3.125752390  1.343326e+00 1.3651121 0
 786 3274 3110 3 M  1.668094528 -4.166483e-01 1.4983610 0
 787 3274 3110 3 F  1.046798454 -5.688775e-01 1.3730255 0
 788 3274 3110 3 F  3.116869866  5.500923e-01 1.5707357 0
 789 3274 3110 3 F  2.063405271 -2.812495e-01 1.6787400 0
 790 3274 3110 3 F  2.668706372 -6.945200e-02 1.7037307 0
 791 2473 3232 3 M  1.488850399 -5.948178e-01 1.4110700 0
 792 2473 3232 3 F  2.212616476  7.088255e-01 1.4054686 0
 793 2473 3232 3 M  2.520592398  9.028539e-01 1.3583724 0
 794 2473 3232 3 F  2.521927797 -2.735620e-01 1.7114816 0
 795 2473 3232 3 M  3.129512666  2.728275e-01 1.6570189 0
 796 2473 2562 3 F  1.525438255 -5.255505e-01 1.5757909 0
 797 2473 2562 3 F  2.005887310 -5.505526e-01 1.6862263 0
 798 2473 2562 3 M  1.922318199  3.620080e-02 1.5927181 0
 799 2473 2562 3 M  3.075325911  4.264209e-01 1.7314647 0
 800 2473 2562 3 F  1.702957187  2.729893e-01 1.3675500 0
 801 2613 2755 3 M  1.438079997 -6.740452e-01 1.4908959 0
 802 2613 2755 3 M  0.940996034 -5.751108e-01 1.3965511 0
 803 2613 2755 3 M  1.528288552  6.862693e-01 1.2586215 0
 804 2613 2755 3 F  3.203579774  1.703134e+00 1.4272146 0
 805 2613 2755 3 F  1.158843427 -5.527758e-01 1.4432007 0
 806 2613 2339 3 M  0.891602010 -1.234016e-01 1.3331239 0
 807 2613 2339 3 F -0.615495948 -1.832186e+00 1.3506241 0
 808 2613 2339 3 M  0.814425548 -6.869509e-01 1.5151279 0
 809 2613 2339 3 M  2.172465607  1.136378e+00 1.2994074 0
 810 2613 2339 3 F  2.263329840 -1.685151e-01 1.7060613 0
 811 3275 2546 3 M  1.105818948  6.102698e-01 1.1590246 0
 812 3275 2546 3 F  0.955268731 -4.746426e-02 1.4249818 0
 813 3275 2546 3 F  3.207461053  6.848124e-01 1.5006455 0
 814 3275 2546 3 F  2.334887503 -1.873885e-01 1.5991097 0
 815 3275 2546 3 M  0.822906567 -5.135507e-01 1.5479846 0
 816 3275 2808 3 F  4.353334722  1.568966e+00 1.8027548 0
 817 3275 2808 3 M  2.714614381  7.851204e-01 1.6088305 0
 818 3275 2808 3 F  1.549247938 -1.428606e+00 1.8881577 0
 819 3275 2808 3 F  1.142767638  8.454760e-02 1.3381181 0
 820 3275 2808 3 F  1.768255208 -2.019531e-02 1.4460001 0
 821 2908 2784 3 M  0.835245335 -4.786963e-01 1.3615070 0
 822 2908 2784 3 M  1.038065298 -4.777982e-01 1.3226341 0
 823 2908 2784 3 F  1.376800273  7.105025e-01 1.3372335 0
 824 2908 2784 3 F  1.001084517  2.055755e-01 1.3162754 0
 825 2908 2784 3 F  2.131404667  6.015087e-01 1.3359986 0
 826 2908 2411 3 M  0.970596467 -8.593574e-03 1.2862094 0
 827 2908 2411 3 F  1.372680019  2.830026e-01 1.2101656 0
 828 2908 2411 3 F  1.580888757  1.147536e+00 1.2383813 0
 829 2908 2411 3 F  0.126636997 -5.511519e-01 1.2499662 0
 830 2908 2411 3 M -0.051789063 -2.650610e-01 1.0685564 0
 831 3179 2692 3 M  0.320741490  6.913109e-01 0.6784224 0
 832 3179 2692 3 F -1.022836479 -3.697054e-02 0.5257267 0
 833 3179 2692 3 M -1.224966241 -1.319144e-01 0.5618274 0
 834 3179 2692 3 M -0.903395211  2.781426e-01 0.4838631 0
 835 3179 2692 3 M -0.670228237  2.287218e-01 0.6086658 0
 836 3179 2741 3 M  2.176044438  5.807172e-01 1.4374111 0
 837 3179 2741 3 F  0.111536967 -1.782914e+00 1.5315030 0
 838 3179 2741 3 M  2.260070879  8.898416e-01 1.3166760 0
 839 3179 2741 3 F  3.515983624  1.389856e+00 1.5590817 0
 840 3179 2741 3 F  2.645477254  9.835664e-01 1.4123241 0
 841 3016 2695 3 M  0.046329624 -1.596593e+00 1.4840431 0
 842 3016 2695 3 F  3.058009486  1.866905e-01 1.8456488 0
 843 3016 2695 3 F  1.417676648 -4.624528e-01 1.5672530 0
 844 3016 2695 3 F  3.490589690  2.426757e-01 1.8075880 0
 845 3016 2695 3 F  2.110681120 -4.173636e-03 1.6382977 0
 846 3016 2612 3 F  4.050425701  9.443693e-01 1.8736296 0
 847 3016 2612 3 F  0.628633762 -1.056971e+00 1.4450609 0
 848 3016 2612 3 M  1.679685011 -3.621788e-01 1.6546365 0
 849 3016 2612 3 F  2.756094208  1.976615e-01 1.6989077 0
 850 3016 2612 3 F  3.156577330  8.042340e-01 1.7242253 0
 851 2692 2678 3 M  3.320264241  5.504281e-01 1.6852223 0
 852 2692 2678 3 F  3.318061697  1.584923e-01 1.8253564 0
 853 2692 2678 3 F  3.059946764  2.290421e-01 1.7753419 0
 854 2692 2678 3 F  1.992983029 -7.991578e-01 1.6848219 0
 855 2692 2678 3 F  3.216125324  3.183211e-01 1.7122925 0
 856 2692 2862 3 F -1.198141763 -3.141902e-01 0.5454783 0
 857 2692 2862 3 M -1.339303695 -5.458052e-01 0.5422244 0
 858 2692 2862 3 M -0.836498952 -1.947662e-02 0.5691484 0
 859 2692 2862 3 M -0.602354640 -1.281399e-01 0.6549762 0
 860 2692 2862 3 M -1.810523173 -1.260092e+00 0.6268206 0
 861 2882 3282 3 M  1.615991386 -1.104552e+00 1.5996945 0
 862 2882 3282 3 F  2.908955077 -6.663948e-01 1.9181438 0
 863 2882 3282 3 F  1.434676457 -1.649831e+00 1.8218636 0
 864 2882 3282 3 F  2.668469107 -1.337014e-01 1.7711656 0
 865 2882 3282 3 M  1.089932538 -4.647384e-01 1.2898827 0
 866 2882 3062 3 M  2.441700913  3.134361e-01 1.5400273 0
 867 2882 3062 3 F  0.668724055 -4.462225e-01 1.2935486 0
 868 2882 3062 3 M  2.798008620 -3.566383e-01 1.7531863 0
 869 2882 3062 3 F  3.858210191  6.701276e-01 1.8691624 0
 870 2882 3062 3 M  1.623370260  4.210654e-01 1.1883697 0
 871 2388 3177 3 F  2.663631239 -5.310885e-01 2.0589418 0
 872 2388 3177 3 F  2.570140299 -7.865802e-01 2.0140926 0
 873 2388 3177 3 M  1.717887748 -5.734927e-01 1.7413193 0
 874 2388 3177 3 F  1.549171179 -1.945665e-01 1.5450715 0
 875 2388 3177 3 F  1.065358222 -4.344756e-01 1.5489305 0
 876 2388 2436 3 M  1.649825789 -9.915733e-01 1.6246033 0
 877 2388 2436 3 M  1.470998049  2.390945e-01 1.3291589 0
 878 2388 2436 3 M -0.112709332 -1.023983e+00 1.1868901 0
 879 2388 2436 3 M  1.972081672  6.409153e-02 1.5700587 0
 880 2388 2436 3 M  0.667661955 -2.783600e-01 1.3726169 0
 881 2791 3013 3 F  1.407815345 -7.688585e-01 1.6280921 0
 882 2791 3013 3 M  2.393541261  7.282963e-01 1.4267778 0
 883 2791 3013 3 F  2.397735754  3.679421e-01 1.4942682 0
 884 2791 3013 3 M  0.608450681 -5.155914e-01 1.2337582 0
 885 2791 3013 3 M  1.918188321 -1.329170e-01 1.4884111 0
 886 2791 3085 3 F  3.531679906  2.154955e+00 1.2882923 0
 887 2791 3085 3 M  1.428328762  1.708113e-01 1.4851393 0
 888 2791 3085 3 F  0.727177149 -1.078709e+00 1.5911354 0
 889 2791 3085 3 M  2.270378141  9.393419e-01 1.3244146 0
 890 2791 3085 3 F  1.168107283  9.232982e-03 1.2115779 0
 891 2641 3116 3 F  3.615225167  3.951165e-01 1.9023275 0
 892 2641 3116 3 M  1.973771791 -8.685897e-01 1.8686390 0
 893 2641 3116 3 M  1.907650439  5.638864e-01 1.4591189 0
 894 2641 3116 3 M  3.415344506  4.224585e-01 1.8365648 0
 895 2641 3116 3 F  4.266540613  1.335139e+00 1.7993128 0
 896 2641 2588 3 M  2.162664847  9.175133e-01 1.4728441 0
 897 2641 2588 3 F  1.167927622 -7.601320e-01 1.5489526 0
 898 2641 2588 3 F  2.596253016  1.015660e+00 1.4742992 0
 899 2641 2588 3 F  1.671413676 -9.804798e-01 1.6685184 0
 900 2641 2588 3 F  2.050466854  2.524216e-01 1.4269214 0
 901 3037 2628 3 M  3.222371742  1.070515e+00 1.5634415 0
 902 3037 2628 3 F  2.096538362 -2.110772e-01 1.5157126 0
 903 3037 2628 3 M  2.321416806  2.743331e-01 1.4659830 0
 904 3037 2628 3 M  2.048577543 -3.902526e-01 1.6382985 0
 905 3037 2628 3 M  2.041324300  2.030979e-02 1.5066774 0
 906 3037 3026 3 M  1.816647224  1.148006e-01 1.4041930 0
 907 3037 3026 3 F  2.776993647  1.460065e+00 1.4007722 0
 908 3037 3026 3 M  1.961804520  7.430931e-01 1.3443327 0
 909 3037 3026 3 M  2.232851004  4.926924e-01 1.4380733 0
 910 3037 3026 3 F  0.846860108 -7.110997e-01 1.3162089 0
 911 2577 2894 3 M  1.438342147 -6.888952e-01 1.4330082 0
 912 2577 2894 3 M  1.629058110 -1.143350e+00 1.6613128 0
 913 2577 2894 3 M  2.551187919 -3.411008e-01 1.6401283 0
 914 2577 2894 3 M  2.588348537  2.852958e-01 1.4698312 0
 915 2577 2894 3 F  2.283801118 -5.394552e-01 1.6636296 0
 916 2577 2383 3 M  2.997356142  5.289103e-01 1.6138817 0
 917 2577 2383 3 F  3.191003737  5.951236e-01 1.6057425 0
 918 2577 2383 3 F  1.853477144 -7.357963e-01 1.5927855 0
 919 2577 2383 3 F  1.063790913 -4.218884e-01 1.3214733 0
 920 2577 2383 3 M  3.399560578  7.056920e-01 1.5889551 0
 921 3278 2665 3 F  0.800191911 -3.337394e-03 1.2797826 0
 922 3278 2665 3 F  2.279192192 -3.080481e-01 1.5886414 0
 923 3278 2665 3 M  1.460334554  3.866934e-01 1.2367938 0
 924 3278 2665 3 M  0.867182885 -6.993469e-01 1.4074795 0
 925 3278 2665 3 M  1.944255309  2.263056e-02 1.5239916 0
 926 3278 2787 3 M  0.148303619 -5.181417e-01 1.0677762 0
 927 3278 2787 3 M  1.089382647  2.671412e-01 1.1721695 0
 928 3278 2787 3 M  1.810067958 -1.166312e-01 1.4161811 0
 929 3278 2787 3 M  1.582996307  7.679353e-01 1.2583442 0
 930 3278 2787 3 F  1.867392170  1.424895e+00 1.0027990 0
 931 2366 2978 3 M  2.013659869 -3.817126e-01 1.6040973 0
 932 2366 2978 3 F  1.000401514 -1.243474e+00 1.4518122 0
 933 2366 2978 3 M  1.180482636 -6.037288e-01 1.4106797 0
 934 2366 2978 3 F  2.705332534  4.591594e-01 1.5869973 0
 935 2366 2978 3 F  2.245845587 -2.667280e-01 1.6589559 0
 936 2366 3054 3 F  1.868942074  1.261273e-01 1.3072311 0
 937 2366 3054 3 F  2.551597796  7.832170e-01 1.3445866 0
 938 2366 3054 3 M  2.131778661 -5.182230e-03 1.4540271 0
 939 2366 3054 3 M  1.855318551 -4.824445e-02 1.4884696 0
 940 2366 3054 3 F  0.774725849 -1.337182e+00 1.4955795 0
 941 3157 2922 3 F  0.045935435 -1.573014e+00 1.3658502 0
 942 3157 2922 3 F  0.879715079 -1.079497e+00 1.4521737 0
 943 3157 2922 3 F  2.986889977  1.317553e+00 1.4809485 0
 944 3157 2922 3 M  2.034240229  4.609278e-01 1.4708135 0
 945 3157 2922 3 M  1.983827226  3.619144e-01 1.4057314 0
 946 3157 2405 3 F  2.179249310  3.081291e-02 1.6370499 0
 947 3157 2405 3 F  1.163996896 -4.653594e-01 1.5114038 0
 948 3157 2405 3 F  0.441513871 -9.602188e-01 1.3644104 0
 949 3157 2405 3 M  1.489272246 -1.787560e-01 1.5204783 0
 950 3157 2405 3 M  1.460894013 -4.891783e-01 1.5998252 0
 951 2310 2642 3 F -2.381779482 -1.361211e+00 0.4110572 0
 952 2310 2642 3 M -0.821842936 -1.014099e-01 0.5435311 0
 953 2310 2642 3 M -1.784903925 -1.032806e+00 0.4927785 0
 954 2310 2642 3 F -1.198703861 -9.374518e-03 0.3778780 0
 955 2310 2642 3 M -0.619512727  3.201179e-01 0.5412064 0
 956 2310 3190 3 F  3.114109790  2.971215e-01 1.6850160 0
 957 2310 3190 3 F  2.658537091  4.972058e-01 1.4419333 0
 958 2310 3190 3 F  3.073170134  5.682998e-01 1.5564016 0
 959 2310 3190 3 M  3.890365917  8.796272e-01 1.8686771 0
 960 2310 3190 3 F  3.832204630  6.950828e-01 1.9004781 0
 961 2319 2805 3 M  2.366161411  2.122996e-01 1.5894439 0
 962 2319 2805 3 F  1.864221492 -4.623821e-01 1.6065535 0
 963 2319 2805 3 M  2.733670371  8.040249e-02 1.7460452 0
 964 2319 2805 3 F  1.352335994 -9.087358e-01 1.6385728 0
 965 2319 2805 3 M  3.153696542  7.457664e-01 1.6578241 0
 966 2319 2565 3 M  1.599903782 -4.952714e-01 1.5443996 0
 967 2319 2565 3 M  1.943006560  4.875131e-01 1.3477725 0
 968 2319 2565 3 F  2.301521673  2.747012e-01 1.4887746 0
 969 2319 2565 3 F  3.848107212  7.252259e-01 1.7922529 0
 970 2319 2565 3 F  1.705422642  2.463608e-01 1.3922568 0
 971 2929 3200 3 F  2.926064486  1.218996e+00 1.4934246 0
 972 2929 3200 3 F  2.398966839  3.816833e-01 1.5063513 0
 973 2929 3200 3 M  3.304336947  7.456344e-01 1.8044990 0
 974 2929 3200 3 F  1.369270046 -1.445719e+00 1.8934316 0
 975 2929 3200 3 F  3.765186940  1.104094e+00 1.8026266 0
 976 2929 3053 3 M  1.067094816 -1.022866e+00 1.6143246 0
 977 2929 3053 3 F  2.536661345  1.130219e+00 1.5320266 0
 978 2929 3053 3 M  2.379971976 -6.284592e-02 1.6909503 0
 979 2929 3053 3 M  1.098833881 -5.724608e-01 1.5002920 0
 980 2929 3053 3 F  2.040892263  7.362683e-01 1.4953962 0
 981 2772 2832 3 M  2.986718396  2.572110e-01 1.7171277 0
 982 2772 2832 3 F  1.521656923 -7.848325e-01 1.4835099 0
 983 2772 2832 3 M  1.746974194 -6.659311e-01 1.5606760 0
 984 2772 2832 3 M  3.344449326  2.369712e-02 1.9199903 0
 985 2772 2832 3 M  3.238905145  6.630942e-01 1.6828357 0
 986 2772 2694 3 M  1.941731164 -5.605263e-01 1.7288655 0
 987 2772 2694 3 M  0.299393796 -5.166492e-01 1.3151343 0
 988 2772 2694 3 M  0.852041779 -5.355428e-01 1.4348654 0
 989 2772 2694 3 F  0.546777451 -4.787937e-01 1.2964077 0
 990 2772 2694 3 F  0.661668584 -8.340490e-01 1.4985191 0
 991 2623 2725 3 M  3.376795301  7.088773e-01 1.5919854 0
 992 2623 2725 3 M  1.167771911 -1.660147e-01 1.3511044 0
 993 2623 2725 3 M  1.920194942  4.301509e-01 1.3333032 0
 994 2623 2725 3 F  1.961009532 -2.195807e-01 1.5184809 0
 995 2623 2725 3 F  1.827753770 -1.121501e+00 1.6794568 0
 996 2623 3108 3 F  1.002415698 -8.489932e-01 1.5200704 0
 997 2623 3108 3 F  2.525276283  9.973302e-01 1.3824027 0
 998 2623 3108 3 F  4.630615905  1.933080e+00 1.6715296 0
 999 2623 3108 3 M  0.929279978 -4.579009e-01 1.3547066 0
1000 2623 3108 3 F  2.130215618 -3.422852e-02 1.5337001 0
