ID sire dam generation sex phen env tbvp gebvp
   1  943 1121 1 F  3.962970374  0.9940003676  1.63965591 0
   2  943 1121 1 F  3.503251366  0.7662530385  1.51125192 0
   3  943 1121 1 M  3.851766844  0.4195951708  1.77237375 0
   4  943 1121 1 M  2.303135364 -0.6136647845  1.46617477 0
   5  943 1121 1 M  4.461021132  1.3476193564  1.75286851 0
   6  943 1230 1 M  1.500105110 -0.6436435710  1.38062915 0
   7  943 1230 1 F  1.794904123 -0.1349779896  1.25173227 0
   8  943 1230 1 M  2.948271471  0.2006147982  1.43429094 0
   9  943 1230 1 F  2.876149708  0.4900775643  1.39358563 0
  10  943 1230 1 M  0.919288008 -0.9415112803  1.16563066 0
  11  401 1194 1 F  1.340281537 -0.0990516682  1.46292643 0
  12  401 1194 1 F  1.104718894 -0.1791061536  1.14825790 0
  13  401 1194 1 F  2.578260347  0.8497096864  1.36046198 0
  14  401 1194 1 F  1.029277778 -1.3502384502  1.43267311 0
  15  401 1194 1 M  1.550288803 -0.4263950873  1.46641085 0
  16  401  528 1 M  4.183917606  1.0887335345  1.68829119 0
  17  401  528 1 F  1.610946609 -1.0340313015  1.60577522 0
  18  401  528 1 M  2.606568859  0.5354011263  1.50868351 0
  19  401  528 1 M  2.340406997 -0.5121579841  1.74554860 0
  20  401  528 1 M  1.798068316 -0.3335361520  1.61476007 0
  21  402  980 1 M  2.065208275  0.2101690260  1.38579891 0
  22  402  980 1 M  3.511625163  0.1157705192  1.76998413 0
  23  402  980 1 M  3.280777029  0.6846041186  1.61302115 0
  24  402  980 1 F  2.748987504 -0.1862440810  1.74719711 0
  25  402  980 1 M  1.077185713 -1.1584916961  1.37614073 0
  26  402 1135 1 F -0.247831072  0.2510681870  0.45274071 0
  27  402 1135 1 F -1.607277704 -0.4734577854  0.10224425 0
  28  402 1135 1 M -1.187773614 -0.5591058165  0.34467758 0
  29  402 1135 1 F  0.572817201  0.1114891562  0.68238449 0
  30  402 1135 1 F  0.120603328  0.4584836800  0.39678534 0
  31  602  340 1 M  1.987318164 -0.5264104507  1.60774964 0
  32  602  340 1 F  2.423399681  0.8536236876  1.34462386 0
  33  602  340 1 F  1.421920334 -0.7740004227  1.34450478 0
  34  602  340 1 F  2.371073467  0.1449159194  1.44903508 0
  35  602  340 1 M  1.731556761 -0.4616784453  1.49226076 0
  36  602  441 1 M  0.540691431 -1.4392882060  1.36191655 0
  37  602  441 1 F  1.453988464 -0.1155262135  1.18625411 0
  38  602  441 1 M  1.352677046 -0.0626405091  1.14992792 0
  39  602  441 1 F  1.203240334 -0.3026957980  1.26653289 0
  40  602  441 1 M  3.497772467  0.5194761195  1.67197466 0
  41  703 1136 1 M -2.240277952 -0.8959830458  0.10241625 0
  42  703 1136 1 F -1.232135740 -0.7076383644  0.43767756 0
  43  703 1136 1 M -2.072855193 -0.7644757661  0.19546823 0
  44  703 1136 1 F -1.477433427 -0.2741845925  0.29033169 0
  45  703 1136 1 F -0.719665650 -0.0211730905  0.37138048 0
  46  703  599 1 M  1.925299470 -0.1536915084  1.27521419 0
  47  703  599 1 F  2.537372943  0.8269043534  1.24992494 0
  48  703  599 1 M  2.259295525  0.3807489244  1.25813871 0
  49  703  599 1 F  2.223303195  0.2559020764  1.33710625 0
  50  703  599 1 M -0.230924803 -1.5801097405  1.05120394 0
  51  616  598 1 F  3.026223840  1.7026606212  1.04462018 0
  52  616  598 1 M  2.365362019  0.8267254024  1.10520142 0
  53  616  598 1 F  1.853710441  0.6838786436  1.06624358 0
  54  616  598 1 M  0.680554879 -0.5311516543  0.98652506 0
  55  616  598 1 M  1.902429808  0.1695302046  1.21151801 0
  56  616 1193 1 M  2.443946293  0.8296449804  1.14499479 0
  57  616 1193 1 M  1.970268770  0.1973377028  1.21476837 0
  58  616 1193 1 M  1.215297325 -0.4255346691  1.20403345 0
  59  616 1193 1 M  0.968857938  0.2780301029  1.03385110 0
  60  616 1193 1 F  2.259713069 -0.1999865348  1.42096387 0
  61  509 1195 1 M  3.461444299  1.3120530248  1.31881235 0
  62  509 1195 1 M  1.697762791 -0.1303159304  1.23787778 0
  63  509 1195 1 M -0.196664916 -0.6820915443  0.89801336 0
  64  509 1195 1 F  1.881323166  0.3783156151  1.14581868 0
  65  509 1195 1 F  0.834297679 -1.0007107701  1.32919022 0
  66  509  389 1 M  0.865289402 -0.9715332738  1.41844103 0
  67  509  389 1 M  3.191843263  0.0272321308  1.64654224 0
  68  509  389 1 F  1.778160320 -0.3113935892  1.35488464 0
  69  509  389 1 F  2.245611587  0.0945331405  1.45507204 0
  70  509  389 1 F  1.514329561  0.0559101822  1.29229709 0
  71  938  349 1 F  1.118197007 -0.5587786890  1.34650916 0
  72  938  349 1 F  1.402089270 -0.3414483981  1.18842656 0
  73  938  349 1 F  2.140427591  0.8439497807  1.18980073 0
  74  938  349 1 M  1.060006233 -0.4113814386  1.08474479 0
  75  938  349 1 F  2.686166792  0.2896596086  1.57266954 0
  76  938  518 1 F  2.714795144  0.1990556390  1.44229465 0
  77  938  518 1 F  1.510313321 -0.2383700157  1.31274218 0
  78  938  518 1 F  3.025630776  0.5630496336  1.52790035 0
  79  938  518 1 F  1.594409684  0.2279798094  1.01705556 0
  80  938  518 1 M  1.970170830 -0.2220355142  1.37983908 0
  81  788  359 1 F  0.123670936 -1.3067825904  1.12617478 0
  82  788  359 1 F  1.532722589 -0.0389231033  1.31404742 0
  83  788  359 1 F  2.148932068 -0.5590124155  1.55374242 0
  84  788  359 1 M  1.307673995 -0.0555892186  1.11725796 0
  85  788  359 1 M  2.081274813 -0.4878590665  1.58768955 0
  86  788 1119 1 F  4.287195109  0.7060654971  1.81446089 0
  87  788 1119 1 F  3.465188480  0.5473214590  1.66707337 0
  88  788 1119 1 F  3.032869222  0.0464422566  1.61588935 0
  89  788 1119 1 F  4.129621564  0.4220977918  1.83408608 0
  90  788 1119 1 F  3.412043349  0.2396543823  1.75415491 0
  91  868 1231 1 F  3.268242984  1.2611192275  1.32913716 0
  92  868 1231 1 F  2.294583387  0.2967265941  1.27476932 0
  93  868 1231 1 M  2.401744316 -0.0716144646  1.41899603 0
  94  868 1231 1 F  1.407908844 -0.2212951967  1.22071623 0
  95  868 1231 1 F  1.349276927  0.0683180736  1.05263255 0
  96  868  786 1 M  2.154126797  0.6173631294  1.08039329 0
  97  868  786 1 F  2.177892184  0.5377004247  1.10600595 0
  98  868  786 1 F  1.447902777 -0.0146620660  1.11143190 0
  99  868  786 1 M  1.744476071  0.1999482473  1.16158597 0
 100  868  786 1 M  2.438462465  0.2184893822  1.26327237 0
 101  603 1198 1 F  2.490562929  1.0290239015  1.25677602 0
 102  603 1198 1 M  2.713750812  0.2379390811  1.37745848 0
 103  603 1198 1 M  1.187394720  0.3108355349  0.95546206 0
 104  603 1198 1 F  0.327646768 -0.1362663913  0.87871331 0
 105  603 1198 1 F  1.420429574 -0.2153866796  1.13827753 0
 106  603  530 1 M  1.120598901  0.5636584849  0.95622946 0
 107  603  530 1 M  0.663022503 -0.1927958969  1.14420149 0
 108  603  530 1 M  0.532602858 -0.4771566802  1.10644844 0
 109  603  530 1 F  3.196644469  0.2724431603  1.66099520 0
 110  603  530 1 M  2.917311614  0.6105741661  1.37493745 0
 111  965 1123 1 F  0.687189521 -1.0300629716  1.37729891 0
 112  965 1123 1 M  2.280016568  0.1058027243  1.42438550 0
 113  965 1123 1 M  2.488804112  0.6347768614  1.26067765 0
 114  965 1123 1 F  2.506167519  0.5804628196  1.30981508 0
 115  965 1123 1 M  2.883184187  0.7269509946  1.45934624 0
 116  965  361 1 M  1.695490555  0.0191405816  1.28933973 0
 117  965  361 1 M  1.894502607  0.4165110818  1.10948850 0
 118  965  361 1 F  0.802115561 -0.3326426745  1.11532685 0
 119  965  361 1 M  1.134787105 -0.1576632516  1.14739846 0
 120  965  361 1 M  0.961231108 -1.2999213325  1.35659451 0
 121  604 1118 1 F  3.424597444  0.7147286912  1.65698007 0
 122  604 1118 1 M  2.006455404 -0.3594389165  1.63045760 0
 123  604 1118 1 F  1.792353245 -0.5815082341  1.40879658 0
 124  604 1118 1 M  3.227266365  0.5257310028  1.67927132 0
 125  604 1118 1 M  3.379181564  0.7673045852  1.39952063 0
 126  604  622 1 F  0.950269788  0.6834155457  0.74784699 0
 127  604  622 1 M -0.085789397 -0.9198986197  0.94753183 0
 128  604  622 1 M  0.487113243 -0.8513449430  0.99572474 0
 129  604  622 1 M  1.676737683  0.8738660173  1.13532284 0
 130  604  622 1 M -1.138229473 -1.0917497047  0.61196442 0
 131  613  382 1 F  0.125508279 -1.4881100558  1.28223198 0
 132  613  382 1 M  2.645792634  0.6651430979  1.33151428 0
 133  613  382 1 M  1.773045905 -0.8929255297  1.62264660 0
 134  613  382 1 M  4.021576364  0.9827562100  1.59784917 0
 135  613  382 1 M  2.101743691 -0.6452361773  1.63388174 0
 136  613  977 1 M  1.410702521 -0.2359023079  1.27259834 0
 137  613  977 1 F  2.322896182  0.9416657371  1.11323642 0
 138  613  977 1 F  1.362668957 -0.4594541666  1.20640909 0
 139  613  977 1 M  2.285767166 -0.1555717925  1.38359144 0
 140  613  977 1 M  3.851366778  0.8899487732  1.57715493 0
 141  676 1059 1 M  2.234555956  0.9718912526  1.06010801 0
 142  676 1059 1 F  2.915832023  0.7147896034  1.27386787 0
 143  676 1059 1 F  3.497757227  1.4271240293  1.33422277 0
 144  676 1059 1 F  1.450501919  0.2425026113  1.13837481 0
 145  676 1059 1 F  1.848654797  0.8619087018  1.00530952 0
 146  676 1139 1 M  1.529706627  0.5888745423  1.02139413 0
 147  676 1139 1 M  0.994684069 -0.8159224129  1.30281086 0
 148  676 1139 1 M  0.058948684 -0.3543979394  0.76239467 0
 149  676 1139 1 F  1.132127981 -0.1633897584  1.16689611 0
 150  676 1139 1 F  1.481766155  0.2735244824  1.14618513 0
 151  936  987 1 F -0.960487919  0.1142063600  0.12932088 0
 152  936  987 1 M -0.463409432  0.6788978172  0.12170050 0
 153  936  987 1 M -1.241071299 -0.1050475167  0.18776974 0
 154  936  987 1 F -0.757572957  0.3026700260  0.21813717 0
 155  936  987 1 F -0.669368403  0.3818942099  0.29831602 0
 156  936  620 1 F  2.758000131  0.4230152217  1.34381193 0
 157  936  620 1 M  2.422168113  0.0997390814  1.32348685 0
 158  936  620 1 M  2.115684292 -0.7722999135  1.46676566 0
 159  936  620 1 F  3.218196805  0.5205453532  1.40029861 0
 160  936  620 1 F  1.181256560 -0.0014754696  0.99033227 0
 161 1299  712 1 F -0.759055602 -0.0202347782  0.17048054 0
 162 1299  712 1 F -0.444299327  0.2928439790  0.19753926 0
 163 1299  712 1 M -1.178116225 -0.4332273912  0.11487326 0
 164 1299  712 1 F -0.894413169 -0.2788780932  0.22145526 0
 165 1299  712 1 M  0.116192509  0.8349844490  0.28255509 0
 166 1299 1057 1 F -0.541809270  0.6094443690  0.05409557 0
 167 1299 1057 1 M -1.495087331 -0.0912657923  0.06390597 0
 168 1299 1057 1 F -0.493703065  0.6071183351  0.15180580 0
 169 1299 1057 1 M -1.625366271 -0.4161136166  0.18188426 0
 170 1299 1057 1 F -1.467756304 -0.0888309504  0.03783981 0
 171  940  626 1 F  1.555078514 -0.0879576655  1.28601549 0
 172  940  626 1 F -0.480042140 -0.6513969579  0.76554065 0
 173  940  626 1 F  3.431571325  0.8873073016  1.39527080 0
 174  940  626 1 M  3.094238866  1.5383902800  1.28869923 0
 175  940  626 1 F  2.175784822 -0.1682472501  1.34482573 0
 176  940 1288 1 F  0.918888797 -0.2775208655  1.16440123 0
 177  940 1288 1 F  1.270545798 -0.1163285327  1.25407815 0
 178  940 1288 1 M  1.572672020  0.3694668225  1.17086379 0
 179  940 1288 1 F  1.072443698  0.0135536798  1.17412297 0
 180  940 1288 1 F  0.609897950 -0.9743414313  1.31233569 0
 181  408 1113 1 F  2.218928283 -0.2526090598  1.47695215 0
 182  408 1113 1 M  1.692057266  0.3703032955  1.12513793 0
 183  408 1113 1 F  1.340376666  0.2048968546  1.10512628 0
 184  408 1113 1 M  1.230440434 -0.4951937250  1.18464536 0
 185  408 1113 1 M  2.841553162  1.5475058653  1.13595029 0
 186  408  478 1 M  1.602944690 -0.3741147955  1.31634327 0
 187  408  478 1 M  2.094580972 -0.4529745642  1.49258094 0
 188  408  478 1 M  2.100313831 -0.0649751478  1.35797490 0
 189  408  478 1 F  2.726415970  0.2114332885  1.50559177 0
 190  408  478 1 F  1.565788605 -0.0363204272  1.07584175 0
 191  302  757 1 F  2.424583241  0.7370076471  1.20272969 0
 192  302  757 1 F  0.994845559 -0.6488006723  1.22742733 0
 193  302  757 1 M  2.710870232  0.4916674668  1.33907833 0
 194  302  757 1 M  3.924437942  1.9572465517  1.39168420 0
 195  302  757 1 M  2.106463608  1.2911916378  1.05293522 0
 196  302  979 1 F -1.378400926 -0.2422394872  0.28911196 0
 197  302  979 1 F -1.986807814 -0.9916971860  0.15098148 0
 198  302  979 1 F -1.708014379 -0.7630448146  0.21094279 0
 199  302  979 1 M -1.065712798 -0.1428675917  0.32733384 0
 200  302  979 1 M  0.855523990  1.4641791654  0.25427455 0
 201  652  435 1 M -0.623740435 -1.5083317972  1.14358879 0
 202  652  435 1 F  0.943963562 -0.3617131715  1.16059286 0
 203  652  435 1 F  2.088621610  0.9496004852  1.13149401 0
 204  652  435 1 M  2.102338328  1.0164107400  1.20114086 0
 205  652  435 1 M -0.002813613 -1.1491692306  1.19262583 0
 206  652  331 1 M -0.865498559 -0.6747278554  0.40160236 0
 207  652  331 1 F -0.413745156  0.1066170289  0.27674303 0
 208  652  331 1 F -0.520395475  0.0829070062  0.48328990 0
 209  652  331 1 F -1.494833960 -0.7939902747  0.30894105 0
 210  652  331 1 M -0.260618591 -0.1184607585  0.50456167 0
 211  787  516 1 M  2.529558672  0.5653423819  1.38035962 0
 212  787  516 1 M  4.214711616  1.4271524835  1.63020512 0
 213  787  516 1 M  3.525973485  0.3896764146  1.75381759 0
 214  787  516 1 M  2.428930127 -0.3364815796  1.60319597 0
 215  787  516 1 M  2.560695853  0.3456829896  1.42127042 0
 216  787  629 1 M  2.997012869  0.2654389883  1.63013714 0
 217  787  629 1 M  1.973568489 -0.6026331120  1.61217632 0
 218  787  629 1 F  1.703305511 -0.2492481847  1.32741645 0
 219  787  629 1 M  3.697490085  0.7656311375  1.68884376 0
 220  787  629 1 M  2.199229327  0.1770223398  1.41249811 0
 221  304 1041 1 M  0.885603764 -0.7496920371  1.21737349 0
 222  304 1041 1 M  1.895532858  0.2770167513  1.11750308 0
 223  304 1041 1 F  0.522871556 -0.6259191730  1.07386936 0
 224  304 1041 1 M  0.332958974 -0.5076062122  0.92249241 0
 225  304 1041 1 M  2.368740782 -0.0822326305  1.54336299 0
 226  304  850 1 M  1.777055172  0.6057585596  1.02331385 0
 227  304  850 1 M  0.825764340 -0.4951497595  1.20481943 0
 228  304  850 1 F  1.333085726 -0.1480240194  1.13211547 0
 229  304  850 1 M  0.020389472 -1.2796156038  1.08564478 0
 230  304  850 1 M -0.206201587 -1.5727228026  1.20461788 0
 231  502 1223 1 M  2.167638028 -0.8556715074  1.70815785 0
 232  502 1223 1 M  2.895788767  0.1435566486  1.55885993 0
 233  502 1223 1 F  3.242869997  0.4845716574  1.44206237 0
 234  502 1223 1 F  0.696160248 -1.4458223959  1.38816548 0
 235  502 1223 1 M  1.985368617 -0.0018591619  1.30485536 0
 236  502  829 1 M  1.986967911 -0.3863628108  1.28512085 0
 237  502  829 1 M  1.495332498 -0.2464584635  1.24225530 0
 238  502  829 1 M  2.919466394  0.4057924662  1.41446056 0
 239  502  829 1 F  1.566062384 -1.4148849216  1.58298502 0
 240  502  829 1 F  3.032801771  1.0192292650  1.26916465 0
 241 1136  956 1 F  1.129087356 -0.9126618877  1.37950078 0
 242 1136  956 1 M  3.564062740  1.3125739267  1.36144092 0
 243 1136  956 1 F  2.125121801  0.6019480245  1.23269624 0
 244 1136  956 1 M  3.058578275  0.6794263304  1.48148621 0
 245 1136  956 1 F  2.588158050  0.4036588379  1.44658387 0
 246 1136  461 1 M  1.883339868  0.1541213602  1.11618718 0
 247 1136  461 1 M  2.528646258  0.4666043367  1.21780424 0
 248 1136  461 1 F  1.682520401 -0.1654247301  1.19201130 0
 249 1136  461 1 F -0.460154878 -1.8270232957  1.09737627 0
 250 1136  461 1 M -0.515939976 -1.1976446661  0.92461382 0
 251  946 1134 1 M -2.691993418 -1.0364567141 -0.12491605 0
 252  946 1134 1 M -1.411566041 -0.2998146812  0.16710268 0
 253  946 1134 1 M -2.435851531 -0.8979757430 -0.09895457 0
 254  946 1134 1 F -0.462085767  0.7051283036  0.10114148 0
 255  946 1134 1 F -1.245354983 -0.1764697370  0.06802712 0
 256  946  879 1 F  2.182670706  0.4414775313  1.14699188 0
 257  946  879 1 F  1.574650255  0.5517591994  1.01722031 0
 258  946  879 1 M  1.517050958 -1.1211160845  1.35166094 0
 259  946  879 1 F  0.545990554 -0.5226931943  0.92635837 0
 260  946  879 1 M  1.915065469 -0.5511870814  1.43554479 0
 261  701  731 1 M  3.186146087  0.7474322369  1.37184907 0
 262  701  731 1 M  1.918399883  0.3192703851  1.13489360 0
 263  701  731 1 M  2.814539693  0.5195154491  1.34292707 0
 264  701  731 1 M  3.348915669  0.1444450254  1.62930931 0
 265  701  731 1 M  2.126058374 -0.6988488444  1.50808921 0
 266  701 1098 1 F  1.080539799 -1.0624492051  1.37810224 0
 267  701 1098 1 M  2.592774054  0.5214401792  1.31768350 0
 268  701 1098 1 M  1.807753261 -0.2147756217  1.35392862 0
 269  701 1098 1 F -0.063832227 -0.7711480538  0.85761275 0
 270  701 1098 1 M  2.426954741  0.3090413925  1.40198438 0
 271  745  737 1 F  0.888050217 -0.3194868764  1.14588146 0
 272  745  737 1 M  0.326511954  0.0209044993  0.75088467 0
 273  745  737 1 M  1.717420237 -0.1368798559  1.23353619 0
 274  745  737 1 F  3.064471187  0.6138390853  1.35256356 0
 275  745  737 1 M  2.017292802 -0.4066084444  1.34846684 0
 276  745  334 1 M -0.302072596  0.9099583072  0.03889141 0
 277  745  334 1 M  0.012183492  0.9353449683  0.30146747 0
 278  745  334 1 F  0.169496574  0.3367216638  0.50847911 0
 279  745  334 1 F -0.989205493 -0.0406119237  0.15753062 0
 280  745  334 1 M -0.977255302 -0.3898508878  0.33651049 0
 281 1296 1023 1 M  1.666794269  0.4233565240  1.21743211 0
 282 1296 1023 1 F  0.472999187 -0.3982167742  1.03899515 0
 283 1296 1023 1 M  0.954501017 -0.7591383240  1.35104230 0
 284 1296 1023 1 F  0.606418724 -1.0963147658  1.17077141 0
 285 1296 1023 1 F  1.759066220  0.3601080325  1.25530423 0
 286 1296  333 1 F  1.923625259 -0.2582135376  1.29963978 0
 287 1296  333 1 F  2.796306817  0.5566796884  1.44831778 0
 288 1296  333 1 F -0.082624090 -1.7573236033  1.25352009 0
 289 1296  333 1 F  2.147591908 -0.4189982316  1.61016410 0
 290 1296  333 1 F  2.904419181  0.2484725442  1.57409918 0
 291 1075 1227 1 M  2.121134368  0.7536576916  1.03757289 0
 292 1075 1227 1 M  1.588838342  0.3311743403  1.04192352 0
 293 1075 1227 1 F  1.817159871 -0.1945723750  1.23574651 0
 294 1075 1227 1 M  0.331060158 -0.7510237985  0.95642727 0
 295 1075 1227 1 M  0.565807717 -0.6544683301  0.96554314 0
 296 1075 1201 1 F  1.195170013  0.4695960206  0.89545541 0
 297 1075 1201 1 F  0.883779209  0.2722697053  0.86673797 0
 298 1075 1201 1 F -1.227360693 -2.0569633546  0.90283309 0
 299 1075 1201 1 M  1.416863529 -0.1560012241  1.07211114 0
 300 1075 1201 1 M  1.403201465  0.4195779240  0.99392281 0
 301 1135  741 1 M  0.522235132 -0.3695611339  0.92285675 0
 302 1135  741 1 F  2.646178119  1.2952875819  1.07344066 0
 303 1135  741 1 F  2.664197294  0.8264177965  1.21486413 0
 304 1135  741 1 F  1.733808066  0.7477394862  0.96620604 0
 305 1135  741 1 F  1.479258326 -0.2711633132  1.28191303 0
 306 1135  500 1 M  3.030024362  0.0379808581  1.69443774 0
 307 1135  500 1 F  3.201543993  0.9315992096  1.34332624 0
 308 1135  500 1 F  2.314148744 -0.8897124613  1.77927777 0
 309 1135  500 1 F  1.062480802 -0.7985634639  1.22248609 0
 310 1135  500 1 M  1.912435865 -0.5785232614  1.29392737 0
 311 1040  756 1 M  2.368592359 -0.0973974807  1.46308192 0
 312 1040  756 1 M  3.195978919  0.1900500678  1.70638152 0
 313 1040  756 1 F  1.172652857 -0.4078687834  1.23471291 0
 314 1040  756 1 F  2.908144955 -0.1157812232  1.69172162 0
 315 1040  756 1 M  1.502025627 -0.0651892958  1.18967246 0
 316 1040  955 1 M  1.967254764  0.9033048839  1.06088857 0
 317 1040  955 1 F  0.641184929 -0.9673351938  1.27355128 0
 318 1040  955 1 M  1.880964096  0.8646133122  1.07303861 0
 319 1040  955 1 M  1.056153640 -0.0635452037  1.12143249 0
 320 1040  955 1 M  0.894439810 -0.3408740781  1.15643924 0
 321  747  780 1 M -1.275398835 -0.5131375004  0.32040836 0
 322  747  780 1 M -1.941067234 -1.2019100776  0.32797218 0
 323  747  780 1 M -1.350974425 -0.6209673772  0.32390791 0
 324  747  780 1 F  0.229094236  0.8569203472  0.42635889 0
 325  747  780 1 F -0.754303120  0.1587554613  0.35777201 0
 326  747 1058 1 M -0.639885108  0.5615493063  0.25261970 0
 327  747 1058 1 M -1.977065402 -0.6747530890  0.21596925 0
 328  747 1058 1 F -2.096922511 -0.8118475369  0.21066198 0
 329  747 1058 1 M -1.345546199 -0.6396412516  0.36987848 0
 330  747 1058 1 F -1.882247851 -1.0917882074  0.27556313 0
 331  301 1225 1 F  2.928940500  0.5683875806  1.44358635 0
 332  301 1225 1 M  1.235240191 -0.8244099580  1.35897734 0
 333  301 1225 1 M  1.633076458  0.0003455658  1.15314784 0
 334  301 1225 1 F  2.452948364 -0.5589349290  1.75613706 0
 335  301 1225 1 F  2.255173162  0.2477795603  1.26154693 0
 336  301 1138 1 F  0.205632365  1.2030330860  0.16398601 0
 337  301 1138 1 F -2.372983435 -1.6632502099  0.35309568 0
 338  301 1138 1 M -1.144204094 -0.1491098591  0.27870834 0
 339  301 1138 1 M -1.037613009 -0.2862743189  0.21466354 0
 340  301 1138 1 M -1.680627555 -1.0503043636  0.23912122 0
 341 1236  785 1 M  1.119389590  0.4142802627  0.86649804 0
 342 1236  785 1 F  1.182632418  0.6390356611  0.87136615 0
 343 1236  785 1 M  1.256252155  0.1218207340  0.98129010 0
 344 1236  785 1 F  1.277986930  0.0340799494  1.03038036 0
 345 1236  785 1 M -0.074157119 -0.1985182315  0.68891330 0
 346 1236  714 1 M -1.607888631 -0.3838600460  0.06538802 0
 347 1236  714 1 F -2.439627665 -1.2813100171  0.22000961 0
 348 1236  714 1 F -1.643792023 -0.9366142894  0.41088683 0
 349 1236  714 1 M -0.317970086  0.8654551686  0.04580520 0
 350 1236  714 1 F -0.827164319  0.4708645921  0.02542278 0
 351  724  542 1 M  1.250464334  0.3535757604  0.95981176 0
 352  724  542 1 M  2.030895633  1.3616893651  0.82649322 0
 353  724  542 1 F  1.082427806 -0.1462719775  1.18599211 0
 354  724  542 1 M  2.724403505  0.4438979270  1.37779261 0
 355  724  542 1 F -0.826498500 -1.7107987935  0.91304844 0
 356  724  614 1 M  1.224493607  0.1640752831  0.98166070 0
 357  724  614 1 F  2.919856058  0.7080136135  1.28914699 0
 358  724  614 1 F  1.887453429  0.4561309650  1.04672844 0
 359  724  614 1 F  0.789240833 -1.4322291156  1.30601478 0
 360  724  614 1 M  1.651952339  0.3391184984  1.18521893 0
 361 1052  497 1 M  3.630870360  0.9441101010  1.64208843 0
 362 1052  497 1 M  2.347173234  0.1332146432  1.30557064 0
 363 1052  497 1 M  4.660097617  1.7459546212  1.70858869 0
 364 1052  497 1 M  0.982278426 -0.6536904325  1.19166087 0
 365 1052  497 1 M  2.012514165 -0.2139152300  1.29053769 0
 366 1052 1253 1 M  2.895453806  0.2816108107  1.49297107 0
 367 1052 1253 1 F  2.201995215 -0.2449927884  1.48122078 0
 368 1052 1253 1 F  3.089868941  0.4149907594  1.48529968 0
 369 1052 1253 1 M  2.780815820  0.6183084033  1.43501704 0
 370 1052 1253 1 M  3.040832427  0.9188889607  1.33306842 0
 371  508  527 1 M  1.359630751 -0.0376696768  1.08782072 0
 372  508  527 1 F  0.547823131 -0.3012215709  1.04665467 0
 373  508  527 1 F  0.799593955  0.3967705490  0.90040512 0
 374  508  527 1 F  1.113787484  0.8424946766  0.85154477 0
 375  508  527 1 F  0.309603259 -0.3592310529  0.93083404 0
 376  508  611 1 M  1.549428212 -0.2436474149  1.27226316 0
 377  508  611 1 F  1.956848965 -0.0606641883  1.39221976 0
 378  508  611 1 M  1.617135468 -0.4955063873  1.34624820 0
 379  508  611 1 F  1.542714559 -0.0978112989  1.19673518 0
 380  508  611 1 F  0.294139729 -0.7724340038  0.90838182 0
 381  417  347 1 F  0.658456619 -0.9389623554  1.29496379 0
 382  417  347 1 M  1.649991129 -0.6567735057  1.41393651 0
 383  417  347 1 F  2.094519876 -0.3974471736  1.35775822 0
 384  417  347 1 M -0.006257639 -1.8010335375  1.26902428 0
 385  417  347 1 F  3.247548727  0.2871142982  1.63675238 0
 386  417  523 1 M  1.436992972 -0.5092309406  1.34549032 0
 387  417  523 1 F  3.298081474  0.9830719639  1.44961787 0
 388  417  523 1 F  4.222208577  1.5791879453  1.51161362 0
 389  417  523 1 M  1.287512247 -0.4701023884  1.28918722 0
 390  417  523 1 M  1.148365512 -0.8515180192  1.31568781 0
 391  746  927 1 M  1.476555658  0.3676718111  1.02801620 0
 392  746  927 1 M  2.626542946  0.3397444959  1.46125353 0
 393  746  927 1 M  2.613951571  0.4242680948  1.34156794 0
 394  746  927 1 F  2.094597933  0.1707618417  1.25621984 0
 395  746  927 1 M  2.625077493  0.2213322125  1.39546407 0
 396  746 1022 1 M  2.800005468  0.7468302918  1.26636127 0
 397  746 1022 1 F  1.760740900 -0.5252537699  1.45284035 0
 398  746 1022 1 F  3.498029902  0.8854727137  1.43018275 0
 399  746 1022 1 F  2.321840761  0.2451701755  1.41281132 0
 400  746 1022 1 M  3.680839036  0.7218798031  1.62211599 0
 401 1134  986 1 F  1.877615693  1.0358927504  1.00983363 0
 402 1134  986 1 M  1.551325540  0.4590327587  0.93680077 0
 403 1134  986 1 M  1.557699785  0.1482547869  1.11157853 0
 404 1134  986 1 M  1.380046731  0.3321727404  0.90483014 0
 405 1134  986 1 F  1.540320596 -0.8865901962  1.40044238 0
 406 1134 1085 1 F  0.982790960 -0.1310226722  1.10122293 0
 407 1134 1085 1 F  1.777956499  0.5779936679  0.97240126 0
 408 1134 1085 1 F  1.477731549 -0.1850370306  1.24278022 0
 409 1134 1085 1 F  2.441784892  1.4003072710  0.97348659 0
 410 1134 1085 1 M  1.474861795  0.3848627789  0.94305566 0
 411  865  474 1 M  2.157087683  0.3531489963  1.22187703 0
 412  865  474 1 F  2.557246718  0.9554073816  1.22250013 0
 413  865  474 1 F  0.740144456 -0.7151543007  1.19224494 0
 414  865  474 1 F  1.673747512  0.2065979140  1.12895185 0
 415  865  474 1 F  2.435561147  0.8419673107  1.12102630 0
 416  865 1153 1 F  1.530663828 -0.2422209243  1.12830265 0
 417  865 1153 1 M -0.058195083 -0.6530160419  0.92687072 0
 418  865 1153 1 F  0.114262043 -0.5712942337  0.87497034 0
 419  865 1153 1 M  1.084765780 -0.3214981956  1.05135975 0
 420  865 1153 1 M  1.369630154  1.2059818273  0.75091501 0
 421 1235  625 1 F  1.485970665  0.8155613133  0.92878795 0
 422 1235  625 1 M  2.224626741  0.5596513860  1.25655709 0
 423 1235  625 1 F -0.240192094 -1.1276701325  0.93563577 0
 424 1235  625 1 F -0.310703457 -0.2832713699  0.66652167 0
 425 1235  625 1 F  1.922317067  1.1009336294  0.90353559 0
 426 1235 1182 1 F  2.364743914  0.8051710028  1.03967001 0
 427 1235 1182 1 M  2.253293000  1.2702685944  0.92111642 0
 428 1235 1182 1 M  2.700115096  0.4165786445  1.32590199 0
 429 1235 1182 1 F -0.081416856 -0.7353697856  0.75864973 0
 430 1235 1182 1 F  0.705420105 -0.1967029084  0.91133187 0
 431 1028  448 1 M  1.117236662  0.0443073117  1.09624049 0
 432 1028  448 1 F  1.894204161  0.3039051985  1.21615032 0
 433 1028  448 1 M  2.414430932  0.4384454150  1.26931118 0
 434 1028  448 1 M  2.282489301  0.3845205009  1.38472593 0
 435 1028  448 1 M  1.328620615  0.1679230446  1.16400988 0
 436 1028  391 1 M  0.575345682 -0.6758505192  1.20982909 0
 437 1028  391 1 M  0.545847334 -0.7153052399  1.11210018 0
 438 1028  391 1 M  2.771030639  1.0309625322  1.25969702 0
 439 1028  391 1 M  2.693667359  1.0581805069  1.19637604 0
 440 1028  391 1 M  1.901490894 -0.5220141967  1.44803164 0
 441 1071  417 1 M -0.096041680  0.7890781232  0.04358820 0
 442 1071  417 1 F -1.106910810 -0.0056961248  0.02737057 0
 443 1071  417 1 F -1.125926802 -0.2134078090  0.13227967 0
 444 1071  417 1 M -0.169998873  0.8925212226  0.04289902 0
 445 1071  417 1 M -1.558045818 -0.6880726665  0.09625845 0
 446 1071  439 1 F -0.626955188 -0.6544426448  0.56557592 0
 447 1071  439 1 M  0.627760716  0.3291303760  0.72482642 0
 448 1071  439 1 M  0.527604115 -0.2947327282  1.05649727 0
 449 1071  439 1 M -0.561431592 -0.9691462142  0.81429663 0
 450 1071  439 1 F -0.481996011 -0.7365928029  0.71930685 0
 451  779  782 1 M  1.168071938 -0.6633330789  1.26366479 0
 452  779  782 1 M  1.179639484  0.2156143534  1.00314463 0
 453  779  782 1 M  0.935343729 -0.1134003272  1.06841621 0
 454  779  782 1 M  0.323733500 -0.6360410066  0.97011034 0
 455  779  782 1 F -0.612556058 -1.1678986674  0.88272155 0
 456  779  326 1 M  3.062236569  0.7552566866  1.38616902 0
 457  779  326 1 F  2.095093968  0.9592429482  1.08766059 0
 458  779  326 1 M  1.154224449  0.0905150951  0.91065470 0
 459  779  326 1 F  0.507337029 -0.6516784738  1.01482489 0
 460  779  326 1 M  0.248762248 -1.5951166230  1.27039801 0
 461 1055  627 1 F  1.579211298  0.6159090573  1.05863620 0
 462 1055  627 1 F -0.246562682 -1.2630031414  0.94999261 0
 463 1055  627 1 M  1.286507026  0.2700949848  0.96246925 0
 464 1055  627 1 F  2.553502840  0.4569688748  1.33962808 0
 465 1055  627 1 F  1.194641477 -0.1506919343  1.17946023 0
 466 1055  545 1 F  1.670344253  0.6410353642  1.03273157 0
 467 1055  545 1 F  2.027337117  0.2723346571  1.29009001 0
 468 1055  545 1 F  0.789952159 -0.3346086062  1.15420190 0
 469 1055  545 1 M  1.320958605  0.3107641380  1.00922231 0
 470 1055  545 1 M  1.382603719 -0.0744188579  1.04970241 0
 471  334  734 1 F  0.246942548 -0.2942226196  0.80341796 0
 472  334  734 1 F  2.641679855  1.0914099174  1.14833396 0
 473  334  734 1 M  1.516313097 -0.0219232365  1.12061530 0
 474  334  734 1 M  1.635474869 -0.3583194294  1.23921799 0
 475  334  734 1 M  0.894855055 -0.7980848534  1.14880872 0
 476  334 1148 1 F  3.246272251  0.7854643382  1.40035860 0
 477  334 1148 1 F  3.051026910 -0.0371357915  1.61685339 0
 478  334 1148 1 F  1.943408855 -0.7349789838  1.57641368 0
 479  334 1148 1 M  3.531965010  0.2189646624  1.63244018 0
 480  334 1148 1 F  3.571676169  0.5003832318  1.55468227 0
 481  704 1259 1 M  1.520083263  0.4187312915  1.08510840 0
 482  704 1259 1 F  2.849634477  0.9239209691  1.25937338 0
 483  704 1259 1 M  1.848979787 -0.9633754448  1.44316054 0
 484  704 1259 1 F  1.354128003 -0.9796179127  1.40128217 0
 485  704 1259 1 M  1.730870649  0.1418762058  1.16320864 0
 486  704  926 1 F  2.727101695 -0.1724907424  1.57577731 0
 487  704  926 1 F  3.257275065  0.9397276388  1.43285376 0
 488  704  926 1 M  3.909501333  1.2917406553  1.53527193 0
 489  704  926 1 M  1.502016459 -0.9499745152  1.61594417 0
 490  704  926 1 M  1.972866463 -0.1653057466  1.43355940 0
 491  407 1037 1 F  1.164156834  0.0451662871  1.01497480 0
 492  407 1037 1 F  0.127288892  0.1604836299  0.52199036 0
 493  407 1037 1 M  1.213722702 -0.7556605711  1.33462522 0
 494  407 1037 1 M  2.530783972  0.7372033473  1.22803261 0
 495  407 1037 1 M  2.246459839  0.5317068473  1.20118837 0
 496  407  751 1 F  4.138370999  2.3096146531  1.23338557 0
 497  407  751 1 M  1.364726317 -0.6573630881  1.25015401 0
 498  407  751 1 M  1.973421145  0.5219333338  1.04166034 0
 499  407  751 1 F  2.193840777  0.3450152810  1.14820792 0
 500  407  751 1 F  3.073909572  1.1253760311  1.26487292 0
 501  667  974 1 M  4.765602290  2.0566924757  1.52556093 0
 502  667  974 1 M  2.731663356  0.2388694647  1.42070754 0
 503  667  974 1 F  1.915811409 -0.0884238197  1.28297394 0
 504  667  974 1 M  1.646372789 -0.8735849931  1.42049012 0
 505  667  974 1 F  1.921183512 -0.3515285947  1.32234555 0
 506  667  443 1 F  0.925617604 -0.6022033617  1.18889790 0
 507  667  443 1 F  2.005189933 -0.0216641985  1.23362825 0
 508  667  443 1 M  0.224339597 -0.6225124686  0.92069563 0
 509  667  443 1 M  0.915404312 -0.0542404293  0.82300449 0
 510  667  443 1 F  2.569104635  0.4757742481  1.38435624 0
 511  884  699 1 F -0.330115355 -0.5960056154  0.82425358 0
 512  884  699 1 F  1.357592307  0.1108375452  1.03474032 0
 513  884  699 1 M  0.009478972 -1.1607785610  1.05565364 0
 514  884  699 1 F  1.951856438  0.6183819046  1.12190386 0
 515  884  699 1 M  1.362819774  0.3873302968  0.87833610 0
 516  884 1062 1 F  1.122166857  0.0016773432  0.87171127 0
 517  884 1062 1 F  1.358658699 -0.4799575085  1.18299782 0
 518  884 1062 1 F  0.752372660  0.2367650835  0.79481005 0
 519  884 1062 1 F  1.010770239 -0.0284173729  0.95031705 0
 520  884 1062 1 F  3.138829675  0.3260133252  1.53651390 0
 521 1019  590 1 F  0.748112943 -0.1967644457  1.04523419 0
 522 1019  590 1 M  0.412910287 -0.8824845258  1.08278412 0
 523 1019  590 1 M  0.401767885 -0.1873919319  0.89464498 0
 524 1019  590 1 M  1.687257300  1.0339033057  0.92284890 0
 525 1019  590 1 M  0.295153212 -0.6874164963  1.01689917 0
 526 1019 1216 1 F  2.593400015  0.5002849382  1.30493397 0
 527 1019 1216 1 F  2.118000204  0.3728043643  1.07810201 0
 528 1019 1216 1 F  2.451272205  0.3391227903  1.24009121 0
 529 1019 1216 1 M  0.409402164 -1.4412841939  1.19076133 0
 530 1019 1216 1 M  2.127109032  0.5576547639  1.09920093 0
 531 1070  605 1 F  2.038864113 -0.0392906081  1.18693756 0
 532 1070  605 1 F  2.377474690  0.2802658932  1.36728050 0
 533 1070  605 1 M  2.194956323  0.3863461017  1.25593002 0
 534 1070  605 1 F  2.037993900 -0.0036533234  1.19277957 0
 535 1070  605 1 M  1.898556567 -0.3094597537  1.34428216 0
 536 1070  376 1 F  3.513690726  2.1969423203  1.09502948 0
 537 1070  376 1 M  1.048397646 -0.1641273872  1.06101802 0
 538 1070  376 1 F  1.921835407  0.8710079374  0.98080145 0
 539 1070  376 1 M  0.915294775 -0.3437209994  0.99908771 0
 540 1070  376 1 F  0.551084778 -0.6601923964  1.07640635 0
 541 1086  715 1 F  2.272502630  0.9056759725  1.06277875 0
 542 1086  715 1 M  2.338917284  0.5678641403  1.20649927 0
 543 1086  715 1 F  0.931905261 -0.3816708778  1.11459952 0
 544 1086  715 1 F  1.229592366 -0.3209541793  1.14387657 0
 545 1086  715 1 M  1.479804586 -0.2331099046  1.17322426 0
 546 1086  482 1 F  2.100651653  0.2441452797  1.30820591 0
 547 1086  482 1 M  1.946030108 -0.2274151104  1.37672707 0
 548 1086  482 1 F  1.836140955 -0.7682881107  1.52473433 0
 549 1086  482 1 M  2.475275343  0.6349836831  1.25259775 0
 550 1086  482 1 F  1.601020209 -0.0320014840  1.30223864 0
 551  810  493 1 F  2.454742849  0.6031008721  1.32959982 0
 552  810  493 1 F  1.227885761 -0.0518515755  1.16804881 0
 553  810  493 1 F  0.645154128 -0.3765350506  1.13665590 0
 554  810  493 1 F  0.592162003 -0.8699785179  1.13320578 0
 555  810  493 1 F  1.955583134 -0.1340618617  1.27894021 0
 556  810  420 1 M  1.363796949  0.1702666442  1.09816491 0
 557  810  420 1 M  1.060102545 -0.3231893032  1.14442946 0
 558  810  420 1 F  0.205644554 -0.8131685467  1.03170369 0
 559  810  420 1 F  2.026475646  1.0106213821  1.04359625 0
 560  810  420 1 M -0.831279673 -1.0712502186  0.92469018 0
 561  899  346 1 M  2.386019018  0.0179052345  1.45284806 0
 562  899  346 1 M  2.210299336 -0.0630490182  1.32428114 0
 563  899  346 1 M  1.603140064  0.3894693707  0.97876242 0
 564  899  346 1 M  0.987769829  0.6789596891  0.75553867 0
 565  899  346 1 M  0.269597059 -0.4992561213  0.80588746 0
 566  899  760 1 M  0.664313834  0.3741988785  0.84341745 0
 567  899  760 1 F  1.591487815  0.4176553991  1.01241728 0
 568  899  760 1 M  0.907402302 -0.4715364026  1.18846415 0
 569  899  760 1 M  2.379151671  0.5087640287  1.24493847 0
 570  899  760 1 M  2.709159833  0.1207154364  1.41927339 0
 571 1137 1221 1 M  3.411533946  0.7975214811  1.49250796 0
 572 1137 1221 1 M  2.757369655  0.2016729446  1.52164150 0
 573 1137 1221 1 M  2.305560262 -0.1233386026  1.47870042 0
 574 1137 1221 1 F  2.424587064  0.7731496938  1.16436635 0
 575 1137 1221 1 F  1.774089413 -0.4799088627  1.43701917 0
 576 1137  539 1 M  1.343191849 -1.5548775643  1.56957546 0
 577 1137  539 1 M  2.601656885 -0.3479416295  1.56642768 0
 578 1137  539 1 F  2.069452799 -0.3883826292  1.46165936 0
 579 1137  539 1 M  2.756050410  0.9188117830  1.30094332 0
 580 1137  539 1 F  1.421443963 -0.1185465884  1.15464606 0
 581  744  930 1 M  2.549438115  0.4397225926  1.37767308 0
 582  744  930 1 M  2.661083937  0.7329408175  1.29775888 0
 583  744  930 1 M -0.305177224 -0.6630821086  0.79888092 0
 584  744  930 1 M  1.932131248  1.2862590244  0.88638999 0
 585  744  930 1 F  1.358303982 -0.1496355550  1.12406637 0
 586  744  526 1 M  0.892511697 -0.3143971893  1.06469593 0
 587  744  526 1 F  1.429966198 -0.1728280662  1.07586518 0
 588  744  526 1 M  0.649703197 -0.9832866076  1.10710704 0
 589  744  526 1 F  2.143496679 -0.1470701488  1.38459989 0
 590  744  526 1 F  1.915953771  0.3051613906  1.09717019 0
 591  682  447 1 M  1.718291660  0.4598744876  1.06397484 0
 592  682  447 1 M  1.313939182 -0.4793898085  1.12967072 0
 593  682  447 1 M  2.138098212  0.5642967657  1.19675037 0
 594  682  447 1 M  2.964683275  0.5500070553  1.35709504 0
 595  682  447 1 M  1.603097998  0.3218223321  1.00524831 0
 596  682  700 1 F  1.417177917  0.5140384341  1.01668271 0
 597  682  700 1 M  1.008596893 -0.1352519878  1.14044051 0
 598  682  700 1 M  0.551252790 -0.2836431277  1.08452710 0
 599  682  700 1 F  0.906911497 -0.1714716007  1.07882082 0
 600  682  700 1 F  1.356326847  0.2819177018  0.99490516 0
 601  486 1158 1 M -0.072867903  0.2227491023  0.47666834 0
 602  486 1158 1 M  1.608806008  0.2614457258  1.02714225 0
 603  486 1158 1 M  4.003936615  1.4331796696  1.43433496 0
 604  486 1158 1 F  2.299617572  0.1232351235  1.36384830 0
 605  486 1158 1 M  1.673756509 -0.2936735672  1.22916517 0
 606  486  385 1 F -0.899023044 -0.1782395655  0.41956327 0
 607  486  385 1 F -0.979525696 -0.3131250994  0.42364348 0
 608  486  385 1 M -0.209686526  0.6658760502  0.14884442 0
 609  486  385 1 F -1.774948059 -0.6683628714  0.31598512 0
 610  486  385 1 F -0.311825319  0.9597515933  0.23607398 0
 611  979 1263 1 M -0.277830684 -0.7003940047  0.77243618 0
 612  979 1263 1 M  0.596242086  0.7868863004  0.65342299 0
 613  979 1263 1 M  0.784676025 -0.4079858147  1.14904967 0
 614  979 1263 1 M -0.015589222 -1.2023277442  1.12385791 0
 615  979 1263 1 F  0.854343742  0.8921698684  0.71123430 0
 616  979  621 1 M  1.637253920  1.0794969478  0.81232568 0
 617  979  621 1 M  0.183397335 -0.2503091874  0.79475808 0
 618  979  621 1 F  1.227664765 -0.3298278746  1.11487707 0
 619  979  621 1 M  2.456108060  1.3186696692  0.99416365 0
 620  979  621 1 M  0.786575465 -0.2781347821  0.99761751 0
 621  967  421 1 M  2.151844712 -0.3851121017  1.41496696 0
 622  967  421 1 F  1.399753023 -0.6469312511  1.22055985 0
 623  967  421 1 M  2.005894706 -0.4568297884  1.47332760 0
 624  967  421 1 F  1.146584198 -0.4516071724  1.28295475 0
 625  967  421 1 F  2.649744426 -0.3496636672  1.64227687 0
 626  967  692 1 M  1.740134686  0.1615628335  1.21842285 0
 627  967  692 1 F  1.120259434 -0.0692166893  1.06739045 0
 628  967  692 1 M  2.321334680  0.1911586759  1.37244579 0
 629  967  692 1 M  2.956949671  1.3135053028  1.19397494 0
 630  967  692 1 F  1.915025878 -0.0285350444  1.29520278 0
 631  945  429 1 M  0.269560694 -0.8122162642  1.04518919 0
 632  945  429 1 M  2.152029042  0.7073866458  1.03849090 0
 633  945  429 1 F  0.901091427 -1.1102364965  1.26058908 0
 634  945  429 1 M  2.408514178  0.2086680233  1.38632764 0
 635  945  429 1 F  1.195837671 -0.4141559518  1.26428096 0
 636  945  442 1 F  0.224146725 -1.5114257871  1.23420332 0
 637  945  442 1 F -0.326212312 -1.0509341780  0.98112459 0
 638  945  442 1 M  2.450750718  0.6649191443  1.28824829 0
 639  945  442 1 F  1.584273682  0.2965406650  1.10956974 0
 640  945  442 1 F  0.485845280 -1.0567045497  1.11877179 0
 641  913  810 1 M -1.993504481 -0.7147528732  0.21663884 0
 642  913  810 1 M -1.119791673  0.0303981381  0.12354076 0
 643  913  810 1 F -1.357149405 -0.2955533491  0.11982281 0
 644  913  810 1 M -1.099047870 -0.3571349358  0.19338495 0
 645  913  810 1 M -0.484807579  0.4288965180  0.26598331 0
 646  913  713 1 F  1.516357738  0.3141590216  0.86514419 0
 647  913  713 1 F  1.858180173  0.6618380117  1.03159246 0
 648  913  713 1 F  0.813116757 -0.4477712237  1.09485416 0
 649  913  713 1 M  2.070535766  0.3782371312  1.09840468 0
 650  913  713 1 M  1.561958919  0.8511914565  0.94708480 0
 651 1038  470 1 F  2.337894286  0.3517871114  1.23806682 0
 652 1038  470 1 F  3.420564006  1.2968286434  1.26693365 0
 653 1038  470 1 F  2.669776679  0.3078761830  1.45957545 0
 654 1038  470 1 M  1.989976125 -0.4086639430  1.61174427 0
 655 1038  470 1 F  2.041416081 -0.0534646381  1.15300730 0
 656 1038 1081 1 M  1.061140184  0.3695837597  0.96817436 0
 657 1038 1081 1 M  2.124142850 -0.0378542962  1.28962307 0
 658 1038 1081 1 F  2.461909782  0.7416831661  1.32554170 0
 659 1038 1081 1 M  0.676912779 -0.0253104924  1.06985331 0
 660 1038 1081 1 F  0.699560237  0.1044773682  1.07743486 0
 661 1138 1140 1 F  0.083251017  0.6571680362  0.51047154 0
 662 1138 1140 1 M -0.414900287  0.7107852627  0.36328742 0
 663 1138 1140 1 F -1.299992615  0.1120090007  0.05488864 0
 664 1138 1140 1 F -0.142930488  1.1176991763  0.08403613 0
 665 1138 1140 1 F -2.290282601 -1.1468748840  0.11502264 0
 666 1138  701 1 F -1.182847152  0.1915319703  0.04705609 0
 667 1138  701 1 M -1.334290658 -0.1375191386  0.18961737 0
 668 1138  701 1 F  1.225137602  2.0931968500  0.25383029 0
 669 1138  701 1 M -0.993985259 -0.3906112346  0.37439342 0
 670 1138  701 1 M -2.776724935 -1.7328837300  0.20452707 0
 671  900 1296 1 F -0.907655408  0.5915163676  0.06826376 0
 672  900 1296 1 M -1.219090905 -0.0488318770  0.08363286 0
 673  900 1296 1 F -0.883270229  0.4389875319  0.19046001 0
 674  900 1296 1 F -2.073839508 -0.8178861398  0.08423397 0
 675  900 1296 1 F -0.719018204  0.7204895002 -0.11301449 0
 676  900  617 1 M -0.580505188 -1.3880984442  0.91271957 0
 677  900  617 1 M  0.633401157  0.2529707925  0.77854620 0
 678  900  617 1 M  1.700005866  1.0809638858  0.85172888 0
 679  900  617 1 M  1.587170115  0.3803436400  1.04459702 0
 680  900  617 1 M  0.780418804 -0.3079875199  1.07387255 0
 681  792  678 1 M  1.019196487  0.1570285139  0.81095812 0
 682  792  678 1 F  0.430540533 -0.0363237081  0.76024283 0
 683  792  678 1 M -0.031470965 -0.3158292903  0.77908905 0
 684  792  678 1 F  1.419623929  0.9827655208  0.91391819 0
 685  792  678 1 M  1.979273148 -0.0183620778  1.31338520 0
 686  792  305 1 M  2.233482200  0.3894660749  1.09804143 0
 687  792  305 1 F  1.538363282 -0.5809541045  1.36121914 0
 688  792  305 1 F  1.407165705 -0.1567203794  1.30188531 0
 689  792  305 1 M  1.851739386  0.5023916806  1.04940368 0
 690  792  305 1 F  1.641936463 -0.3028225215  1.21107677 0
 691 1294  964 1 M  1.264182274 -0.1442530991  1.09485734 0
 692 1294  964 1 M -0.222399763 -1.3935491950  1.08828083 0
 693 1294  964 1 F  0.692219711 -0.8692875000  1.15307397 0
 694 1294  964 1 F  1.112392147  0.1470335827  0.99265445 0
 695 1294  964 1 M  1.711946914 -0.0883650994  1.27649109 0
 696 1294  563 1 M  0.613230559 -0.1619892772  0.93609073 0
 697 1294  563 1 M  0.041183120 -0.8175410980  0.92385651 0
 698 1294  563 1 F  0.674030852 -0.1140812356  0.92999911 0
 699 1294  563 1 F  1.187973313  0.0762084380  1.00543446 0
 700 1294  563 1 M  2.133303890  1.4657158716  0.86956121 0
 701 1057 1294 1 M -0.363140340  0.5073816352  0.20554708 0
 702 1057 1294 1 F -1.500116908 -0.5052552008  0.20865410 0
 703 1057 1294 1 M -1.855619604 -0.9209780646  0.15668389 0
 704 1057 1294 1 F -1.688118444 -0.5715311200  0.01633999 0
 705 1057 1294 1 M -0.714843286  0.3965252021  0.03855045 0
 706 1057  675 1 M  1.078553479  0.1474983890  0.86008690 0
 707 1057  675 1 F  2.357843754  0.9467221785  1.00070054 0
 708 1057  675 1 F  2.443611904  0.3121926961  1.33568414 0
 709 1057  675 1 M  2.034902375 -0.1012865322  1.31324017 0
 710 1057  675 1 F  1.910771423  1.0234767324  0.88265128 0
 711  987  564 1 M  1.563717065  0.2508679237  1.03144586 0
 712  987  564 1 F  2.691478334  1.2107025901  1.12330597 0
 713  987  564 1 M  1.813427046  0.1873503299  1.13245684 0
 714  987  564 1 M -0.541688500 -0.6969448537  0.66665571 0
 715  987  564 1 F  0.255723267 -0.0099438953  0.71713211 0
 716  987 1150 1 F  3.358415566  0.7940267003  1.52565455 0
 717  987 1150 1 F  1.755892388  0.0310077140  1.16042025 0
 718  987 1150 1 M  2.375113850  0.2594957315  1.33145750 0
 719  987 1150 1 F  2.053242236 -0.2028031395  1.40714177 0
 720  987 1150 1 M  3.365554674  0.7933110992  1.54065337 0
 721  712  377 1 M  1.142650482  0.0267888618  0.96534192 0
 722  712  377 1 F  3.043946554  0.9790796710  1.25805662 0
 723  712  377 1 F  2.026308813 -0.5391123785  1.42390339 0
 724  712  377 1 M  0.881778565 -1.0232272622  1.29715921 0
 725  712  377 1 M  1.153295313 -1.1826029484  1.40973865 0
 726  712 1222 1 F  1.347964629 -0.7965512770  1.40909582 0
 727  712 1222 1 M  1.991636864 -0.3508188116  1.40848010 0
 728  712 1222 1 M  2.561381575  0.4384731557  1.35404494 0
 729  712 1222 1 M  3.524585234  0.8435971505  1.56391984 0
 730  712 1222 1 M  1.782493875 -0.1480212988  1.21333695 0
 731  714  543 1 M -0.341481047 -0.2072604513  0.61959869 0
 732  714  543 1 M  0.293114899 -0.3603125215  0.86667056 0
 733  714  543 1 M  1.357365453  0.4777344557  0.97827451 0
 734  714  543 1 F -0.161290847 -1.0164406799  0.94934828 0
 735  714  543 1 F -0.053886034 -0.8842795777  0.94263388 0
 736  714  495 1 M  0.396402171 -0.8765312760  1.08102683 0
 737  714  495 1 F  0.902296880 -0.5376446797  1.15037716 0
 738  714  495 1 M  2.650757106  1.5339317934  1.12310603 0
 739  714  495 1 F -0.100823785 -0.1270877971  0.74394146 0
 740  714  495 1 F  0.591055518  0.5356418143  0.65801594 0
 741 1054 1183 1 M  1.846205380 -0.1874542165  1.19822767 0
 742 1054 1183 1 M -0.032998099 -1.4673257686  1.12332967 0
 743 1054 1183 1 F  0.654848427 -1.0918995514  1.17076895 0
 744 1054 1183 1 F  2.194621625  0.2525982908  1.21766304 0
 745 1054 1183 1 F  3.014347224  0.5427936790  1.33772823 0
 746 1054 1235 1 F  0.277033557  0.9745231026  0.27449426 0
 747 1054 1235 1 M -0.343207446  0.4767898387  0.24637885 0
 748 1054 1235 1 M -0.316216569  1.1008514449  0.04441697 0
 749 1054 1235 1 F -0.284722800  1.1881234657  0.09693967 0
 750 1054 1235 1 M -0.235236348  0.0895906998  0.46125076 0
 751  780 1166 1 M  1.330405329 -0.4847560627  1.35832471 0
 752  780 1166 1 F  0.509031546 -0.7023193731  1.07664269 0
 753  780 1166 1 F  1.615422735 -0.9813711228  1.49407700 0
 754  780 1166 1 M  1.400917684 -0.9171557134  1.37865802 0
 755  780 1166 1 F  0.260143271 -1.1594854376  1.12452513 0
 756  780  548 1 F  0.491646202  0.0574253880  0.86574106 0
 757  780  548 1 F  0.927903635  0.2409875259  0.92527148 0
 758  780  548 1 F  0.566688127 -0.2037243912  0.91457726 0
 759  780  548 1 M -0.280323306 -1.0177158487  1.00138550 0
 760  780  548 1 M  1.513675839  0.6113616663  0.98759055 0
 761  331 1063 1 F  0.756803065 -0.5000649450  1.02865264 0
 762  331 1063 1 F  0.939598259 -0.1869670672  1.13115056 0
 763  331 1063 1 M  1.222678415 -0.6473357150  1.27312991 0
 764  331 1063 1 F  1.778616620 -0.3548061225  1.27760940 0
 765  331 1063 1 F  2.134546894  0.0903915263  1.34495652 0
 766  331  339 1 F  3.713003258  0.7964199314  1.52156060 0
 767  331  339 1 M  2.151416197 -0.0378233767  1.32861449 0
 768  331  339 1 M  2.934027303 -0.3242942072  1.59396613 0
 769  331  339 1 F  3.290269878  0.7614839898  1.52929202 0
 770  331  339 1 M  2.288938559 -0.3752155293  1.42697661 0
 771 1032 1254 1 F  1.175753111  0.1505872896  1.18129311 0
 772 1032 1254 1 F  1.607391284  0.3228817773  1.12499927 0
 773 1032 1254 1 M  1.133743491 -0.0081195062  1.29420729 0
 774 1032 1254 1 M  1.275306761  0.1344339706  1.10407817 0
 775 1032 1254 1 F  1.965199181  0.4273486020  1.20389803 0
 776 1032  329 1 M  2.249821112  0.4435262393  1.41015301 0
 777 1032  329 1 M  2.389035626  0.4414602061  1.41641048 0
 778 1032  329 1 F  1.300801017 -0.6427842793  1.44154148 0
 779 1032  329 1 F  2.286999382  0.2464649976  1.44042240 0
 780 1032  329 1 M  2.008565105  0.0854906808  1.39792748 0
 781  867  897 1 F  2.507501975  0.1696527231  1.40066028 0
 782  867  897 1 F  1.922227723 -0.4099721413  1.40970856 0
 783  867  897 1 M  0.750710992 -0.4418724747  0.97459245 0
 784  867  897 1 M  1.396762717 -0.7470836154  1.37051475 0
 785  867  897 1 M  0.274664069 -0.9151519106  0.99009889 0
 786  867 1105 1 M  1.372349317  0.0135299835  1.04207812 0
 787  867 1105 1 F  1.723260347  0.6609756370  1.04274390 0
 788  867 1105 1 M  1.399704436  0.3525499321  0.89404903 0
 789  867 1105 1 M -0.258258414 -0.0176347416  0.52761429 0
 790  867 1105 1 F  2.705460071  0.8400143277  1.27191240 0
 791 1239  952 1 M  2.024717530 -0.0932432261  1.35441520 0
 792 1239  952 1 F  0.138021008 -1.3972354990  1.11592018 0
 793 1239  952 1 M  1.702680910  0.4842398203  1.10722305 0
 794 1239  952 1 M  1.063518989 -0.7668879220  1.21701582 0
 795 1239  952 1 M  3.027246940  1.6447501120  1.12304472 0
 796 1239  637 1 F  0.231905566 -0.8432045440  0.96088649 0
 797 1239  637 1 F  1.470150836  0.0236273943  1.20429096 0
 798 1239  637 1 M  0.205534855 -0.3596581172  0.84016675 0
 799 1239  637 1 M  1.550945454  0.2392322416  1.06281183 0
 800 1239  637 1 F  1.487043902 -0.1083263145  1.08248615 0
 801 1131  353 1 M  2.270415612  0.2272919613  1.36313569 0
 802 1131  353 1 M -0.846785884 -1.2489162062  0.76223460 0
 803 1131  353 1 F  1.165297748 -0.6464120201  1.23358731 0
 804 1131  353 1 M  1.237058807  0.5969416754  0.77373035 0
 805 1131  353 1 F  1.275721186 -0.1690056345  1.12875635 0
 806 1131  360 1 M  0.974292807 -0.7291747343  1.09802724 0
 807 1131  360 1 F  1.157993670 -0.4212129333  1.01978707 0
 808 1131  360 1 F  1.903226208 -0.4014587482  1.23748941 0
 809 1131  360 1 M  1.102738789 -0.3456846086  0.98361500 0
 810 1131  360 1 M  2.004007101  0.3507156016  1.23000432 0
 811  318 1220 1 F  1.513484368  0.2853975320  0.96828968 0
 812  318 1220 1 F  0.180485829 -1.2738524190  1.07476952 0
 813  318 1220 1 M  2.200548142  0.8878902268  1.00697224 0
 814  318 1220 1 F  1.363331427  0.3251810620  0.98610864 0
 815  318 1220 1 F  2.062438277  0.1419417179  1.24231098 0
 816  318  587 1 M  1.823496997  0.5608745805  1.26174373 0
 817  318  587 1 M  1.524350435  0.1749438391  1.10116602 0
 818  318  587 1 M  2.249649219  0.5618294652  1.19332989 0
 819  318  587 1 F  2.686315693  1.0432591347  1.22238914 0
 820  318  587 1 F  1.587048843 -0.0944396518  1.24240776 0
 821  666 1281 1 M  1.271849316  0.6251687877  0.98788323 0
 822  666 1281 1 M  1.637747004  0.8011026892  0.99541751 0
 823  666 1281 1 M  1.665723428 -0.1100716847  1.20301098 0
 824  666 1281 1 F  0.875908636 -0.0944917105  1.09743788 0
 825  666 1281 1 F  1.291520377  0.2898149520  1.01253297 0
 826  666  981 1 F  3.148810325  0.7432955477  1.42195612 0
 827  666  981 1 M  2.422865957  0.6196825478  1.14578046 0
 828  666  981 1 M  1.368332523  0.0109495843  1.08598688 0
 829  666  981 1 M  1.784892552 -0.3484789278  1.31130084 0
 830  666  981 1 F  0.567938509 -0.2903198448  0.85526319 0
 831 1053  395 1 M  1.100077185  0.2397826062  0.99265509 0
 832 1053  395 1 M  2.549387917  0.3448460457  1.30765963 0
 833 1053  395 1 M  2.918823723  0.6810911898  1.25274920 0
 834 1053  395 1 F  0.178442976 -0.9254400595  0.96548484 0
 835 1053  395 1 F  0.673546521 -0.3401778821  0.92325782 0
 836 1053  672 1 F  0.141467026 -1.0132420684  1.13458172 0
 837 1053  672 1 F  1.837686817  0.8598823046  1.08797923 0
 838 1053  672 1 F  1.282129018 -0.0740108500  1.18966748 0
 839 1053  672 1 F  0.806190723 -0.5876394031  1.03434194 0
 840 1053  672 1 M  1.283233984 -0.1093815151  1.10039398 0
 841 1143 1034 1 M  2.216119543  0.3276016955  1.19491117 0
 842 1143 1034 1 M  3.843321288  1.6961321878  1.36149379 0
 843 1143 1034 1 F  2.047406654 -0.8424158956  1.54320599 0
 844 1143 1034 1 F  1.111442017 -0.3027087950  1.20759454 0
 845 1143 1034 1 M  2.470245464 -0.0311015632  1.50984240 0
 846 1143 1244 1 F  1.604474547  0.3280686885  1.07626495 0
 847 1143 1244 1 F  0.751963010 -0.4492876148  1.07327280 0
 848 1143 1244 1 M -0.097436325 -1.3083969113  1.00319754 0
 849 1143 1244 1 M  1.682158970  0.7818466754  0.90766774 0
 850 1143 1244 1 M  1.490050257  0.8452506542  0.86440664 0
 851  419  498 1 M  2.602979183 -0.1014260472  1.62960974 0
 852  419  498 1 F  2.681606203  0.6379756547  1.31280935 0
 853  419  498 1 M  2.802570769  0.8138213369  1.29189267 0
 854  419  498 1 F  1.277723380  0.0506309234  1.12069248 0
 855  419  498 1 F  1.075372570 -0.2314485687  1.09453280 0
 856  419  997 1 M  1.175291618  0.3288769224  0.94600376 0
 857  419  997 1 F  1.682064540 -0.7160197076  1.35705812 0
 858  419  997 1 M  1.012473250 -1.0733928968  1.36376502 0
 859  419  997 1 M  1.918387945  0.8685301070  1.11541026 0
 860  419  997 1 F  0.117085273 -1.8917718669  1.29768611 0
 861 1088 1042 1 F  1.173974794 -0.4345021100  1.34055980 0
 862 1088 1042 1 F  2.738104255  0.0891059067  1.57992940 0
 863 1088 1042 1 M  0.867001694 -0.1901107311  1.04140909 0
 864 1088 1042 1 M  2.069172588  0.1126490798  1.40231238 0
 865 1088 1042 1 F  0.199910729 -1.5318533851  1.25926837 0
 866 1088  481 1 F  2.899134932  0.1987230698  1.56394936 0
 867 1088  481 1 F  1.553090458 -0.5738591271  1.51690677 0
 868 1088  481 1 M  1.787862776 -0.6216791998  1.51811539 0
 869 1088  481 1 M  2.256442279  0.4711347944  1.22652213 0
 870 1088  481 1 F  2.769288680  0.7023443250  1.41062968 0
 871  683 1257 1 M  1.923323458  0.6579341209  1.16262650 0
 872  683 1257 1 M  0.480387283 -0.5713360473  1.04565345 0
 873  683 1257 1 M  1.535781568 -0.0066194574  1.18005665 0
 874  683 1257 1 F -0.202401370 -1.0459783495  0.97233440 0
 875  683 1257 1 F  2.272000076  0.9478266716  1.14416307 0
 876  683  428 1 F  1.888523880  0.0935997619  1.15306122 0
 877  683  428 1 F  2.867517269  0.8894950920  1.20114240 0
 878  683  428 1 F  1.493416415  0.4314650261  1.00455858 0
 879  683  428 1 F  1.763935258 -0.3308598534  1.31542540 0
 880  683  428 1 F  1.412255934  0.6835481307  0.79994052 0
 881  385  450 1 M  2.530242133  0.6520858392  1.28564407 0
 882  385  450 1 F  1.624941857  0.2504309100  1.24151379 0
 883  385  450 1 F -0.017821279 -0.4368592575  0.98180556 0
 884  385  450 1 F  0.495757893 -1.0792075055  1.33773864 0
 885  385  450 1 M  3.440801277  1.4617370733  1.30559942 0
 886  385  664 1 F  1.800552990  0.4732244280  1.06651603 0
 887  385  664 1 M  1.055755041 -0.0687876756  0.98648301 0
 888  385  664 1 M  1.033645206 -0.7742634422  1.21814737 0
 889  385  664 1 F  1.070068908  0.5276773484  0.91231621 0
 890  385  664 1 F  2.429774304 -0.0371409462  1.46775334 0
 891  948 1104 1 F  0.609962250 -0.1777998126  0.85139439 0
 892  948 1104 1 M  1.269473279  0.5798511024  0.86357745 0
 893  948 1104 1 F  0.690825962  0.4137095197  0.70741445 0
 894  948 1104 1 F -0.415827024 -1.1132882655  0.81594006 0
 895  948 1104 1 F  1.063448400  0.4045342862  0.77385361 0
 896  948  554 1 F  2.041310634  1.2325570739  0.89063415 0
 897  948  554 1 M  0.366715440 -0.3503429388  0.85853744 0
 898  948  554 1 F  1.085035667  0.4727372546  0.74373578 0
 899  948  554 1 M -0.296778384 -1.2610198594  0.90831940 0
 900  948  554 1 F  2.050356143  1.0216230708  0.93546350 0
 901 1132  479 1 F  0.486894773 -1.0433400854  1.21003472 0
 902 1132  479 1 F  1.177671502 -0.6524366127  1.23662392 0
 903 1132  479 1 F  2.504732294  0.7622628488  1.30456903 0
 904 1132  479 1 M  2.317805912  0.6022038935  1.31385686 0
 905 1132  479 1 F  2.123841566  0.2312244513  1.20478920 0
 906 1132  687 1 F  2.460374382  0.2181196564  1.35657278 0
 907 1132  687 1 M  2.620619056  0.1653351821  1.57688708 0
 908 1132  687 1 F  0.957604540 -1.4219064402  1.52254358 0
 909 1132  687 1 M  2.224876558 -0.1257334491  1.52664293 0
 910 1132  687 1 M  2.052759216 -0.1374788923  1.42578081 0
 911  344 1110 1 M  1.832199777  0.5851522689  1.15776524 0
 912  344 1110 1 F  1.458430108  0.2934338192  1.09087282 0
 913  344 1110 1 M  1.428770427  0.1886864490  1.12187077 0
 914  344 1110 1 M  1.627931365 -0.7197840366  1.40825968 0
 915  344 1110 1 M  1.559411719  0.4467861451  0.98928533 0
 916  344  668 1 F  0.575422328 -0.0686516195  0.80019692 0
 917  344  668 1 M  0.578711546 -0.7167881283  1.12509612 0
 918  344  668 1 M  0.377500650 -0.1825963060  0.95158532 0
 919  344  668 1 F -0.777862116 -1.4372793326  0.84836185 0
 920  344  668 1 F  0.843574600  0.2965180356  0.82894714 0
 921  889  778 1 M  0.561961402 -0.7470997598  1.10049376 0
 922  889  778 1 M  1.055520867  0.0948144397  1.02271656 0
 923  889  778 1 M  2.266173490  1.6013050795  0.89595902 0
 924  889  778 1 F  2.057699203  0.1899177980  1.22212835 0
 925  889  778 1 F  0.385794103 -1.1376922131  1.07461585 0
 926  889  960 1 F  2.959535429  1.4522745870  1.20398111 0
 927  889  960 1 M  1.562401507 -0.7725007620  1.49111673 0
 928  889  960 1 F  1.947158206  0.0276083681  1.20579915 0
 929  889  960 1 M  1.678364590 -0.3283103670  1.33795633 0
 930  889  960 1 M  3.260848035  0.3754084468  1.56475829 0
 931 1145  853 1 F  0.635301666 -0.2271321225  1.01089324 0
 932 1145  853 1 M  0.650472506 -0.1275139090  0.90515826 0
 933 1145  853 1 F  2.847340813  0.7134521393  1.34739730 0
 934 1145  853 1 M  0.930918246  0.0804442245  0.91883207 0
 935 1145  853 1 F  1.376570587  0.3569502693  1.06251689 0
 936 1145  813 1 F  1.676439187 -0.0235011082  1.18918077 0
 937 1145  813 1 F  3.027567180  1.3114161736  1.28432226 0
 938 1145  813 1 F  0.659194493 -0.1538854708  0.97098896 0
 939 1145  813 1 F  1.545897114 -0.6799513579  1.34407657 0
 940 1145  813 1 F  1.433752416  0.2025445995  1.04230176 0
 941 1058  684 1 F  2.413919446 -0.0028557672  1.38225156 0
 942 1058  684 1 M  1.855397265 -0.3960487710  1.39039145 0
 943 1058  684 1 M  1.006470792 -1.0509166506  1.29461949 0
 944 1058  684 1 F  2.820660524  0.7113803570  1.23892929 0
 945 1058  684 1 M  1.094926160 -1.0357054655  1.32990183 0
 946 1058 1069 1 M  0.423125246 -0.4434839328  0.98551428 0
 947 1058 1069 1 M  0.694457747 -0.0380714035  0.89325488 0
 948 1058 1069 1 M  0.860007694  0.3167143895  0.77082028 0
 949 1058 1069 1 F  1.744528845  0.5735454541  1.04442459 0
 950 1058 1069 1 F  2.228766400  1.4993047892  0.87860087 0
 951  477  769 1 F  0.917133315  0.0584723632  0.98297645 0
 952  477  769 1 M  0.613830044  0.0519741074  0.84663577 0
 953  477  769 1 M  1.563770581  0.5676968630  1.00703898 0
 954  477  769 1 M  0.883327196  0.1719315751  0.78589822 0
 955  477  769 1 F  0.455079781 -0.3754616002  0.99436823 0
 956  477  398 1 M  1.356030369  0.4673713294  1.01874435 0
 957  477  398 1 F  0.371579718  0.1082477716  0.82167268 0
 958  477  398 1 M  0.150420936 -0.5580064117  0.88079431 0
 959  477  398 1 F  0.601943817  0.3934460483  0.79710393 0
 960  477  398 1 M  2.406612180  1.1103415829  1.04308253 0
 961  950  844 1 M  1.660505253  0.0395361931  1.26762696 0
 962  950  844 1 F  2.832532787  0.1426958481  1.49613395 0
 963  950  844 1 F  1.743512446  0.2988095468  1.17247622 0
 964  950  844 1 M  0.508319352 -0.7698181154  1.14266429 0
 965  950  844 1 F  1.795415667  0.0808056920  1.13218373 0
 966  950 1106 1 M  1.551378305  0.3714711462  1.05705800 0
 967  950 1106 1 F  1.798299813 -0.4543438194  1.34714945 0
 968  950 1106 1 M  1.972105655  0.5979886834  1.17271988 0
 969  950 1106 1 M  2.156392677  0.7700181406  1.13800064 0
 970  950 1106 1 M  0.641122577 -0.2731493041  0.98515602 0
 971 1084  743 1 F  1.674238476  0.6322350266  0.96167144 0
 972 1084  743 1 F  0.983647758 -0.7356276163  1.10597109 0
 973 1084  743 1 M  0.444110118 -0.5910988368  0.89932518 0
 974 1084  743 1 F  1.769894616  0.0809046957  1.08663596 0
 975 1084  743 1 F  1.089491174  0.1950737749  0.86822827 0
 976 1084 1181 1 F  1.829943186  0.2105936919  1.12140185 0
 977 1084 1181 1 M  3.054485645  0.9484824242  1.26511000 0
 978 1084 1181 1 M  1.248654683 -0.5038415546  1.06172526 0
 979 1084 1181 1 F  1.233909469 -0.9213699595  1.31789271 0
 980 1084 1181 1 F  1.050124274 -1.3003256140  1.33371044 0
 981 1015  365 1 M  0.633429100  0.2273228524  0.96757268 0
 982 1015  365 1 M  0.120318609 -1.0348610650  1.06176769 0
 983 1015  365 1 M  1.057460320 -0.0733197723  1.06229301 0
 984 1015  365 1 M  1.033195434  0.1061833034  0.99414781 0
 985 1015  365 1 M  1.398466251 -0.2729189165  1.15772118 0
 986 1015  954 1 M  0.578530485 -0.4151938573  0.95640184 0
 987 1015  954 1 F  0.286193251 -0.3763160979  0.84699680 0
 988 1015  954 1 M  1.587445893  0.3062048714  1.06426505 0
 989 1015  954 1 M  2.178240098  0.5625200521  1.20525761 0
 990 1015  954 1 M  0.567787696 -0.2017473701  0.98612976 0
 991 1140  891 1 M  0.215027891 -0.5972189745  0.97567315 0
 992 1140  891 1 F  0.780255326 -0.7006668573  1.08741164 0
 993 1140  891 1 M  1.032258274 -0.0871814317  1.15760878 0
 994 1140  891 1 M  2.728055108  0.8448390437  1.19440715 0
 995 1140  891 1 M  0.493713129 -0.0123966147  0.85667711 0
 996 1140 1211 1 M  1.194163211  0.2045355784  0.87920174 0
 997 1140 1211 1 M  1.101381762 -0.0783114224  0.89096812 0
 998 1140 1211 1 M  2.039737657  0.1983549788  1.26016958 0
 999 1140 1211 1 M  1.820468027  0.1281305518  1.25415435 0
1000 1140 1211 1 F  0.304352962 -0.4408217607  0.97874944 0
