ID Generation Chr Freq.Allele1 Freq.Allele2
   M1 3 1 0.2520 0.747999996
   M2 3 1 0.2400 0.760000005
   M3 3 1 0.8120 0.188000023
   M4 3 1 0.7535 0.246500015
   M5 3 1 0.0690 0.931000002
   M6 3 1 0.5895 0.410499990
   M7 3 1 0.4745 0.525500000
   M8 3 1 0.4930 0.506999999
   M9 3 1 0.2575 0.742500007
  M10 3 1 0.7565 0.243499994
  M11 3 1 0.6180 0.382000029
  M12 3 1 0.7545 0.245500028
  M13 3 1 0.9630 0.037000000
  M14 3 1 0.8520 0.148000002
  M15 3 1 0.7600 0.240000010
  M16 3 1 0.7090 0.291000009
  M17 3 1 0.3275 0.672500014
  M18 3 1 0.5360 0.463999987
  M19 3 1 0.4140 0.585999995
  M20 3 1 0.9370 0.063000023
  M21 3 1 0.6585 0.341499984
  M22 3 1 0.4820 0.518000007
  M23 3 1 0.6155 0.384500027
  M24 3 1 0.0730 0.927000001
  M25 3 1 0.7810 0.218999982
  M26 3 1 0.5325 0.467499971
  M27 3 1 0.4295 0.570499986
  M28 3 1 0.6470 0.352999985
  M29 3 1 0.4350 0.564999998
  M30 3 1 0.6745 0.325500011
  M31 3 1 0.0355 0.964499999
  M32 3 1 0.2830 0.717000008
  M33 3 1 0.8125 0.187500000
  M34 3 1 0.3565 0.643500000
  M35 3 1 0.6890 0.310999990
  M36 3 1 0.5410 0.458999991
  M37 3 1 0.7560 0.244000018
  M38 3 1 0.2670 0.733000010
  M39 3 1 0.4100 0.590000004
  M40 3 1 0.7455 0.254499972
  M41 3 1 0.7040 0.296000004
  M42 3 1 0.4935 0.506500006
  M43 3 1 0.8150 0.185000002
  M44 3 1 0.6955 0.304499984
  M45 3 1 0.6440 0.356000006
  M46 3 1 0.0605 0.939500000
  M47 3 1 0.2265 0.773499995
  M48 3 1 0.4830 0.516999990
  M49 3 1 0.2455 0.754500002
  M50 3 1 0.5060 0.494000018
  M51 3 1 0.3185 0.681499988
  M52 3 1 0.7325 0.267499983
  M53 3 1 0.3550 0.645000011
  M54 3 1 0.5945 0.405499995
  M55 3 1 0.1435 0.856500000
  M56 3 1 0.3005 0.699499995
  M57 3 1 0.5530 0.447000027
  M58 3 1 0.4620 0.537999988
  M59 3 1 0.7635 0.236500025
  M60 3 1 0.5690 0.430999994
  M61 3 1 0.6975 0.302500010
  M62 3 1 0.3915 0.608500004
  M63 3 1 0.4385 0.561500013
  M64 3 1 0.4370 0.562999994
  M65 3 1 0.9145 0.085500002
  M66 3 1 0.6285 0.371500015
  M67 3 1 0.2825 0.717500001
  M68 3 1 0.5650 0.435000002
  M69 3 1 0.7140 0.286000013
  M70 3 1 0.2400 0.760000005
  M71 3 1 0.6855 0.314499974
  M72 3 1 0.4375 0.562500000
  M73 3 1 0.6450 0.355000019
  M74 3 1 0.5665 0.433499992
  M75 3 1 0.6545 0.345499992
  M76 3 1 0.4535 0.546499997
  M77 3 1 0.6100 0.389999986
  M78 3 1 0.3900 0.610000014
  M79 3 1 0.3460 0.654000014
  M80 3 1 0.2470 0.753000006
  M81 3 1 0.7785 0.221499979
  M82 3 1 0.3875 0.612500012
  M83 3 1 0.3920 0.608000010
  M84 3 1 0.1295 0.870499998
  M85 3 1 0.0955 0.904500000
  M86 3 1 0.6595 0.340499997
  M87 3 1 0.6420 0.357999980
  M88 3 1 0.1685 0.831499994
  M89 3 1 0.5785 0.421500027
  M90 3 1 0.8170 0.183000028
  M91 3 1 0.9340 0.065999985
  M92 3 1 0.8280 0.171999991
  M93 3 1 0.0440 0.956000000
  M94 3 1 0.3400 0.659999996
  M95 3 1 0.2660 0.733999997
  M96 3 1 0.6015 0.398500025
  M97 3 1 0.7720 0.227999985
  M98 3 1 0.5345 0.465499997
  M99 3 1 0.8245 0.175499976
 M100 3 1 0.6570 0.342999995
 M101 3 1 0.2675 0.732499987
 M102 3 1 0.0725 0.927500002
 M103 3 1 0.0560 0.943999998
 M104 3 1 0.6735 0.326499999
 M105 3 1 0.6825 0.317499995
 M106 3 1 0.8400 0.160000026
 M107 3 1 0.4865 0.513500005
 M108 3 1 0.6350 0.365000010
 M109 3 1 0.4255 0.574499995
 M110 3 1 0.2850 0.715000004
 M111 3 1 0.8485 0.151499987
 M112 3 1 0.3375 0.662499994
 M113 3 1 0.5860 0.413999975
 M114 3 1 0.6820 0.318000019
 M115 3 1 0.7895 0.210500002
 M116 3 1 0.2670 0.733000010
 M117 3 1 0.2255 0.774499997
 M118 3 1 0.7105 0.289499998
 M119 3 1 0.4320 0.567999989
 M120 3 1 0.0815 0.918499999
 M121 3 1 0.5055 0.494499981
 M122 3 1 0.2240 0.775999993
 M123 3 1 0.6800 0.319999993
 M124 3 1 0.7745 0.225499988
 M125 3 1 0.8885 0.111500025
 M126 3 1 0.5065 0.493499994
 M127 3 1 0.8960 0.103999972
 M128 3 1 0.4140 0.585999995
 M129 3 1 0.3830 0.617000014
 M130 3 1 0.5515 0.448499978
 M131 3 1 0.5320 0.467999995
 M132 3 1 0.7210 0.278999984
 M133 3 1 0.7365 0.263499975
 M134 3 1 0.4220 0.578000009
 M135 3 1 0.4075 0.592500001
 M136 3 1 0.1070 0.892999999
 M137 3 1 0.7650 0.235000014
 M138 3 1 0.7865 0.213500023
 M139 3 1 0.2090 0.790999994
 M140 3 1 0.5525 0.447499990
 M141 3 1 0.2540 0.745999992
 M142 3 1 0.2270 0.773000002
 M143 3 1 0.4090 0.590999991
 M144 3 1 0.4375 0.562500000
 M145 3 1 0.6750 0.324999988
 M146 3 1 0.3430 0.657000005
 M147 3 1 0.9095 0.090499997
 M148 3 1 0.4620 0.537999988
 M149 3 1 0.2460 0.753999993
 M150 3 1 0.3000 0.699999988
 M151 3 1 0.1330 0.866999999
 M152 3 1 0.0915 0.908500001
 M153 3 1 0.6055 0.394500017
 M154 3 1 0.3520 0.648000002
 M155 3 1 0.2300 0.769999996
 M156 3 1 0.3320 0.668000013
 M157 3 1 0.7365 0.263499975
 M158 3 1 0.6095 0.390500009
 M159 3 1 0.7400 0.259999990
 M160 3 1 0.3455 0.654500008
 M161 3 1 0.8475 0.152499974
 M162 3 1 0.6235 0.376500010
 M163 3 1 0.6640 0.336000025
 M164 3 1 0.8405 0.159500003
 M165 3 1 0.3530 0.647000015
 M166 3 1 0.2205 0.779499993
 M167 3 1 0.0380 0.962000001
 M168 3 1 0.3700 0.629999995
 M169 3 1 0.6525 0.347500026
 M170 3 1 0.5250 0.475000024
 M171 3 1 0.5715 0.428499997
 M172 3 1 0.0365 0.963500001
 M173 3 1 0.1445 0.855499998
 M174 3 1 0.8200 0.180000007
 M175 3 1 0.4445 0.555500001
 M176 3 1 0.5130 0.486999989
 M177 3 1 0.3895 0.610500008
 M178 3 1 0.8470 0.152999997
 M179 3 1 0.9110 0.088999987
 M180 3 1 0.1605 0.839499995
 M181 3 1 0.5315 0.468500018
 M182 3 1 0.5995 0.400500000
 M183 3 1 0.7155 0.284500003
 M184 3 1 0.4305 0.569499999
 M185 3 1 0.5945 0.405499995
 M186 3 1 0.7205 0.279500008
 M187 3 1 0.7360 0.263999999
 M188 3 1 0.1430 0.856999993
 M189 3 1 0.2750 0.724999994
 M190 3 1 0.8380 0.162000000
 M191 3 1 0.5485 0.451499999
 M192 3 1 0.1175 0.882500000
 M193 3 1 0.6695 0.330500007
 M194 3 1 0.8280 0.171999991
 M195 3 1 0.2790 0.720999986
 M196 3 1 0.8600 0.139999986
 M197 3 1 0.1930 0.806999996
 M198 3 1 0.1200 0.880000003
 M199 3 1 0.1445 0.855499998
 M200 3 1 0.8915 0.108500004
 M201 3 1 0.4560 0.544000000
 M202 3 1 0.7185 0.281499982
 M203 3 1 0.9090 0.091000021
 M204 3 1 0.7085 0.291499972
 M205 3 1 0.7635 0.236500025
 M206 3 1 0.3150 0.685000002
 M207 3 1 0.2190 0.781000003
 M208 3 1 0.4420 0.557999998
 M209 3 1 0.4275 0.572499990
 M210 3 1 0.5145 0.485499978
 M211 3 1 0.4275 0.572499990
 M212 3 1 0.2505 0.749500006
 M213 3 1 0.2510 0.749000013
 M214 3 1 0.5390 0.461000025
 M215 3 1 0.8395 0.160499990
 M216 3 1 0.3220 0.678000003
 M217 3 1 0.2150 0.784999996
 M218 3 1 0.8720 0.128000021
 M219 3 1 0.5450 0.454999983
 M220 3 1 0.8720 0.128000021
 M221 3 1 0.4385 0.561500013
 M222 3 1 0.7605 0.239499986
 M223 3 1 0.7050 0.295000017
 M224 3 1 0.7025 0.297500014
 M225 3 1 0.8830 0.116999984
 M226 3 1 0.7935 0.206499994
 M227 3 1 0.6055 0.394500017
 M228 3 1 0.8990 0.101000011
 M229 3 1 0.6625 0.337499976
 M230 3 1 0.6540 0.346000016
 M231 3 1 0.3410 0.659000009
 M232 3 1 0.3100 0.689999998
 M233 3 1 0.1685 0.831499994
 M234 3 1 0.1195 0.880500004
 M235 3 1 0.5360 0.463999987
 M236 3 1 0.6490 0.351000011
 M237 3 1 0.9795 0.020500004
 M238 3 1 0.4135 0.586499989
 M239 3 1 0.0000 1.000000000
 M240 3 1 0.8900 0.110000014
 M241 3 1 0.5885 0.411499977
 M242 3 1 0.9135 0.086499989
 M243 3 1 0.4585 0.541500002
 M244 3 1 0.5290 0.471000016
 M245 3 1 0.2205 0.779499993
 M246 3 1 0.4025 0.597499996
 M247 3 1 0.1280 0.871999994
 M248 3 1 0.7700 0.230000019
 M249 3 1 0.9410 0.059000015
 M250 3 1 0.3915 0.608500004
 M251 3 1 0.7735 0.226499975
 M252 3 1 0.6095 0.390500009
 M253 3 1 0.5045 0.495500028
 M254 3 1 0.7605 0.239499986
 M255 3 1 0.0305 0.969500000
 M256 3 1 0.6875 0.312500000
 M257 3 1 0.4570 0.543000013
 M258 3 1 0.5320 0.467999995
 M259 3 1 0.3535 0.646499991
 M260 3 1 0.4100 0.590000004
 M261 3 1 0.2730 0.726999998
 M262 3 1 0.8540 0.146000028
 M263 3 1 0.3720 0.627999991
 M264 3 1 0.7035 0.296500027
 M265 3 1 0.2630 0.736999989
 M266 3 1 0.1530 0.847000003
 M267 3 1 0.1975 0.802499995
 M268 3 1 0.8110 0.189000010
 M269 3 1 0.6125 0.387499988
 M270 3 1 0.0485 0.951499999
 M271 3 1 0.0640 0.935999997
 M272 3 1 0.4920 0.507999986
 M273 3 1 0.5470 0.453000009
 M274 3 1 0.4340 0.566000015
 M275 3 1 0.9460 0.054000020
 M276 3 1 0.0000 1.000000000
 M277 3 1 0.7680 0.231999993
 M278 3 1 0.6255 0.374499977
 M279 3 1 0.3900 0.610000014
 M280 3 1 0.8345 0.165499985
 M281 3 1 0.4545 0.545500010
 M282 3 1 0.6615 0.338500023
 M283 3 1 0.6620 0.338000000
 M284 3 1 0.4145 0.585500002
 M285 3 1 0.7800 0.220000029
 M286 3 1 0.8680 0.132000029
 M287 3 1 0.3125 0.687500000
 M288 3 1 0.5415 0.458500028
 M289 3 1 0.3205 0.679500014
 M290 3 1 0.0375 0.962499999
 M291 3 1 0.2100 0.790000007
 M292 3 1 0.6235 0.376500010
 M293 3 1 0.3285 0.671499997
 M294 3 1 0.6255 0.374499977
 M295 3 1 0.9770 0.023000002
 M296 3 1 0.7130 0.287000000
 M297 3 1 0.5770 0.422999978
 M298 3 1 0.8705 0.129499972
 M299 3 1 0.8325 0.167500019
 M300 3 1 0.1260 0.873999998
 M301 3 1 0.1310 0.869000003
 M302 3 1 0.4995 0.500499994
 M303 3 1 0.3685 0.631500006
 M304 3 1 0.3655 0.634499997
 M305 3 1 0.2690 0.731000006
 M306 3 1 0.9140 0.086000025
 M307 3 1 0.0985 0.901500002
 M308 3 1 0.7090 0.291000009
 M309 3 1 0.1675 0.832499996
 M310 3 1 0.7960 0.203999996
 M311 3 1 0.9155 0.084500015
 M312 3 1 0.2400 0.760000005
 M313 3 1 0.3460 0.654000014
 M314 3 1 0.5270 0.472999990
 M315 3 1 1.0000 0.000000000
 M316 3 1 0.1615 0.838499993
 M317 3 1 0.0355 0.964499999
 M318 3 1 0.1910 0.809000000
 M319 3 1 0.2120 0.788000003
 M320 3 1 0.4790 0.520999998
 M321 3 1 0.2100 0.790000007
 M322 3 1 0.6280 0.371999979
 M323 3 1 0.6105 0.389500022
 M324 3 1 0.6155 0.384500027
 M325 3 1 0.6855 0.314499974
 M326 3 1 0.3010 0.699000001
 M327 3 1 0.4220 0.578000009
 M328 3 1 0.5015 0.498499990
 M329 3 1 0.3290 0.671000004
 M330 3 1 0.2430 0.756999999
 M331 3 1 0.5780 0.421999991
 M332 3 1 0.6135 0.386500001
 M333 3 1 0.3695 0.630499989
 M334 3 1 0.6810 0.319000006
 M335 3 1 0.6940 0.305999994
 M336 3 1 0.3210 0.678999990
 M337 3 1 0.6940 0.305999994
 M338 3 1 0.5415 0.458500028
 M339 3 1 0.6790 0.320999980
 M340 3 1 0.4690 0.530999988
 M341 3 1 0.4915 0.508500010
 M342 3 1 0.5260 0.473999977
 M343 3 1 0.6800 0.319999993
 M344 3 1 0.3395 0.660499990
 M345 3 1 0.4510 0.548999995
 M346 3 1 0.7755 0.224500000
 M347 3 1 0.4970 0.502999991
 M348 3 1 0.9595 0.040499985
 M349 3 1 0.4865 0.513500005
 M350 3 1 0.3875 0.612500012
 M351 3 1 0.2695 0.730500013
 M352 3 1 0.2825 0.717500001
 M353 3 1 0.7515 0.248499990
 M354 3 1 0.3810 0.618999988
 M355 3 1 0.6780 0.322000027
 M356 3 1 0.4140 0.585999995
 M357 3 1 0.2130 0.787000000
 M358 3 1 0.3855 0.614499986
 M359 3 1 0.7925 0.207499981
 M360 3 1 0.1920 0.807999998
 M361 3 1 0.2255 0.774499997
 M362 3 1 0.7645 0.235499978
 M363 3 1 0.6400 0.360000014
 M364 3 1 0.7280 0.272000015
 M365 3 1 0.7025 0.297500014
 M366 3 1 0.6090 0.390999973
 M367 3 1 0.3205 0.679500014
 M368 3 1 0.5050 0.495000005
 M369 3 1 0.3095 0.690499991
 M370 3 1 0.0815 0.918499999
 M371 3 1 0.9495 0.050499976
 M372 3 1 0.2265 0.773499995
 M373 3 1 0.3885 0.611499995
 M374 3 1 0.4230 0.576999992
 M375 3 1 0.8585 0.141499996
 M376 3 1 0.8875 0.112500012
 M377 3 1 0.9460 0.054000020
 M378 3 1 0.5300 0.470000029
 M379 3 1 0.2215 0.778500006
 M380 3 1 0.9835 0.016499996
 M381 3 1 0.9155 0.084500015
 M382 3 1 0.5465 0.453499973
 M383 3 1 0.1465 0.853499994
 M384 3 1 0.3075 0.692499995
 M385 3 1 0.4190 0.581000000
 M386 3 1 0.0060 0.994000000
 M387 3 1 0.7755 0.224500000
 M388 3 1 0.1830 0.817000002
 M389 3 1 0.8895 0.110499978
 M390 3 1 0.9605 0.039499998
 M391 3 1 0.0735 0.926500000
 M392 3 1 0.3665 0.633500010
 M393 3 1 0.7335 0.266499996
 M394 3 1 0.6000 0.399999976
 M395 3 1 0.9390 0.060999990
 M396 3 1 0.1190 0.880999997
 M397 3 1 0.8760 0.124000013
 M398 3 1 0.5270 0.472999990
 M399 3 1 0.4215 0.578500003
 M400 3 1 0.0835 0.916500002
 M401 3 1 0.6915 0.308499992
 M402 3 1 0.8230 0.176999986
 M403 3 1 0.6315 0.368499994
 M404 3 1 0.1930 0.806999996
 M405 3 1 0.5970 0.402999997
 M406 3 1 0.0920 0.908000000
 M407 3 1 0.8575 0.142499983
 M408 3 1 0.4725 0.527500004
 M409 3 1 0.1940 0.805999994
 M410 3 1 0.4170 0.583000004
 M411 3 1 0.0520 0.947999999
 M412 3 1 0.0150 0.985000000
 M413 3 1 0.0960 0.903999999
 M414 3 1 0.3995 0.600499988
 M415 3 1 0.1185 0.881499998
 M416 3 1 0.6365 0.363499999
 M417 3 1 0.4985 0.501500010
 M418 3 1 0.1770 0.822999999
 M419 3 1 0.7575 0.242500007
 M420 3 1 0.7550 0.245000005
 M421 3 1 0.7705 0.229499996
 M422 3 1 0.6555 0.344500005
 M423 3 1 0.3830 0.617000014
 M424 3 1 0.6950 0.305000007
 M425 3 1 0.3170 0.682999998
 M426 3 1 0.5435 0.456499994
 M427 3 1 0.5595 0.440500021
 M428 3 1 0.9105 0.089500010
 M429 3 1 0.8355 0.164499998
 M430 3 1 0.5420 0.458000004
 M431 3 1 0.4495 0.550500005
 M432 3 1 0.9320 0.068000019
 M433 3 1 0.2345 0.765499994
 M434 3 1 0.6845 0.315500021
 M435 3 1 0.3025 0.697499990
 M436 3 1 0.3675 0.632499993
 M437 3 1 0.1005 0.899499997
 M438 3 1 0.1520 0.848000005
 M439 3 1 0.2270 0.773000002
 M440 3 1 0.6805 0.319500029
 M441 3 1 0.2610 0.738999993
 M442 3 1 0.6090 0.390999973
 M443 3 1 0.4885 0.511500001
 M444 3 1 0.7200 0.279999971
 M445 3 1 0.8730 0.126999974
 M446 3 1 0.8325 0.167500019
 M447 3 1 0.8860 0.114000022
 M448 3 1 0.5390 0.461000025
 M449 3 1 0.8160 0.184000015
 M450 3 1 0.4435 0.556499988
 M451 3 1 0.0580 0.942000002
 M452 3 1 0.4385 0.561500013
 M453 3 1 0.7735 0.226499975
 M454 3 1 0.7590 0.240999997
 M455 3 2 0.4440 0.555999994
 M456 3 2 0.5470 0.453000009
 M457 3 2 0.7530 0.246999979
 M458 3 2 0.5670 0.433000028
 M459 3 2 0.1805 0.819499999
 M460 3 2 0.4835 0.516499996
 M461 3 2 0.6890 0.310999990
 M462 3 2 0.1265 0.873500004
 M463 3 2 0.7855 0.214500010
 M464 3 2 0.6365 0.363499999
 M465 3 2 0.1615 0.838499993
 M466 3 2 0.1665 0.833499998
 M467 3 2 0.5860 0.413999975
 M468 3 2 0.2585 0.741499990
 M469 3 2 0.2090 0.790999994
 M470 3 2 0.2280 0.772000000
 M471 3 2 0.6650 0.334999979
 M472 3 2 0.1555 0.844500005
 M473 3 2 0.6565 0.343500018
 M474 3 2 0.0380 0.962000001
 M475 3 2 0.7555 0.244499981
 M476 3 2 0.6015 0.398500025
 M477 3 2 0.3115 0.688499987
 M478 3 2 0.8535 0.146499991
 M479 3 2 0.8990 0.101000011
 M480 3 2 0.1435 0.856500000
 M481 3 2 0.3880 0.611999989
 M482 3 2 0.8295 0.170499980
 M483 3 2 0.9080 0.092000008
 M484 3 2 0.6280 0.371999979
 M485 3 2 0.6365 0.363499999
 M486 3 2 0.4220 0.578000009
 M487 3 2 0.6790 0.320999980
 M488 3 2 0.4625 0.537499994
 M489 3 2 0.2270 0.773000002
 M490 3 2 0.1300 0.870000005
 M491 3 2 0.2925 0.707500011
 M492 3 2 0.9520 0.047999978
 M493 3 2 0.9570 0.042999983
 M494 3 2 0.5715 0.428499997
 M495 3 2 0.4550 0.544999987
 M496 3 2 0.2740 0.726000011
 M497 3 2 0.7550 0.245000005
 M498 3 2 0.9165 0.083500028
 M499 3 2 0.2130 0.787000000
 M500 3 2 0.7910 0.208999991
 M501 3 2 0.8415 0.158500016
 M502 3 2 0.2820 0.717999995
 M503 3 2 0.8400 0.160000026
 M504 3 2 0.7885 0.211499989
 M505 3 2 0.6935 0.306500018
 M506 3 2 0.6505 0.349500000
 M507 3 2 0.1490 0.850999996
 M508 3 2 0.2875 0.712500006
 M509 3 2 0.2200 0.780000001
 M510 3 2 0.9530 0.046999991
 M511 3 2 0.5910 0.408999979
 M512 3 2 0.8875 0.112500012
 M513 3 2 0.9260 0.074000001
 M514 3 2 0.8815 0.118499994
 M515 3 2 0.7190 0.281000018
 M516 3 2 0.1470 0.853000000
 M517 3 2 0.0705 0.929499999
 M518 3 2 0.5285 0.471499979
 M519 3 2 0.7505 0.249499977
 M520 3 2 0.7985 0.201499999
 M521 3 2 1.0000 0.000000000
 M522 3 2 0.2330 0.767000005
 M523 3 2 0.5880 0.412000000
 M524 3 2 0.6790 0.320999980
 M525 3 2 0.2525 0.747500002
 M526 3 2 0.6915 0.308499992
 M527 3 2 0.5140 0.486000001
 M528 3 2 0.2525 0.747500002
 M529 3 2 0.7175 0.282500029
 M530 3 2 0.8315 0.168500006
 M531 3 2 0.4835 0.516499996
 M532 3 2 0.5250 0.475000024
 M533 3 2 0.1215 0.878500000
 M534 3 2 0.2435 0.756500006
 M535 3 2 0.5430 0.457000017
 M536 3 2 0.2300 0.769999996
 M537 3 2 0.8650 0.134999990
 M538 3 2 0.6185 0.381500006
 M539 3 2 0.9785 0.021499991
 M540 3 2 0.0470 0.953000002
 M541 3 2 0.5885 0.411499977
 M542 3 2 0.1875 0.812500000
 M543 3 2 0.1335 0.866500005
 M544 3 2 0.4575 0.542499989
 M545 3 2 0.3390 0.661000013
 M546 3 2 0.1655 0.834500000
 M547 3 2 0.8245 0.175499976
 M548 3 2 0.7415 0.258499980
 M549 3 2 0.4475 0.552500010
 M550 3 2 0.6900 0.310000002
 M551 3 2 0.2240 0.775999993
 M552 3 2 0.1575 0.842500001
 M553 3 2 0.6670 0.333000004
 M554 3 2 0.5305 0.469500005
 M555 3 2 0.0930 0.906999998
 M556 3 2 0.3425 0.657499999
 M557 3 2 0.0925 0.907499999
 M558 3 2 0.4255 0.574499995
 M559 3 2 0.5365 0.463500023
 M560 3 2 0.6850 0.314999998
 M561 3 2 0.3140 0.685999990
 M562 3 2 0.5030 0.496999979
 M563 3 2 0.5435 0.456499994
 M564 3 2 0.4600 0.539999992
 M565 3 2 0.8180 0.181999981
 M566 3 2 0.7560 0.244000018
 M567 3 2 0.2910 0.708999991
 M568 3 2 0.4205 0.579499990
 M569 3 2 0.0895 0.910499997
 M570 3 2 0.6980 0.301999986
 M571 3 2 0.4530 0.546999991
 M572 3 2 0.0910 0.909000002
 M573 3 2 0.2575 0.742500007
 M574 3 2 0.6140 0.385999978
 M575 3 2 0.3745 0.625499994
 M576 3 2 0.2935 0.706499994
 M577 3 2 0.7560 0.244000018
 M578 3 2 0.5155 0.484499991
 M579 3 2 0.7845 0.215499997
 M580 3 2 0.8725 0.127499998
 M581 3 2 0.3105 0.689500004
 M582 3 2 0.5580 0.441999972
 M583 3 2 0.3025 0.697499990
 M584 3 2 0.3250 0.675000012
 M585 3 2 0.3750 0.625000000
 M586 3 2 0.7695 0.230499983
 M587 3 2 0.1920 0.807999998
 M588 3 2 0.3210 0.678999990
 M589 3 2 0.3865 0.613499999
 M590 3 2 0.3905 0.609499991
 M591 3 2 0.4655 0.534500003
 M592 3 2 0.4620 0.537999988
 M593 3 2 0.2980 0.701999992
 M594 3 2 0.0975 0.902500004
 M595 3 2 0.7820 0.217999995
 M596 3 2 0.2870 0.713000000
 M597 3 2 0.0415 0.958500002
 M598 3 2 0.7690 0.231000006
 M599 3 2 0.3600 0.639999986
 M600 3 2 0.6605 0.339500010
 M601 3 2 0.5280 0.472000003
 M602 3 2 0.3420 0.657999992
 M603 3 2 0.8570 0.143000007
 M604 3 2 0.2800 0.719999999
 M605 3 2 0.5430 0.457000017
 M606 3 2 0.6380 0.361999989
 M607 3 2 0.4560 0.544000000
 M608 3 2 0.4890 0.511000007
 M609 3 2 0.5695 0.430499971
 M610 3 2 0.7535 0.246500015
 M611 3 2 0.0960 0.903999999
 M612 3 2 0.6580 0.342000008
 M613 3 2 0.8555 0.144500017
 M614 3 2 0.8275 0.172500014
 M615 3 2 0.6045 0.395500004
 M616 3 2 0.5690 0.430999994
 M617 3 2 0.5280 0.472000003
 M618 3 2 0.6160 0.384000003
 M619 3 2 0.0075 0.992500000
 M620 3 2 0.8235 0.176500022
 M621 3 2 0.8165 0.183499992
 M622 3 2 0.6890 0.310999990
 M623 3 2 0.6445 0.355499983
 M624 3 2 0.5805 0.419499993
 M625 3 2 0.3015 0.698500007
 M626 3 2 0.5265 0.473500013
 M627 3 2 0.4425 0.557500005
 M628 3 2 0.8420 0.157999992
 M629 3 2 0.6340 0.365999997
 M630 3 2 0.4660 0.534000009
 M631 3 2 0.5660 0.434000015
 M632 3 2 0.7640 0.236000001
 M633 3 2 0.3170 0.682999998
 M634 3 2 0.6105 0.389500022
 M635 3 2 0.2725 0.727499992
 M636 3 2 0.4270 0.573000014
 M637 3 2 0.4575 0.542499989
 M638 3 2 0.2310 0.768999994
 M639 3 2 0.8060 0.194000006
 M640 3 2 0.9330 0.066999972
 M641 3 2 0.1720 0.827999994
 M642 3 2 0.7145 0.285499990
 M643 3 2 0.8315 0.168500006
 M644 3 2 0.2670 0.733000010
 M645 3 2 0.7000 0.300000012
 M646 3 2 0.7225 0.277499974
 M647 3 2 0.6430 0.356999993
 M648 3 2 0.3740 0.625999987
 M649 3 2 0.5690 0.430999994
 M650 3 2 0.0095 0.990500000
 M651 3 2 0.6860 0.314000010
 M652 3 2 0.0680 0.931999996
 M653 3 2 0.9555 0.044499993
 M654 3 2 0.7430 0.257000029
 M655 3 2 0.0285 0.971500000
 M656 3 2 0.1125 0.887500003
 M657 3 2 0.6040 0.396000028
 M658 3 2 0.2910 0.708999991
 M659 3 2 0.7630 0.236999989
 M660 3 2 0.4630 0.537000000
 M661 3 2 0.2235 0.776500002
 M662 3 2 0.6580 0.342000008
 M663 3 2 0.2350 0.765000001
 M664 3 2 0.9040 0.096000016
 M665 3 2 0.5295 0.470499992
 M666 3 2 0.1045 0.895499997
 M667 3 2 0.2230 0.776999995
 M668 3 2 0.5125 0.487500012
 M669 3 2 0.1110 0.888999999
 M670 3 2 0.5630 0.436999977
 M671 3 2 0.6280 0.371999979
 M672 3 2 0.3595 0.640500009
 M673 3 2 0.8845 0.115499973
 M674 3 2 0.9620 0.037999988
 M675 3 2 0.5805 0.419499993
 M676 3 2 0.5485 0.451499999
 M677 3 2 0.1635 0.836500004
 M678 3 2 0.8440 0.156000018
 M679 3 2 0.5595 0.440500021
 M680 3 2 0.5980 0.402000010
 M681 3 2 0.6220 0.378000021
 M682 3 2 0.0780 0.921999998
 M683 3 2 0.6850 0.314999998
 M684 3 2 0.0765 0.923500001
 M685 3 2 0.2925 0.707500011
 M686 3 2 0.4290 0.571000010
 M687 3 2 0.4335 0.566500008
 M688 3 2 0.3740 0.625999987
 M689 3 2 0.4675 0.532499999
 M690 3 2 0.8190 0.180999994
 M691 3 2 0.0800 0.920000002
 M692 3 2 0.1975 0.802499995
 M693 3 2 0.1155 0.884499997
 M694 3 2 0.7470 0.253000021
 M695 3 2 0.7665 0.233500004
 M696 3 2 0.1285 0.871500000
 M697 3 2 0.2390 0.761000007
 M698 3 2 0.1520 0.848000005
 M699 3 2 0.6265 0.373499990
 M700 3 2 0.4905 0.509499997
 M701 3 2 0.6275 0.372500002
 M702 3 2 0.7725 0.227500021
 M703 3 2 0.4685 0.531500012
 M704 3 2 0.5305 0.469500005
 M705 3 2 0.7540 0.245999992
 M706 3 2 0.3720 0.627999991
 M707 3 2 0.5230 0.476999998
 M708 3 2 0.1390 0.861000001
 M709 3 2 0.7950 0.204999983
 M710 3 2 0.9965 0.003499985
 M711 3 2 0.3405 0.659500003
 M712 3 2 0.2945 0.705500007
 M713 3 2 0.3155 0.684500009
 M714 3 2 0.5710 0.429000020
 M715 3 2 0.8130 0.186999977
 M716 3 2 0.6120 0.388000011
 M717 3 2 0.7905 0.209500015
 M718 3 2 0.8765 0.123499990
 M719 3 2 0.0800 0.920000002
 M720 3 2 0.1175 0.882500000
 M721 3 2 0.6940 0.305999994
 M722 3 2 0.9060 0.093999982
 M723 3 2 0.5800 0.420000017
 M724 3 2 0.5910 0.408999979
 M725 3 2 0.0455 0.954500001
 M726 3 2 0.9570 0.042999983
 M727 3 2 0.0850 0.914999999
 M728 3 2 0.3540 0.645999998
 M729 3 2 0.8620 0.138000011
 M730 3 2 0.4610 0.539000005
 M731 3 2 0.6195 0.380500019
 M732 3 2 0.6270 0.373000026
 M733 3 2 0.7760 0.223999977
 M734 3 2 0.0990 0.901000001
 M735 3 2 0.5880 0.412000000
 M736 3 2 0.3495 0.650500000
 M737 3 2 0.4850 0.514999986
 M738 3 2 0.8035 0.196500003
 M739 3 2 0.4355 0.564500004
 M740 3 2 0.6125 0.387499988
 M741 3 2 0.2645 0.735500008
 M742 3 2 0.9485 0.051500022
 M743 3 2 0.2730 0.726999998
 M744 3 2 0.3710 0.629000008
 M745 3 2 0.6195 0.380500019
 M746 3 2 0.3605 0.639499992
 M747 3 2 0.3105 0.689500004
 M748 3 2 0.7390 0.260999978
 M749 3 2 0.7440 0.255999982
 M750 3 2 0.4165 0.583499998
 M751 3 2 0.8805 0.119499981
 M752 3 2 0.6675 0.332499981
 M753 3 2 0.0865 0.913500004
 M754 3 2 0.4225 0.577499986
 M755 3 2 0.6615 0.338500023
 M756 3 2 0.1480 0.851999998
 M757 3 2 0.7220 0.277999997
 M758 3 2 0.6775 0.322499990
 M759 3 2 0.2325 0.767499998
 M760 3 2 0.3525 0.647500008
 M761 3 2 0.8990 0.101000011
 M762 3 2 0.2850 0.715000004
 M763 3 2 0.2830 0.717000008
 M764 3 2 0.6495 0.350499988
 M765 3 2 0.7780 0.222000003
 M766 3 2 0.7675 0.232500017
 M767 3 2 0.7655 0.234499991
 M768 3 2 0.8100 0.189999998
 M769 3 2 0.9285 0.071500003
 M770 3 2 0.9100 0.089999974
 M771 3 2 0.1370 0.863000005
 M772 3 2 0.0865 0.913500004
 M773 3 2 0.4790 0.520999998
 M774 3 2 0.7505 0.249499977
 M775 3 2 0.9140 0.086000025
 M776 3 2 0.9215 0.078499973
 M777 3 2 0.8570 0.143000007
 M778 3 2 0.1310 0.869000003
 M779 3 2 0.1815 0.818499997
 M780 3 2 0.9090 0.091000021
 M781 3 2 0.2310 0.768999994
 M782 3 2 0.7445 0.255500019
 M783 3 2 0.3995 0.600499988
 M784 3 2 0.7695 0.230499983
 M785 3 2 0.5255 0.474500000
 M786 3 2 0.8365 0.163500011
 M787 3 2 0.2800 0.719999999
 M788 3 2 0.4385 0.561500013
 M789 3 2 0.1965 0.803499997
 M790 3 2 0.7920 0.208000004
 M791 3 2 0.0665 0.933499999
 M792 3 2 0.7610 0.239000022
 M793 3 2 0.1645 0.835500002
 M794 3 2 0.1900 0.810000002
 M795 3 2 0.5695 0.430499971
 M796 3 2 0.4965 0.503500015
 M797 3 2 0.6155 0.384500027
 M798 3 2 0.7340 0.265999973
 M799 3 2 0.1040 0.895999998
 M800 3 2 0.6480 0.351999998
 M801 3 2 0.1470 0.853000000
 M802 3 2 0.4445 0.555500001
 M803 3 2 0.2520 0.747999996
 M804 3 2 0.3070 0.692999989
 M805 3 2 0.6225 0.377499998
 M806 3 2 0.4625 0.537499994
 M807 3 2 0.7870 0.213000000
 M808 3 2 0.0705 0.929499999
 M809 3 2 0.8135 0.186500013
 M810 3 2 0.9405 0.059499979
 M811 3 2 0.9745 0.025500000
 M812 3 2 0.5030 0.496999979
 M813 3 2 0.6015 0.398500025
 M814 3 2 0.4035 0.596500009
 M815 3 2 0.4625 0.537499994
 M816 3 2 0.5040 0.495999992
 M817 3 2 0.3825 0.617500007
 M818 3 2 0.5235 0.476499975
 M819 3 2 0.8385 0.161499977
 M820 3 2 0.6215 0.378499985
 M821 3 2 0.2995 0.700500011
 M822 3 2 0.1760 0.824000001
 M823 3 2 0.2650 0.735000014
 M824 3 2 0.9510 0.049000025
 M825 3 2 0.3930 0.606999993
 M826 3 2 0.2960 0.703999996
 M827 3 2 0.4470 0.553000003
 M828 3 2 0.3945 0.605500013
 M829 3 2 0.7460 0.254000008
 M830 3 2 0.4260 0.574000001
 M831 3 2 0.0765 0.923500001
 M832 3 2 0.1480 0.851999998
 M833 3 2 0.3750 0.625000000
 M834 3 2 0.0480 0.952000000
 M835 3 2 0.9050 0.095000029
 M836 3 2 0.1985 0.801499993
 M837 3 2 0.0975 0.902500004
 M838 3 2 0.1165 0.883500002
 M839 3 2 0.0940 0.906000003
 M840 3 2 0.2250 0.775000006
 M841 3 2 0.1545 0.845500007
 M842 3 2 0.8040 0.195999980
 M843 3 2 0.8660 0.134000003
 M844 3 2 0.1440 0.856000006
 M845 3 2 0.8940 0.106000006
 M846 3 2 0.7860 0.213999987
 M847 3 2 0.1240 0.876000002
 M848 3 2 0.4360 0.564000010
 M849 3 2 0.2470 0.753000006
 M850 3 2 0.6960 0.304000020
 M851 3 2 0.7490 0.250999987
 M852 3 2 0.0270 0.972999999
 M853 3 2 0.1250 0.875000000
 M854 3 2 0.5530 0.447000027
 M855 3 2 0.4415 0.558499992
 M856 3 2 0.7995 0.200500011
 M857 3 2 0.4365 0.563499987
 M858 3 2 0.7650 0.235000014
 M859 3 2 0.6870 0.313000023
 M860 3 2 0.9855 0.014500022
 M861 3 2 0.3665 0.633500010
 M862 3 2 0.7485 0.251500010
 M863 3 2 0.9690 0.031000018
 M864 3 2 0.2225 0.777500004
 M865 3 2 0.0905 0.909500003
 M866 3 2 0.8040 0.195999980
 M867 3 2 0.3655 0.634499997
 M868 3 2 0.2820 0.717999995
 M869 3 2 0.6730 0.327000022
 M870 3 2 0.4485 0.551499993
 M871 3 2 0.2195 0.780499995
 M872 3 2 0.9280 0.072000027
 M873 3 2 0.2760 0.724000007
 M874 3 2 0.3285 0.671499997
 M875 3 2 0.1935 0.806500003
 M876 3 2 0.3690 0.631000012
 M877 3 2 0.1675 0.832499996
 M878 3 2 0.2705 0.729499996
 M879 3 2 0.5090 0.490999997
 M880 3 2 0.4690 0.530999988
 M881 3 2 0.8095 0.190500021
 M882 3 2 0.6055 0.394500017
 M883 3 2 0.6465 0.353500009
 M884 3 2 0.7920 0.208000004
 M885 3 2 0.3275 0.672500014
 M886 3 2 0.7195 0.280499995
 M887 3 2 0.5530 0.447000027
 M888 3 2 0.4670 0.532999992
 M889 3 2 0.4575 0.542499989
 M890 3 2 0.3105 0.689500004
 M891 3 2 0.8820 0.117999971
 M892 3 2 0.4100 0.590000004
 M893 3 2 0.2845 0.715499997
 M894 3 2 0.2225 0.777500004
 M895 3 2 0.5010 0.499000013
 M896 3 2 0.2235 0.776500002
 M897 3 2 0.1670 0.833000004
 M898 3 2 0.8275 0.172500014
 M899 3 2 0.4110 0.588999987
 M900 3 2 0.5355 0.464500010
 M901 3 2 0.3080 0.692000002
 M902 3 2 0.8060 0.194000006
 M903 3 2 0.5990 0.401000023
 M904 3 2 0.3345 0.665499985
 M905 3 2 0.7490 0.250999987
 M906 3 2 0.7995 0.200500011
 M907 3 2 0.5865 0.413500011
 M908 3 2 0.4055 0.594500005
 M909 3 2 0.4475 0.552500010
 M910 3 2 0.8990 0.101000011
 M911 3 2 0.3995 0.600499988
 M912 3 2 0.5630 0.436999977
 M913 3 2 0.7900 0.209999979
 M914 3 2 0.7990 0.200999975
 M915 3 2 0.8285 0.171500027
 M916 3 2 0.0475 0.952500001
 M917 3 2 0.2295 0.770500004
 M918 3 2 0.2750 0.724999994
 M919 3 2 0.2005 0.799500003
 M920 3 2 0.1595 0.840499997
 M921 3 2 0.7840 0.216000021
 M922 3 2 0.9000 0.100000024
 M923 3 2 0.4065 0.593499988
 M924 3 2 0.2740 0.726000011
 M925 3 2 0.4930 0.506999999
 M926 3 2 0.6660 0.333999991
 M927 3 2 0.1350 0.864999995
 M928 3 2 0.1155 0.884499997
 M929 3 2 0.4455 0.554500014
 M930 3 2 0.8035 0.196500003
 M931 3 2 0.6280 0.371999979
 M932 3 2 0.5415 0.458500028
 M933 3 2 0.3860 0.613999993
 M934 3 2 0.3830 0.617000014
 M935 3 2 0.9155 0.084500015
 M936 3 2 0.3710 0.629000008
 M937 3 2 0.3690 0.631000012
 M938 3 2 0.8770 0.123000026
 M939 3 2 0.3105 0.689500004
 M940 3 2 0.7325 0.267499983
 M941 3 2 0.3025 0.697499990
 M942 3 2 0.7410 0.259000003
 M943 3 2 0.5520 0.448000014
 M944 3 2 0.4450 0.555000007
 M945 3 2 0.3280 0.671999991
 M946 3 2 0.7045 0.295499980
 M947 3 2 0.0830 0.917000003
 M948 3 2 0.2150 0.784999996
 M949 3 2 0.8850 0.115000010
 M950 3 2 0.1670 0.833000004
 M951 3 2 0.2760 0.724000007
 M952 3 2 0.2065 0.793500006
 M953 3 2 0.7185 0.281499982
 M954 3 2 0.6670 0.333000004
 M955 3 2 0.7580 0.241999984
 M956 3 2 0.7415 0.258499980
 M957 3 2 0.1010 0.898999996
 M958 3 2 0.6940 0.305999994
 M959 3 2 0.1620 0.838000000
 M960 3 2 0.9035 0.096499979
 M961 3 2 0.1755 0.824499995
 M962 3 2 0.9100 0.089999974
 M963 3 2 0.3275 0.672500014
 M964 3 2 0.1735 0.826499999
 M965 3 2 0.1020 0.898000002
 M966 3 2 0.2035 0.796499997
 M967 3 2 0.4100 0.590000004
 M968 3 2 0.7155 0.284500003
 M969 3 2 0.5230 0.476999998
 M970 3 2 0.1840 0.816000000
 M971 3 2 0.2390 0.761000007
 M972 3 2 0.5710 0.429000020
 M973 3 2 0.5885 0.411499977
 M974 3 2 0.6520 0.347999990
 M975 3 2 0.6750 0.324999988
 M976 3 2 0.5205 0.479499996
 M977 3 2 0.3590 0.641000003
 M978 3 2 0.4595 0.540499985
 M979 3 2 0.6195 0.380500019
 M980 3 2 0.0455 0.954500001
 M981 3 2 0.0130 0.987000000
 M982 3 2 0.4370 0.562999994
 M983 3 2 0.7415 0.258499980
 M984 3 2 0.7150 0.285000026
 M985 3 2 0.0790 0.920999996
 M986 3 2 0.8840 0.115999997
 M987 3 2 0.6430 0.356999993
 M988 3 2 0.3425 0.657499999
 M989 3 2 0.2995 0.700500011
 M990 3 2 0.9090 0.091000021
 M991 3 2 0.9415 0.058499992
 M992 3 2 0.5700 0.430000007
 M993 3 2 0.0750 0.924999997
 M994 3 2 0.3460 0.654000014
 M995 3 2 0.4595 0.540499985
 M996 3 2 0.6885 0.311500013
 M997 3 2 0.4245 0.575500011
 M998 3 2 0.0805 0.919500001
 M999 3 2 0.6590 0.341000021
M1000 3 2 0.4315 0.568500012
M1001 3 2 0.7305 0.269500017
M1002 3 2 0.3130 0.687000006
M1003 3 2 0.7570 0.242999971
M1004 3 2 0.9255 0.074500024
M1005 3 2 0.0450 0.954999998
M1006 3 2 0.7245 0.275500000
M1007 3 2 0.6755 0.324500024
M1008 3 2 0.3515 0.648499995
M1009 3 2 0.7845 0.215499997
M1010 3 2 0.6870 0.313000023
M1011 3 2 0.8145 0.185500026
M1012 3 2 0.7190 0.281000018
M1013 3 2 0.6635 0.336499989
M1014 3 2 0.8360 0.163999975
M1015 3 2 0.5995 0.400500000
M1016 3 2 0.2795 0.720499992
M1017 3 2 0.6540 0.346000016
M1018 3 2 0.4950 0.504999995
M1019 3 2 0.4255 0.574499995
M1020 3 2 0.7040 0.296000004
M1021 3 2 0.6150 0.384999990
M1022 3 2 0.7175 0.282500029
M1023 3 2 0.0695 0.930500001
M1024 3 2 0.3620 0.638000011
M1025 3 2 0.7345 0.265500009
M1026 3 2 0.4285 0.571500003
M1027 3 2 0.2080 0.791999996
M1028 3 2 0.8740 0.125999987
M1029 3 2 0.3485 0.651499987
M1030 3 2 0.4630 0.537000000
M1031 3 2 0.8650 0.134999990
M1032 3 2 0.9390 0.060999990
M1033 3 2 0.0870 0.913000003
M1034 3 2 0.1760 0.824000001
M1035 3 2 0.3665 0.633500010
M1036 3 2 0.6145 0.385500014
M1037 3 2 0.5040 0.495999992
M1038 3 2 0.0170 0.982999999
M1039 3 2 0.6865 0.313499987
M1040 3 2 0.8260 0.174000025
M1041 3 2 0.6815 0.318499982
M1042 3 2 0.6460 0.353999972
M1043 3 2 0.3800 0.620000005
M1044 3 2 0.2755 0.724500000
M1045 3 2 0.3785 0.621499985
M1046 3 2 0.7355 0.264500022
M1047 3 2 0.4575 0.542499989
M1048 3 2 0.9375 0.062500000
M1049 3 2 0.0735 0.926500000
M1050 3 2 0.0665 0.933499999
M1051 3 2 0.6690 0.330999970
M1052 3 2 0.4075 0.592500001
M1053 3 2 0.9605 0.039499998
M1054 3 2 0.7130 0.287000000
M1055 3 2 0.4225 0.577499986
M1056 3 2 0.5590 0.440999985
M1057 3 2 0.7275 0.272499979
M1058 3 2 0.7525 0.247500002
M1059 3 2 0.1425 0.857500002
M1060 3 2 0.3955 0.604499996
M1061 3 2 0.6420 0.357999980
M1062 3 2 0.2895 0.710500002
M1063 3 2 0.0940 0.906000003
M1064 3 2 0.4275 0.572499990
M1065 3 2 0.2485 0.751499996
M1066 3 2 0.5230 0.476999998
M1067 3 2 0.4035 0.596500009
M1068 3 2 0.6345 0.365499973
M1069 3 2 0.4225 0.577499986
M1070 3 2 0.6150 0.384999990
M1071 3 2 0.3525 0.647500008
M1072 3 2 0.6295 0.370500028
M1073 3 2 0.2860 0.713999987
M1074 3 2 0.3350 0.664999992
M1075 3 2 0.4325 0.567499995
M1076 3 2 0.8635 0.136500001
M1077 3 2 0.6400 0.360000014
M1078 3 2 0.7020 0.297999978
M1079 3 2 0.9250 0.074999988
M1080 3 2 0.3290 0.671000004
M1081 3 2 0.3425 0.657499999
M1082 3 2 0.2970 0.703000009
M1083 3 2 0.2080 0.791999996
M1084 3 2 0.3260 0.673999995
M1085 3 2 0.6970 0.302999973
M1086 3 2 0.7200 0.279999971
M1087 3 2 0.9195 0.080500007
M1088 3 2 0.7845 0.215499997
M1089 3 2 0.2810 0.719000012
M1090 3 2 0.9505 0.049499989
M1091 3 2 0.7270 0.273000002
M1092 3 2 0.8185 0.181500018
M1093 3 2 0.6070 0.393000007
M1094 3 2 0.5460 0.453999996
M1095 3 2 0.5995 0.400500000
M1096 3 2 0.2815 0.718499988
M1097 3 2 0.8275 0.172500014
M1098 3 2 0.8035 0.196500003
M1099 3 2 0.4730 0.527000010
M1100 3 2 0.7215 0.278500021
M1101 3 2 0.4245 0.575500011
M1102 3 2 0.9485 0.051500022
M1103 3 2 0.8095 0.190500021
M1104 3 2 0.1200 0.880000003
M1105 3 2 0.8295 0.170499980
M1106 3 2 0.3415 0.658499986
M1107 3 2 0.1875 0.812500000
M1108 3 2 0.2195 0.780499995
M1109 3 2 0.9025 0.097500026
M1110 3 2 0.6210 0.379000008
M1111 3 2 0.3500 0.650000006
M1112 3 2 0.4955 0.504500002
M1113 3 2 0.7370 0.263000011
M1114 3 2 0.4170 0.583000004
M1115 3 2 0.7925 0.207499981
M1116 3 2 0.5605 0.439499974
M1117 3 2 0.0510 0.949000001
M1118 3 2 0.7445 0.255500019
M1119 3 2 0.6090 0.390999973
M1120 3 2 0.1445 0.855499998
M1121 3 2 0.8720 0.128000021
M1122 3 2 0.1350 0.864999995
M1123 3 2 0.7645 0.235499978
M1124 3 2 0.6105 0.389500022
M1125 3 2 0.2425 0.757499993
M1126 3 2 0.0505 0.949499998
M1127 3 2 0.0745 0.925499998
M1128 3 2 0.5945 0.405499995
M1129 3 2 0.4780 0.522000015
M1130 3 2 0.5775 0.422500014
M1131 3 2 0.5270 0.472999990
M1132 3 2 0.6450 0.355000019
M1133 3 2 0.6895 0.310500026
M1134 3 2 0.8895 0.110499978
M1135 3 2 0.2690 0.731000006
M1136 3 2 0.9495 0.050499976
M1137 3 2 0.1275 0.872500002
M1138 3 2 0.4940 0.506000012
M1139 3 2 0.3115 0.688499987
M1140 3 2 0.7135 0.286499977
M1141 3 2 0.1520 0.848000005
M1142 3 2 0.3480 0.652000010
M1143 3 2 0.5870 0.412999988
M1144 3 2 0.5145 0.485499978
M1145 3 2 0.2585 0.741499990
M1146 3 2 0.7960 0.203999996
M1147 3 2 0.4035 0.596500009
M1148 3 2 0.1715 0.828500003
M1149 3 2 0.1690 0.831000000
M1150 3 2 0.1405 0.859500006
M1151 3 2 0.3230 0.676999986
M1152 3 2 0.2775 0.722499996
M1153 3 2 0.2145 0.785500005
M1154 3 2 0.0425 0.957500000
M1155 3 2 0.3795 0.620499998
M1156 3 2 0.4285 0.571500003
M1157 3 2 0.7615 0.238499999
M1158 3 2 0.2420 0.758000001
M1159 3 2 0.3160 0.683999985
M1160 3 2 0.9680 0.032000005
M1161 3 2 0.1265 0.873500004
M1162 3 2 0.7445 0.255500019
M1163 3 2 0.1195 0.880500004
M1164 3 2 0.5555 0.444500029
M1165 3 2 0.7000 0.300000012
M1166 3 2 0.3840 0.615999997
M1167 3 2 0.3905 0.609499991
M1168 3 2 0.0495 0.950500000
M1169 3 2 0.5915 0.408500016
M1170 3 2 0.4330 0.567000002
M1171 3 2 0.1630 0.836999997
M1172 3 2 0.2440 0.755999997
M1173 3 2 0.8350 0.165000021
M1174 3 2 0.6515 0.348500013
M1175 3 2 0.3310 0.669000000
M1176 3 2 0.1980 0.802000001
M1177 3 2 0.6705 0.329500020
M1178 3 2 0.1450 0.855000004
M1179 3 2 0.5065 0.493499994
M1180 3 2 0.6665 0.333500028
M1181 3 2 0.9810 0.018999994
M1182 3 2 0.0165 0.983500000
M1183 3 2 0.3210 0.678999990
M1184 3 2 0.1045 0.895499997
M1185 3 2 0.8060 0.194000006
M1186 3 2 0.6715 0.328499973
M1187 3 2 0.4670 0.532999992
M1188 3 2 0.6790 0.320999980
M1189 3 2 0.2960 0.703999996
M1190 3 2 0.8585 0.141499996
M1191 3 2 0.5270 0.472999990
M1192 3 2 0.8585 0.141499996
M1193 3 2 0.3940 0.606000006
M1194 3 2 0.7420 0.258000016
M1195 3 2 0.4940 0.506000012
M1196 3 2 0.3270 0.673000008
M1197 3 2 0.5395 0.460500002
M1198 3 2 0.0325 0.967500001
M1199 3 2 0.0610 0.938999999
M1200 3 2 0.2535 0.746499985
M1201 3 2 0.3370 0.662999988
M1202 3 2 0.7555 0.244499981
M1203 3 2 0.2115 0.788499996
M1204 3 2 0.2665 0.733500004
M1205 3 2 0.8325 0.167500019
M1206 3 2 0.8490 0.151000023
M1207 3 2 0.2165 0.783500001
M1208 3 2 0.8725 0.127499998
M1209 3 2 0.0335 0.966499999
M1210 3 2 0.6260 0.374000013
M1211 3 2 0.7165 0.283500016
M1212 3 2 0.4225 0.577499986
M1213 3 2 0.9180 0.082000017
M1214 3 2 0.2040 0.796000004
M1215 3 2 0.1725 0.827500001
M1216 3 2 0.5305 0.469500005
M1217 3 2 0.9830 0.017000020
M1218 3 2 0.1165 0.883500002
M1219 3 2 0.6215 0.378499985
M1220 3 2 0.5315 0.468500018
M1221 3 2 0.3515 0.648499995
M1222 3 2 0.1745 0.825499997
M1223 3 2 0.3965 0.603500009
M1224 3 2 0.2410 0.759000003
M1225 3 2 0.5210 0.478999972
M1226 3 2 0.7965 0.203499973
M1227 3 2 0.9235 0.076499999
M1228 3 2 0.1820 0.818000004
M1229 3 2 0.9820 0.018000007
M1230 3 2 0.7275 0.272499979
M1231 3 2 0.7320 0.268000007
M1232 3 2 0.8865 0.113499999
M1233 3 2 0.8925 0.107500017
M1234 3 2 0.2595 0.740500003
M1235 3 2 0.5525 0.447499990
M1236 3 2 0.9375 0.062500000
M1237 3 2 0.4700 0.530000001
M1238 3 2 0.3975 0.602499992
M1239 3 2 0.1010 0.898999996
M1240 3 2 0.3020 0.698000014
M1241 3 2 0.1275 0.872500002
M1242 3 2 0.9625 0.037500024
M1243 3 2 0.6950 0.305000007
M1244 3 2 0.7605 0.239499986
M1245 3 2 0.0315 0.968499999
M1246 3 2 0.5030 0.496999979
M1247 3 2 0.9690 0.031000018
M1248 3 2 0.6270 0.373000026
M1249 3 2 0.5000 0.500000000
M1250 3 2 0.1110 0.888999999
M1251 3 2 0.8740 0.125999987
M1252 3 2 0.7210 0.278999984
M1253 3 2 0.8380 0.162000000
M1254 3 2 0.2695 0.730500013
M1255 3 2 0.6130 0.387000024
M1256 3 2 0.4205 0.579499990
M1257 3 2 0.1185 0.881499998
M1258 3 2 0.3450 0.655000001
M1259 3 2 0.6575 0.342499971
M1260 3 2 0.8770 0.123000026
M1261 3 2 0.7475 0.252499998
M1262 3 2 0.8305 0.169499993
M1263 3 2 0.8975 0.102500021
M1264 3 2 0.8800 0.120000005
M1265 3 2 0.4435 0.556499988
M1266 3 2 0.2705 0.729499996
M1267 3 2 0.6500 0.350000024
M1268 3 2 0.4265 0.573500007
M1269 3 2 0.7290 0.271000028
M1270 3 2 0.9340 0.065999985
M1271 3 2 0.8995 0.100499988
M1272 3 2 0.6615 0.338500023
M1273 3 2 0.2670 0.733000010
M1274 3 2 0.2130 0.787000000
M1275 3 2 0.8670 0.133000016
M1276 3 2 0.6940 0.305999994
M1277 3 2 0.1805 0.819499999
M1278 3 2 0.4355 0.564500004
M1279 3 2 0.2295 0.770500004
M1280 3 2 0.5995 0.400500000
M1281 3 2 0.2800 0.719999999
M1282 3 2 0.9005 0.099500000
M1283 3 2 0.0690 0.931000002
M1284 3 2 0.5565 0.443499982
M1285 3 2 0.1420 0.857999995
M1286 3 2 0.6035 0.396499991
M1287 3 2 0.6685 0.331499994
M1288 3 2 0.6970 0.302999973
M1289 3 2 0.3375 0.662499994
M1290 3 2 0.7415 0.258499980
M1291 3 2 0.7275 0.272499979
M1292 3 2 0.9715 0.028500021
M1293 3 2 0.2375 0.762500003
M1294 3 2 0.4745 0.525500000
M1295 3 2 0.8050 0.194999993
M1296 3 2 0.2690 0.731000006
M1297 3 2 0.5805 0.419499993
M1298 3 2 0.2890 0.710999995
M1299 3 2 0.8420 0.157999992
M1300 3 2 0.4980 0.502000004
M1301 3 2 0.0905 0.909500003
M1302 3 2 0.7910 0.208999991
M1303 3 2 0.8340 0.166000009
M1304 3 2 0.7035 0.296500027
M1305 3 2 0.1570 0.842999995
M1306 3 2 0.3050 0.694999993
M1307 3 2 0.4145 0.585500002
M1308 3 2 0.6860 0.314000010
M1309 3 2 0.6325 0.367500007
M1310 3 2 0.4350 0.564999998
M1311 3 2 0.5410 0.458999991
M1312 3 2 0.8545 0.145500004
M1313 3 2 0.3855 0.614499986
M1314 3 2 0.0995 0.900500000
M1315 3 2 0.8200 0.180000007
M1316 3 2 0.8590 0.140999973
M1317 3 2 0.2070 0.792999998
M1318 3 2 0.5230 0.476999998
M1319 3 2 0.7090 0.291000009
M1320 3 2 0.1560 0.843999997
M1321 3 2 0.3815 0.618499994
M1322 3 2 0.7590 0.240999997
M1323 3 2 0.1995 0.800500005
M1324 3 2 0.9695 0.030499995
M1325 3 2 0.9685 0.031499982
M1326 3 2 0.6385 0.361500025
M1327 3 2 0.7915 0.208500028
M1328 3 2 0.2085 0.791500002
M1329 3 2 0.8780 0.121999979
M1330 3 2 0.8515 0.148500025
M1331 3 2 0.5970 0.402999997
M1332 3 2 0.3375 0.662499994
M1333 3 2 0.8515 0.148500025
M1334 3 2 0.6390 0.361000001
M1335 3 2 0.5375 0.462499976
M1336 3 2 0.7175 0.282500029
M1337 3 2 0.4610 0.539000005
M1338 3 2 0.6655 0.334500015
M1339 3 2 0.2480 0.752000004
M1340 3 2 0.8260 0.174000025
M1341 3 2 0.3605 0.639499992
M1342 3 2 0.0350 0.965000000
M1343 3 2 0.0890 0.910999998
M1344 3 2 0.2170 0.783000007
M1345 3 2 0.4360 0.564000010
M1346 3 2 0.0385 0.961500000
M1347 3 2 0.8240 0.175999999
M1348 3 2 0.9885 0.011500001
M1349 3 2 0.8755 0.124499977
M1350 3 2 0.0455 0.954500001
M1351 3 3 0.0745 0.925499998
M1352 3 3 0.3335 0.666500002
M1353 3 3 0.5845 0.415499985
M1354 3 3 0.6550 0.345000029
M1355 3 3 0.2010 0.798999995
M1356 3 3 0.5790 0.421000004
M1357 3 3 0.4620 0.537999988
M1358 3 3 0.8050 0.194999993
M1359 3 3 0.6755 0.324500024
M1360 3 3 0.1925 0.807500005
M1361 3 3 0.6045 0.395500004
M1362 3 3 0.6015 0.398500025
M1363 3 3 0.1035 0.896499999
M1364 3 3 0.5145 0.485499978
M1365 3 3 0.8590 0.140999973
M1366 3 3 0.5415 0.458500028
M1367 3 3 0.0705 0.929499999
M1368 3 3 0.5080 0.491999984
M1369 3 3 0.0915 0.908500001
M1370 3 3 0.0550 0.945000000
M1371 3 3 0.4660 0.534000009
M1372 3 3 0.5720 0.427999973
M1373 3 3 0.1095 0.890500002
M1374 3 3 0.4480 0.551999986
M1375 3 3 0.2335 0.766499996
M1376 3 3 0.4810 0.518999994
M1377 3 3 0.8515 0.148500025
M1378 3 3 0.3395 0.660499990
M1379 3 3 0.1855 0.814500004
M1380 3 3 0.8355 0.164499998
M1381 3 3 0.5830 0.416999996
M1382 3 3 0.4820 0.518000007
M1383 3 3 0.2025 0.797499999
M1384 3 3 0.3650 0.634999990
M1385 3 3 0.5335 0.466499984
M1386 3 3 0.4015 0.598500013
M1387 3 3 0.6035 0.396499991
M1388 3 3 0.4070 0.592999995
M1389 3 3 0.9725 0.027499974
M1390 3 3 0.5120 0.487999976
M1391 3 3 0.4545 0.545500010
M1392 3 3 0.7245 0.275500000
M1393 3 3 0.2785 0.721500009
M1394 3 3 0.5370 0.463000000
M1395 3 3 0.7175 0.282500029
M1396 3 3 0.5530 0.447000027
M1397 3 3 0.8750 0.125000000
M1398 3 3 0.5990 0.401000023
M1399 3 3 0.3520 0.648000002
M1400 3 3 0.8255 0.174499989
M1401 3 3 0.7850 0.214999974
M1402 3 3 0.5700 0.430000007
M1403 3 3 0.3745 0.625499994
M1404 3 3 0.5570 0.443000019
M1405 3 3 0.5010 0.499000013
M1406 3 3 0.2565 0.743499994
M1407 3 3 0.4855 0.514499992
M1408 3 3 0.6605 0.339500010
M1409 3 3 0.0395 0.960499998
M1410 3 3 0.8845 0.115499973
M1411 3 3 0.5110 0.489000022
M1412 3 3 0.2870 0.713000000
M1413 3 3 0.4465 0.553499997
M1414 3 3 0.8655 0.134500027
M1415 3 3 0.2190 0.781000003
M1416 3 3 0.7410 0.259000003
M1417 3 3 0.4565 0.543500006
M1418 3 3 0.5190 0.481000006
M1419 3 3 0.2050 0.795000002
M1420 3 3 0.5630 0.436999977
M1421 3 3 0.1960 0.804000005
M1422 3 3 0.5605 0.439499974
M1423 3 3 0.6145 0.385500014
M1424 3 3 0.8480 0.152000010
M1425 3 3 0.6430 0.356999993
M1426 3 3 0.5825 0.417500019
M1427 3 3 0.8985 0.101499975
M1428 3 3 0.4180 0.581999987
M1429 3 3 0.1560 0.843999997
M1430 3 3 0.6395 0.360499978
M1431 3 3 0.7040 0.296000004
M1432 3 3 0.3940 0.606000006
M1433 3 3 0.9685 0.031499982
M1434 3 3 0.1170 0.883000001
M1435 3 3 0.2950 0.705000013
M1436 3 3 0.7055 0.294499993
M1437 3 3 0.7595 0.240499973
M1438 3 3 0.2545 0.745499998
M1439 3 3 0.3005 0.699499995
M1440 3 3 0.5260 0.473999977
M1441 3 3 0.5995 0.400500000
M1442 3 3 0.6080 0.392000020
M1443 3 3 0.3005 0.699499995
M1444 3 3 0.5265 0.473500013
M1445 3 3 0.6710 0.328999996
M1446 3 3 0.6385 0.361500025
M1447 3 3 0.6485 0.351499975
M1448 3 3 0.6535 0.346499979
M1449 3 3 0.0730 0.927000001
M1450 3 3 0.6245 0.375500023
M1451 3 3 0.1740 0.826000005
M1452 3 3 0.8180 0.181999981
M1453 3 3 0.6470 0.352999985
M1454 3 3 0.0295 0.970500000
M1455 3 3 0.3240 0.675999999
M1456 3 3 0.6560 0.343999982
M1457 3 3 0.0990 0.901000001
M1458 3 3 0.3375 0.662499994
M1459 3 3 0.1305 0.869499996
M1460 3 3 0.6220 0.378000021
M1461 3 3 0.8535 0.146499991
M1462 3 3 0.6525 0.347500026
M1463 3 3 0.2525 0.747500002
M1464 3 3 0.6385 0.361500025
M1465 3 3 0.8950 0.105000019
M1466 3 3 0.6605 0.339500010
M1467 3 3 0.7400 0.259999990
M1468 3 3 0.4935 0.506500006
M1469 3 3 0.2915 0.708499998
M1470 3 3 0.0855 0.914499998
M1471 3 3 0.0745 0.925499998
M1472 3 3 0.5520 0.448000014
M1473 3 3 0.5100 0.490000010
M1474 3 3 0.5750 0.425000012
M1475 3 3 0.7185 0.281499982
M1476 3 3 0.5870 0.412999988
M1477 3 3 0.5770 0.422999978
M1478 3 3 0.2735 0.726500005
M1479 3 3 0.3540 0.645999998
M1480 3 3 0.4755 0.524500012
M1481 3 3 0.2720 0.727999985
M1482 3 3 0.6825 0.317499995
M1483 3 3 0.4105 0.589500010
M1484 3 3 0.6950 0.305000007
M1485 3 3 0.5360 0.463999987
M1486 3 3 0.6780 0.322000027
M1487 3 3 0.8420 0.157999992
M1488 3 3 0.6215 0.378499985
M1489 3 3 0.6265 0.373499990
M1490 3 3 0.0070 0.993000000
M1491 3 3 0.0305 0.969500000
M1492 3 3 0.6430 0.356999993
M1493 3 3 0.7990 0.200999975
M1494 3 3 0.4265 0.573500007
M1495 3 3 0.2600 0.740000010
M1496 3 3 0.6165 0.383499980
M1497 3 3 0.4865 0.513500005
M1498 3 3 0.6175 0.382499993
M1499 3 3 0.5385 0.461499989
M1500 3 3 0.5610 0.439000010
M1501 3 3 0.6725 0.327499986
M1502 3 3 0.6085 0.391499996
M1503 3 3 0.2085 0.791500002
M1504 3 3 0.6465 0.353500009
M1505 3 3 0.4345 0.565499991
M1506 3 3 0.6700 0.329999983
M1507 3 3 0.1615 0.838499993
M1508 3 3 0.1820 0.818000004
M1509 3 3 0.0390 0.960999999
M1510 3 3 0.5640 0.435999990
M1511 3 3 0.7350 0.264999986
M1512 3 3 0.9495 0.050499976
M1513 3 3 0.6075 0.392499983
M1514 3 3 0.1030 0.897000000
M1515 3 3 0.6985 0.301500022
M1516 3 3 0.3295 0.670500010
M1517 3 3 0.1775 0.822500005
M1518 3 3 0.9510 0.049000025
M1519 3 3 0.3920 0.608000010
M1520 3 3 0.3525 0.647500008
M1521 3 3 0.4255 0.574499995
M1522 3 3 0.6395 0.360499978
M1523 3 3 0.4175 0.582500011
M1524 3 3 0.1770 0.822999999
M1525 3 3 0.9070 0.092999995
M1526 3 3 0.2320 0.768000007
M1527 3 3 0.8680 0.132000029
M1528 3 3 0.5155 0.484499991
M1529 3 3 0.5855 0.414499998
M1530 3 3 0.4030 0.597000003
M1531 3 3 0.0260 0.973999999
M1532 3 3 0.4850 0.514999986
M1533 3 3 0.8670 0.133000016
M1534 3 3 0.5150 0.485000014
M1535 3 3 0.4590 0.541000009
M1536 3 3 0.6800 0.319999993
M1537 3 3 0.5425 0.457499981
M1538 3 3 0.7125 0.287500024
M1539 3 3 0.5360 0.463999987
M1540 3 3 0.6290 0.370999992
M1541 3 3 0.2450 0.754999995
M1542 3 3 0.1735 0.826499999
M1543 3 3 0.4030 0.597000003
M1544 3 3 0.3815 0.618499994
M1545 3 3 0.2845 0.715499997
M1546 3 3 0.2470 0.753000006
M1547 3 3 0.7485 0.251500010
M1548 3 3 0.7595 0.240499973
M1549 3 3 0.4500 0.550000012
M1550 3 3 0.2445 0.755500004
M1551 3 3 0.6900 0.310000002
M1552 3 3 0.1900 0.810000002
M1553 3 3 0.7345 0.265500009
M1554 3 3 0.6080 0.392000020
M1555 3 3 0.1345 0.865500003
M1556 3 3 0.5670 0.433000028
M1557 3 3 0.8115 0.188499987
M1558 3 3 0.4165 0.583499998
M1559 3 3 0.6360 0.364000022
M1560 3 3 0.7230 0.277000010
M1561 3 3 0.5605 0.439499974
M1562 3 3 0.8555 0.144500017
M1563 3 3 0.3070 0.692999989
M1564 3 3 0.6770 0.323000014
M1565 3 3 0.8825 0.117500007
M1566 3 3 0.8875 0.112500012
M1567 3 3 0.8145 0.185500026
M1568 3 3 0.9160 0.083999991
M1569 3 3 0.4270 0.573000014
M1570 3 3 0.4010 0.599000007
M1571 3 3 0.7275 0.272499979
M1572 3 3 0.7690 0.231000006
M1573 3 3 0.1465 0.853499994
M1574 3 3 0.3545 0.645500004
M1575 3 3 0.2645 0.735500008
M1576 3 3 0.4785 0.521499991
M1577 3 3 0.8415 0.158500016
M1578 3 3 0.1970 0.803000003
M1579 3 3 0.0390 0.960999999
M1580 3 3 0.4535 0.546499997
M1581 3 3 0.3215 0.678499997
M1582 3 3 0.1205 0.879500002
M1583 3 3 0.2880 0.712000012
M1584 3 3 0.6040 0.396000028
M1585 3 3 0.5615 0.438499987
M1586 3 3 0.4590 0.541000009
