ID Generation Chr Freq.Allele1 Freq.Allele2
   M1 7 1 0.3320 0.668000013
   M2 7 1 0.2765 0.723500013
   M3 7 1 0.7330 0.267000020
   M4 7 1 0.7310 0.268999994
   M5 7 1 0.0185 0.981500000
   M6 7 1 0.5625 0.437500000
   M7 7 1 0.5500 0.449999988
   M8 7 1 0.4730 0.527000010
   M9 7 1 0.2860 0.713999987
  M10 7 1 0.7965 0.203499973
  M11 7 1 0.5830 0.416999996
  M12 7 1 0.7810 0.218999982
  M13 7 1 0.9920 0.008000016
  M14 7 1 0.9260 0.074000001
  M15 7 1 0.8355 0.164499998
  M16 7 1 0.7610 0.239000022
  M17 7 1 0.2575 0.742500007
  M18 7 1 0.5730 0.426999986
  M19 7 1 0.4790 0.520999998
  M20 7 1 0.9715 0.028500021
  M21 7 1 0.6315 0.368499994
  M22 7 1 0.3630 0.636999995
  M23 7 1 0.6655 0.334500015
  M24 7 1 0.0050 0.995000000
  M25 7 1 0.6995 0.300499976
  M26 7 1 0.4570 0.543000013
  M27 7 1 0.4525 0.547500014
  M28 7 1 0.6575 0.342499971
  M29 7 1 0.4625 0.537499994
  M30 7 1 0.6225 0.377499998
  M31 7 1 0.0380 0.962000001
  M32 7 1 0.2705 0.729499996
  M33 7 1 0.9115 0.088500023
  M34 7 1 0.3565 0.643500000
  M35 7 1 0.6890 0.310999990
  M36 7 1 0.4525 0.547500014
  M37 7 1 0.8355 0.164499998
  M38 7 1 0.2845 0.715499997
  M39 7 1 0.2750 0.724999994
  M40 7 1 0.7360 0.263999999
  M41 7 1 0.7905 0.209500015
  M42 7 1 0.5330 0.467000008
  M43 7 1 0.8210 0.179000020
  M44 7 1 0.7860 0.213999987
  M45 7 1 0.6440 0.356000006
  M46 7 1 0.0910 0.909000002
  M47 7 1 0.2860 0.713999987
  M48 7 1 0.4005 0.599500000
  M49 7 1 0.2875 0.712500006
  M50 7 1 0.4660 0.534000009
  M51 7 1 0.4335 0.566500008
  M52 7 1 0.7845 0.215499997
  M53 7 1 0.3825 0.617500007
  M54 7 1 0.4825 0.517500013
  M55 7 1 0.1915 0.808500007
  M56 7 1 0.2710 0.729000002
  M57 7 1 0.3755 0.624500006
  M58 7 1 0.4830 0.516999990
  M59 7 1 0.7840 0.216000021
  M60 7 1 0.6050 0.394999981
  M61 7 1 0.7535 0.246500015
  M62 7 1 0.3585 0.641499996
  M63 7 1 0.2375 0.762500003
  M64 7 1 0.4260 0.574000001
  M65 7 1 0.9355 0.064499974
  M66 7 1 0.7075 0.292500019
  M67 7 1 0.4345 0.565499991
  M68 7 1 0.6345 0.365499973
  M69 7 1 0.8000 0.199999988
  M70 7 1 0.4115 0.588499993
  M71 7 1 0.5805 0.419499993
  M72 7 1 0.5535 0.446500003
  M73 7 1 0.6685 0.331499994
  M74 7 1 0.6420 0.357999980
  M75 7 1 0.5805 0.419499993
  M76 7 1 0.5120 0.487999976
  M77 7 1 0.6470 0.352999985
  M78 7 1 0.3290 0.671000004
  M79 7 1 0.3765 0.623499990
  M80 7 1 0.2850 0.715000004
  M81 7 1 0.7855 0.214500010
  M82 7 1 0.4065 0.593499988
  M83 7 1 0.2715 0.728500009
  M84 7 1 0.1270 0.872999996
  M85 7 1 0.0650 0.935000002
  M86 7 1 0.6410 0.359000027
  M87 7 1 0.6660 0.333999991
  M88 7 1 0.1460 0.854000002
  M89 7 1 0.5250 0.475000024
  M90 7 1 0.8270 0.172999978
  M91 7 1 0.9215 0.078499973
  M92 7 1 0.8545 0.145500004
  M93 7 1 0.0350 0.965000000
  M94 7 1 0.3905 0.609499991
  M95 7 1 0.3065 0.693500012
  M96 7 1 0.6315 0.368499994
  M97 7 1 0.8130 0.186999977
  M98 7 1 0.5020 0.498000026
  M99 7 1 0.8520 0.148000002
 M100 7 1 0.7235 0.276499987
 M101 7 1 0.2645 0.735500008
 M102 7 1 0.0745 0.925499998
 M103 7 1 0.0555 0.944499999
 M104 7 1 0.7315 0.268499970
 M105 7 1 0.6920 0.308000028
 M106 7 1 0.8490 0.151000023
 M107 7 1 0.4570 0.543000013
 M108 7 1 0.7110 0.288999975
 M109 7 1 0.4000 0.599999994
 M110 7 1 0.3390 0.661000013
 M111 7 1 0.8395 0.160499990
 M112 7 1 0.3055 0.694499999
 M113 7 1 0.5015 0.498499990
 M114 7 1 0.6875 0.312500000
 M115 7 1 0.8005 0.199500024
 M116 7 1 0.2475 0.752499998
 M117 7 1 0.2520 0.747999996
 M118 7 1 0.8215 0.178499997
 M119 7 1 0.3660 0.634000003
 M120 7 1 0.0445 0.955499999
 M121 7 1 0.5785 0.421500027
 M122 7 1 0.2595 0.740500003
 M123 7 1 0.7215 0.278500021
 M124 7 1 0.7245 0.275500000
 M125 7 1 0.9275 0.072499990
 M126 7 1 0.4710 0.529000014
 M127 7 1 0.9015 0.098500013
 M128 7 1 0.4360 0.564000010
 M129 7 1 0.3030 0.696999997
 M130 7 1 0.5115 0.488499999
 M131 7 1 0.4170 0.583000004
 M132 7 1 0.7925 0.207499981
 M133 7 1 0.8015 0.198499978
 M134 7 1 0.3525 0.647500008
 M135 7 1 0.4465 0.553499997
 M136 7 1 0.1455 0.854499996
 M137 7 1 0.7790 0.221000016
 M138 7 1 0.7660 0.234000027
 M139 7 1 0.2330 0.767000005
 M140 7 1 0.5030 0.496999979
 M141 7 1 0.3745 0.625499994
 M142 7 1 0.2100 0.790000007
 M143 7 1 0.4415 0.558499992
 M144 7 1 0.3315 0.668500006
 M145 7 1 0.6430 0.356999993
 M146 7 1 0.4395 0.560499996
 M147 7 1 0.9200 0.079999983
 M148 7 1 0.4015 0.598500013
 M149 7 1 0.3020 0.698000014
 M150 7 1 0.2955 0.704499990
 M151 7 1 0.1255 0.874500006
 M152 7 1 0.0610 0.938999999
 M153 7 1 0.6180 0.382000029
 M154 7 1 0.3580 0.641999990
 M155 7 1 0.3370 0.662999988
 M156 7 1 0.2420 0.758000001
 M157 7 1 0.6870 0.313000023
 M158 7 1 0.5770 0.422999978
 M159 7 1 0.7315 0.268499970
 M160 7 1 0.4105 0.589500010
 M161 7 1 0.8435 0.156499982
 M162 7 1 0.6610 0.338999987
 M163 7 1 0.6975 0.302500010
 M164 7 1 0.8940 0.106000006
 M165 7 1 0.3625 0.637499988
 M166 7 1 0.2435 0.756500006
 M167 7 1 0.0150 0.985000000
 M168 7 1 0.4535 0.546499997
 M169 7 1 0.6475 0.352500021
 M170 7 1 0.4920 0.507999986
 M171 7 1 0.4890 0.511000007
 M172 7 1 0.0385 0.961500000
 M173 7 1 0.1910 0.809000000
 M174 7 1 0.7740 0.226000011
 M175 7 1 0.5630 0.436999977
 M176 7 1 0.5980 0.402000010
 M177 7 1 0.4025 0.597499996
 M178 7 1 0.7870 0.213000000
 M179 7 1 0.9205 0.079500020
 M180 7 1 0.1425 0.857500002
 M181 7 1 0.5135 0.486500025
 M182 7 1 0.6905 0.309499979
 M183 7 1 0.7510 0.249000013
 M184 7 1 0.3955 0.604499996
 M185 7 1 0.5785 0.421500027
 M186 7 1 0.6650 0.334999979
 M187 7 1 0.6425 0.357500017
 M188 7 1 0.1825 0.817499995
 M189 7 1 0.3370 0.662999988
 M190 7 1 0.8235 0.176500022
 M191 7 1 0.6575 0.342499971
 M192 7 1 0.0675 0.932499997
 M193 7 1 0.7510 0.249000013
 M194 7 1 0.8665 0.133499980
 M195 7 1 0.3955 0.604499996
 M196 7 1 0.9405 0.059499979
 M197 7 1 0.2380 0.761999995
 M198 7 1 0.1335 0.866500005
 M199 7 1 0.1890 0.811000004
 M200 7 1 0.9330 0.066999972
 M201 7 1 0.4010 0.599000007
 M202 7 1 0.7015 0.298500001
 M203 7 1 0.8365 0.163500011
 M204 7 1 0.8230 0.176999986
 M205 7 1 0.6910 0.309000015
 M206 7 1 0.3830 0.617000014
 M207 7 1 0.2510 0.749000013
 M208 7 1 0.4330 0.567000002
 M209 7 1 0.3525 0.647500008
 M210 7 1 0.6495 0.350499988
 M211 7 1 0.5540 0.445999980
 M212 7 1 0.3650 0.634999990
 M213 7 1 0.1515 0.848499998
 M214 7 1 0.7190 0.281000018
 M215 7 1 0.8605 0.139500022
 M216 7 1 0.1795 0.820500001
 M217 7 1 0.1640 0.835999995
 M218 7 1 0.9210 0.078999996
 M219 7 1 0.4840 0.516000003
 M220 7 1 0.9145 0.085500002
 M221 7 1 0.2750 0.724999994
 M222 7 1 0.8240 0.175999999
 M223 7 1 0.7410 0.259000003
 M224 7 1 0.6435 0.356500030
 M225 7 1 0.9380 0.061999977
 M226 7 1 0.5645 0.435500026
 M227 7 1 0.6805 0.319500029
 M228 7 1 0.8390 0.161000013
 M229 7 1 0.6795 0.320500016
 M230 7 1 0.6815 0.318499982
 M231 7 1 0.2805 0.719500005
 M232 7 1 0.1625 0.837500006
 M233 7 1 0.1115 0.888499998
 M234 7 1 0.1660 0.834000006
 M235 7 1 0.5530 0.447000027
 M236 7 1 0.5965 0.403500021
 M237 7 1 0.9745 0.025500000
 M238 7 1 0.4360 0.564000010
 M239 7 1 0.0030 0.997000000
 M240 7 1 0.9265 0.073499978
 M241 7 1 0.5765 0.423500001
 M242 7 1 0.9080 0.092000008
 M243 7 1 0.4075 0.592500001
 M244 7 1 0.5100 0.490000010
 M245 7 1 0.2540 0.745999992
 M246 7 1 0.3425 0.657499999
 M247 7 1 0.0585 0.941500001
 M248 7 1 0.7600 0.240000010
 M249 7 1 0.9070 0.092999995
 M250 7 1 0.5110 0.489000022
 M251 7 1 0.7845 0.215499997
 M252 7 1 0.6805 0.319500029
 M253 7 1 0.5750 0.425000012
 M254 7 1 0.8500 0.149999976
 M255 7 1 0.0460 0.954000000
 M256 7 1 0.7845 0.215499997
 M257 7 1 0.5050 0.495000005
 M258 7 1 0.5890 0.411000013
 M259 7 1 0.3040 0.696000010
 M260 7 1 0.4055 0.594500005
 M261 7 1 0.2945 0.705500007
 M262 7 1 0.8230 0.176999986
 M263 7 1 0.4055 0.594500005
 M264 7 1 0.7290 0.271000028
 M265 7 1 0.1995 0.800500005
 M266 7 1 0.1880 0.812000006
 M267 7 1 0.2760 0.724000007
 M268 7 1 0.6535 0.346499979
 M269 7 1 0.4780 0.522000015
 M270 7 1 0.0870 0.913000003
 M271 7 1 0.0155 0.984500000
 M272 7 1 0.5730 0.426999986
 M273 7 1 0.6425 0.357500017
 M274 7 1 0.4700 0.530000001
 M275 7 1 0.9620 0.037999988
 M276 7 1 0.0000 1.000000000
 M277 7 1 0.7475 0.252499998
 M278 7 1 0.6990 0.300999999
 M279 7 1 0.3630 0.636999995
 M280 7 1 0.8930 0.106999993
 M281 7 1 0.5695 0.430499971
 M282 7 1 0.7080 0.291999996
 M283 7 1 0.7170 0.282999992
 M284 7 1 0.3390 0.661000013
 M285 7 1 0.7735 0.226499975
 M286 7 1 0.7105 0.289499998
 M287 7 1 0.4575 0.542499989
 M288 7 1 0.3500 0.650000006
 M289 7 1 0.3525 0.647500008
 M290 7 1 0.0645 0.935500003
 M291 7 1 0.3080 0.692000002
 M292 7 1 0.5575 0.442499995
 M293 7 1 0.3735 0.626500010
 M294 7 1 0.5005 0.499499977
 M295 7 1 0.9475 0.052500010
 M296 7 1 0.6585 0.341499984
 M297 7 1 0.5330 0.467000008
 M298 7 1 0.9780 0.022000015
 M299 7 1 0.7960 0.203999996
 M300 7 1 0.2400 0.760000005
 M301 7 1 0.0365 0.963500001
 M302 7 1 0.6155 0.384500027
 M303 7 1 0.3025 0.697499990
 M304 7 1 0.1750 0.825000003
 M305 7 1 0.1905 0.809499994
 M306 7 1 0.9780 0.022000015
 M307 7 1 0.1760 0.824000001
 M308 7 1 0.8270 0.172999978
 M309 7 1 0.3720 0.627999991
 M310 7 1 0.6970 0.302999973
 M311 7 1 0.9760 0.023999989
 M312 7 1 0.2660 0.733999997
 M313 7 1 0.4825 0.517500013
 M314 7 1 0.6925 0.307500005
 M315 7 1 1.0000 0.000000000
 M316 7 1 0.0540 0.945999999
 M317 7 1 0.0115 0.988500000
 M318 7 1 0.2030 0.797000006
 M319 7 1 0.1230 0.876999997
 M320 7 1 0.3455 0.654500008
 M321 7 1 0.2310 0.768999994
 M322 7 1 0.5210 0.478999972
 M323 7 1 0.7665 0.233500004
 M324 7 1 0.7005 0.299499989
 M325 7 1 0.5915 0.408500016
 M326 7 1 0.3410 0.659000009
 M327 7 1 0.3970 0.602999985
 M328 7 1 0.5625 0.437500000
 M329 7 1 0.4235 0.576499999
 M330 7 1 0.1680 0.832000002
 M331 7 1 0.6520 0.347999990
 M332 7 1 0.6600 0.339999974
 M333 7 1 0.5255 0.474500000
 M334 7 1 0.7060 0.294000030
 M335 7 1 0.6620 0.338000000
 M336 7 1 0.3365 0.663500011
 M337 7 1 0.7735 0.226499975
 M338 7 1 0.4565 0.543500006
 M339 7 1 0.7735 0.226499975
 M340 7 1 0.5525 0.447499990
 M341 7 1 0.5775 0.422500014
 M342 7 1 0.4545 0.545500010
 M343 7 1 0.7860 0.213999987
 M344 7 1 0.4435 0.556499988
 M345 7 1 0.6270 0.373000026
 M346 7 1 0.5760 0.424000025
 M347 7 1 0.4965 0.503500015
 M348 7 1 0.9955 0.004499972
 M349 7 1 0.3455 0.654500008
 M350 7 1 0.4265 0.573500007
 M351 7 1 0.4560 0.544000000
 M352 7 1 0.2215 0.778500006
 M353 7 1 0.8530 0.147000015
 M354 7 1 0.3845 0.615500003
 M355 7 1 0.5310 0.468999982
 M356 7 1 0.4940 0.506000012
 M357 7 1 0.1570 0.842999995
 M358 7 1 0.4430 0.557000011
 M359 7 1 0.6900 0.310000002
 M360 7 1 0.2245 0.775500000
 M361 7 1 0.3825 0.617500007
 M362 7 1 0.9555 0.044499993
 M363 7 1 0.4640 0.536000013
 M364 7 1 0.6470 0.352999985
 M365 7 1 0.6155 0.384500027
 M366 7 1 0.7915 0.208500028
 M367 7 1 0.1530 0.847000003
 M368 7 1 0.5710 0.429000020
 M369 7 1 0.3135 0.686500013
 M370 7 1 0.1240 0.876000002
 M371 7 1 0.9180 0.082000017
 M372 7 1 0.0680 0.931999996
 M373 7 1 0.3270 0.673000008
 M374 7 1 0.3840 0.615999997
 M375 7 1 0.8815 0.118499994
 M376 7 1 0.8810 0.119000018
 M377 7 1 0.9585 0.041499972
 M378 7 1 0.3885 0.611499995
 M379 7 1 0.2545 0.745499998
 M380 7 1 1.0000 0.000000000
 M381 7 1 0.7975 0.202499986
 M382 7 1 0.5750 0.425000012
 M383 7 1 0.1795 0.820500001
 M384 7 1 0.1475 0.852500007
 M385 7 1 0.4475 0.552500010
 M386 7 1 0.0000 1.000000000
 M387 7 1 0.8425 0.157500029
 M388 7 1 0.1290 0.871000007
 M389 7 1 0.8740 0.125999987
 M390 7 1 0.9515 0.048500001
 M391 7 1 0.0755 0.924500003
 M392 7 1 0.3995 0.600499988
 M393 7 1 0.7180 0.282000005
 M394 7 1 0.4915 0.508500010
 M395 7 1 0.9760 0.023999989
 M396 7 1 0.0840 0.916000001
 M397 7 1 0.7905 0.209500015
 M398 7 1 0.6355 0.364499986
 M399 7 1 0.4585 0.541500002
 M400 7 1 0.0775 0.922499999
 M401 7 1 0.5790 0.421000004
 M402 7 1 0.8160 0.184000015
 M403 7 1 0.5400 0.459999979
 M404 7 1 0.1680 0.832000002
 M405 7 1 0.4870 0.513000011
 M406 7 1 0.0955 0.904500000
 M407 7 1 0.9225 0.077499986
 M408 7 1 0.4800 0.520000011
 M409 7 1 0.2430 0.756999999
 M410 7 1 0.4150 0.585000008
 M411 7 1 0.0550 0.945000000
 M412 7 1 0.0000 1.000000000
 M413 7 1 0.1200 0.880000003
 M414 7 1 0.5170 0.482999980
 M415 7 1 0.1140 0.886000000
 M416 7 1 0.5550 0.444999993
 M417 7 1 0.4670 0.532999992
 M418 7 1 0.1575 0.842500001
 M419 7 1 0.5910 0.408999979
 M420 7 1 0.7840 0.216000021
 M421 7 1 0.8215 0.178499997
 M422 7 1 0.7170 0.282999992
 M423 7 1 0.2225 0.777500004
 M424 7 1 0.6930 0.306999981
 M425 7 1 0.2665 0.733500004
 M426 7 1 0.6010 0.398999989
 M427 7 1 0.3820 0.618000001
 M428 7 1 0.7965 0.203499973
 M429 7 1 0.9520 0.047999978
 M430 7 1 0.4520 0.548000008
 M431 7 1 0.3680 0.631999999
 M432 7 1 0.9360 0.064000010
 M433 7 1 0.1915 0.808500007
 M434 7 1 0.8165 0.183499992
 M435 7 1 0.2525 0.747500002
 M436 7 1 0.4790 0.520999998
 M437 7 1 0.1560 0.843999997
 M438 7 1 0.1600 0.840000004
 M439 7 1 0.1505 0.849500000
 M440 7 1 0.6815 0.318499982
 M441 7 1 0.2870 0.713000000
 M442 7 1 0.6835 0.316500008
 M443 7 1 0.6750 0.324999988
 M444 7 1 0.7670 0.232999980
 M445 7 1 0.8470 0.152999997
 M446 7 1 0.7890 0.211000025
 M447 7 1 0.8695 0.130500019
 M448 7 1 0.4280 0.571999997
 M449 7 1 0.8460 0.153999984
 M450 7 1 0.5695 0.430499971
 M451 7 1 0.0520 0.947999999
 M452 7 1 0.4110 0.588999987
 M453 7 1 0.7415 0.258499980
 M454 7 1 0.7275 0.272499979
 M455 7 2 0.3825 0.617500007
 M456 7 2 0.5335 0.466499984
 M457 7 2 0.6700 0.329999983
 M458 7 2 0.6925 0.307500005
 M459 7 2 0.2215 0.778500006
 M460 7 2 0.4460 0.553999990
 M461 7 2 0.5430 0.457000017
 M462 7 2 0.0710 0.928999998
 M463 7 2 0.7185 0.281499982
 M464 7 2 0.5740 0.425999999
 M465 7 2 0.2075 0.792500004
 M466 7 2 0.1715 0.828500003
 M467 7 2 0.5110 0.489000022
 M468 7 2 0.3680 0.631999999
 M469 7 2 0.0655 0.934500001
 M470 7 2 0.1445 0.855499998
 M471 7 2 0.6740 0.325999975
 M472 7 2 0.0155 0.984500000
 M473 7 2 0.6820 0.318000019
 M474 7 2 0.0390 0.960999999
 M475 7 2 0.9105 0.089500010
 M476 7 2 0.8310 0.169000030
 M477 7 2 0.3185 0.681499988
 M478 7 2 0.8115 0.188499987
 M479 7 2 0.8565 0.143499970
 M480 7 2 0.2015 0.798500001
 M481 7 2 0.3060 0.694000006
 M482 7 2 0.8180 0.181999981
 M483 7 2 0.9025 0.097500026
 M484 7 2 0.7645 0.235499978
 M485 7 2 0.5455 0.454500020
 M486 7 2 0.4575 0.542499989
 M487 7 2 0.6395 0.360499978
 M488 7 2 0.3845 0.615500003
 M489 7 2 0.4000 0.599999994
 M490 7 2 0.0880 0.912000000
 M491 7 2 0.4430 0.557000011
 M492 7 2 0.9945 0.005500019
 M493 7 2 0.9960 0.004000008
 M494 7 2 0.5365 0.463500023
 M495 7 2 0.3285 0.671499997
 M496 7 2 0.0685 0.931500003
 M497 7 2 0.9320 0.068000019
 M498 7 2 0.9535 0.046500027
 M499 7 2 0.3790 0.620999992
 M500 7 2 0.5860 0.413999975
 M501 7 2 0.7725 0.227500021
 M502 7 2 0.5725 0.427500010
 M503 7 2 0.7400 0.259999990
 M504 7 2 0.6535 0.346499979
 M505 7 2 0.4955 0.504500002
 M506 7 2 0.4510 0.548999995
 M507 7 2 0.2885 0.711499989
 M508 7 2 0.2555 0.744500011
 M509 7 2 0.2785 0.721500009
 M510 7 2 0.9685 0.031499982
 M511 7 2 0.6350 0.365000010
 M512 7 2 0.9285 0.071500003
 M513 7 2 0.9505 0.049499989
 M514 7 2 0.8470 0.152999997
 M515 7 2 0.7920 0.208000004
 M516 7 2 0.1850 0.814999998
 M517 7 2 0.0520 0.947999999
 M518 7 2 0.6835 0.316500008
 M519 7 2 0.8135 0.186500013
 M520 7 2 0.8395 0.160499990
 M521 7 2 1.0000 0.000000000
 M522 7 2 0.1985 0.801499993
 M523 7 2 0.3830 0.617000014
 M524 7 2 0.7225 0.277499974
 M525 7 2 0.1310 0.869000003
 M526 7 2 0.7360 0.263999999
 M527 7 2 0.4185 0.581499994
 M528 7 2 0.2440 0.755999997
 M529 7 2 0.9045 0.095499992
 M530 7 2 0.8555 0.144500017
 M531 7 2 0.2990 0.701000005
 M532 7 2 0.5085 0.491500020
 M533 7 2 0.1800 0.819999993
 M534 7 2 0.2610 0.738999993
 M535 7 2 0.7085 0.291499972
 M536 7 2 0.2670 0.733000010
 M537 7 2 0.8590 0.140999973
 M538 7 2 0.5330 0.467000008
 M539 7 2 0.9095 0.090499997
 M540 7 2 0.1925 0.807500005
 M541 7 2 0.5505 0.449500024
 M542 7 2 0.1290 0.871000007
 M543 7 2 0.2045 0.795499995
 M544 7 2 0.4450 0.555000007
 M545 7 2 0.2815 0.718499988
 M546 7 2 0.0815 0.918499999
 M547 7 2 0.9315 0.068499982
 M548 7 2 0.7565 0.243499994
 M549 7 2 0.4180 0.581999987
 M550 7 2 0.6970 0.302999973
 M551 7 2 0.1315 0.868499994
 M552 7 2 0.2155 0.784500003
 M553 7 2 0.8155 0.184499979
 M554 7 2 0.3300 0.669999987
 M555 7 2 0.0870 0.913000003
 M556 7 2 0.3715 0.628500015
 M557 7 2 0.1145 0.885499999
 M558 7 2 0.3525 0.647500008
 M559 7 2 0.4095 0.590499997
 M560 7 2 0.8045 0.195500016
 M561 7 2 0.2230 0.776999995
 M562 7 2 0.6270 0.373000026
 M563 7 2 0.4245 0.575500011
 M564 7 2 0.3350 0.664999992
 M565 7 2 0.9490 0.050999999
 M566 7 2 0.8365 0.163500011
 M567 7 2 0.5110 0.489000022
 M568 7 2 0.2775 0.722499996
 M569 7 2 0.0555 0.944499999
 M570 7 2 0.7785 0.221499979
 M571 7 2 0.5530 0.447000027
 M572 7 2 0.0175 0.982500000
 M573 7 2 0.3065 0.693500012
 M574 7 2 0.5310 0.468999982
 M575 7 2 0.4405 0.559500009
 M576 7 2 0.2140 0.785999998
 M577 7 2 0.8475 0.152499974
 M578 7 2 0.3810 0.618999988
 M579 7 2 0.8695 0.130500019
 M580 7 2 0.9340 0.065999985
 M581 7 2 0.2770 0.722999990
 M582 7 2 0.5460 0.453999996
 M583 7 2 0.4265 0.573500007
 M584 7 2 0.1925 0.807500005
 M585 7 2 0.4495 0.550500005
 M586 7 2 0.8910 0.109000027
 M587 7 2 0.1085 0.891500004
 M588 7 2 0.3655 0.634499997
 M589 7 2 0.3790 0.620999992
 M590 7 2 0.4555 0.544499993
 M591 7 2 0.4080 0.592000008
 M592 7 2 0.4570 0.543000013
 M593 7 2 0.2495 0.750499994
 M594 7 2 0.1310 0.869000003
 M595 7 2 0.8395 0.160499990
 M596 7 2 0.3975 0.602499992
 M597 7 2 0.0360 0.964000002
 M598 7 2 0.7535 0.246500015
 M599 7 2 0.3630 0.636999995
 M600 7 2 0.6480 0.351999998
 M601 7 2 0.5930 0.407000005
 M602 7 2 0.4860 0.513999999
 M603 7 2 0.9320 0.068000019
 M604 7 2 0.1970 0.803000003
 M605 7 2 0.4540 0.546000004
 M606 7 2 0.6610 0.338999987
 M607 7 2 0.4695 0.530499995
 M608 7 2 0.5580 0.441999972
 M609 7 2 0.4575 0.542499989
 M610 7 2 0.6955 0.304499984
 M611 7 2 0.0600 0.940000001
 M612 7 2 0.5995 0.400500000
 M613 7 2 0.8800 0.120000005
 M614 7 2 0.9040 0.096000016
 M615 7 2 0.7435 0.256500006
 M616 7 2 0.5830 0.416999996
 M617 7 2 0.4680 0.532000005
 M618 7 2 0.5370 0.463000000
 M619 7 2 0.0000 1.000000000
 M620 7 2 0.7875 0.212499976
 M621 7 2 0.7765 0.223500013
 M622 7 2 0.5895 0.410499990
 M623 7 2 0.6880 0.311999977
 M624 7 2 0.5205 0.479499996
 M625 7 2 0.3465 0.653499991
 M626 7 2 0.6710 0.328999996
 M627 7 2 0.2980 0.701999992
 M628 7 2 0.8955 0.104499996
 M629 7 2 0.7405 0.259500027
 M630 7 2 0.5330 0.467000008
 M631 7 2 0.6130 0.387000024
 M632 7 2 0.8145 0.185500026
 M633 7 2 0.2710 0.729000002
 M634 7 2 0.7285 0.271499991
 M635 7 2 0.2465 0.753500000
 M636 7 2 0.4880 0.511999995
 M637 7 2 0.4595 0.540499985
 M638 7 2 0.2650 0.735000014
 M639 7 2 0.8030 0.197000027
 M640 7 2 0.9800 0.019999981
 M641 7 2 0.1580 0.841999993
 M642 7 2 0.7425 0.257499993
 M643 7 2 0.8490 0.151000023
 M644 7 2 0.2385 0.761500001
 M645 7 2 0.7425 0.257499993
 M646 7 2 0.6725 0.327499986
 M647 7 2 0.5495 0.450500011
 M648 7 2 0.3760 0.624000013
 M649 7 2 0.6270 0.373000026
 M650 7 2 0.0140 0.986000000
 M651 7 2 0.6350 0.365000010
 M652 7 2 0.0800 0.920000002
 M653 7 2 0.9530 0.046999991
 M654 7 2 0.7960 0.203999996
 M655 7 2 0.0420 0.958000001
 M656 7 2 0.1145 0.885499999
 M657 7 2 0.6285 0.371500015
 M658 7 2 0.2490 0.751000002
 M659 7 2 0.7735 0.226499975
 M660 7 2 0.4725 0.527500004
 M661 7 2 0.1875 0.812500000
 M662 7 2 0.6325 0.367500007
 M663 7 2 0.1415 0.858500004
 M664 7 2 0.8570 0.143000007
 M665 7 2 0.4700 0.530000001
 M666 7 2 0.1355 0.864500001
 M667 7 2 0.3170 0.682999998
 M668 7 2 0.4925 0.507499993
 M669 7 2 0.1465 0.853499994
 M670 7 2 0.6390 0.361000001
 M671 7 2 0.6370 0.362999976
 M672 7 2 0.4310 0.569000006
 M673 7 2 0.8750 0.125000000
 M674 7 2 0.9545 0.045499980
 M675 7 2 0.6895 0.310500026
 M676 7 2 0.6700 0.329999983
 M677 7 2 0.1685 0.831499994
 M678 7 2 0.8665 0.133499980
 M679 7 2 0.7320 0.268000007
 M680 7 2 0.7730 0.226999998
 M681 7 2 0.6770 0.323000014
 M682 7 2 0.0605 0.939500000
 M683 7 2 0.7735 0.226499975
 M684 7 2 0.0980 0.902000003
 M685 7 2 0.3115 0.688499987
 M686 7 2 0.2930 0.706999987
 M687 7 2 0.2690 0.731000006
 M688 7 2 0.3545 0.645500004
 M689 7 2 0.6490 0.351000011
 M690 7 2 0.7885 0.211499989
 M691 7 2 0.1295 0.870499998
 M692 7 2 0.1850 0.814999998
 M693 7 2 0.2465 0.753500000
 M694 7 2 0.7015 0.298500001
 M695 7 2 0.6385 0.361500025
 M696 7 2 0.1110 0.888999999
 M697 7 2 0.3330 0.666999996
 M698 7 2 0.2850 0.715000004
 M699 7 2 0.6735 0.326499999
 M700 7 2 0.2440 0.755999997
 M701 7 2 0.6045 0.395500004
 M702 7 2 0.7855 0.214500010
 M703 7 2 0.4470 0.553000003
 M704 7 2 0.5780 0.421999991
 M705 7 2 0.8975 0.102500021
 M706 7 2 0.5240 0.476000011
 M707 7 2 0.3990 0.601000011
 M708 7 2 0.2705 0.729499996
 M709 7 2 0.8090 0.190999985
 M710 7 2 0.9915 0.008499980
 M711 7 2 0.2155 0.784500003
 M712 7 2 0.4620 0.537999988
 M713 7 2 0.4340 0.566000015
 M714 7 2 0.5735 0.426500022
 M715 7 2 0.7620 0.237999976
 M716 7 2 0.5525 0.447499990
 M717 7 2 0.8450 0.154999971
 M718 7 2 0.8785 0.121500015
 M719 7 2 0.0690 0.931000002
 M720 7 2 0.1215 0.878500000
 M721 7 2 0.7160 0.283999979
 M722 7 2 0.8905 0.109499991
 M723 7 2 0.4455 0.554500014
 M724 7 2 0.6950 0.305000007
 M725 7 2 0.0385 0.961500000
 M726 7 2 0.9750 0.024999976
 M727 7 2 0.1100 0.890000001
 M728 7 2 0.3570 0.643000007
 M729 7 2 0.8385 0.161499977
 M730 7 2 0.5985 0.401499987
 M731 7 2 0.7720 0.227999985
 M732 7 2 0.5175 0.482500017
 M733 7 2 0.7975 0.202499986
 M734 7 2 0.0810 0.919000000
 M735 7 2 0.4795 0.520500004
 M736 7 2 0.4360 0.564000010
 M737 7 2 0.4405 0.559500009
 M738 7 2 0.9415 0.058499992
 M739 7 2 0.2440 0.755999997
 M740 7 2 0.7305 0.269500017
 M741 7 2 0.1555 0.844500005
 M742 7 2 0.9115 0.088500023
 M743 7 2 0.2265 0.773499995
 M744 7 2 0.5010 0.499000013
 M745 7 2 0.7610 0.239000022
 M746 7 2 0.4670 0.532999992
 M747 7 2 0.4300 0.569999993
 M748 7 2 0.8030 0.197000027
 M749 7 2 0.7510 0.249000013
 M750 7 2 0.3415 0.658499986
 M751 7 2 0.9100 0.089999974
 M752 7 2 0.5230 0.476999998
 M753 7 2 0.0505 0.949499998
 M754 7 2 0.2640 0.736000001
 M755 7 2 0.5855 0.414499998
 M756 7 2 0.1680 0.832000002
 M757 7 2 0.7725 0.227500021
 M758 7 2 0.7015 0.298500001
 M759 7 2 0.1640 0.835999995
 M760 7 2 0.3345 0.665499985
 M761 7 2 0.9310 0.069000006
 M762 7 2 0.1735 0.826499999
 M763 7 2 0.4670 0.532999992
 M764 7 2 0.4700 0.530000001
 M765 7 2 0.8115 0.188499987
 M766 7 2 0.6235 0.376500010
 M767 7 2 0.6235 0.376500010
 M768 7 2 0.5850 0.415000021
 M769 7 2 0.9780 0.022000015
 M770 7 2 0.9120 0.088000000
 M771 7 2 0.1240 0.876000002
 M772 7 2 0.0670 0.932999998
 M773 7 2 0.6155 0.384500027
 M774 7 2 0.7220 0.277999997
 M775 7 2 0.9440 0.055999994
 M776 7 2 0.9815 0.018499970
 M777 7 2 0.8135 0.186500013
 M778 7 2 0.1270 0.872999996
 M779 7 2 0.1500 0.849999994
 M780 7 2 0.9370 0.063000023
 M781 7 2 0.2215 0.778500006
 M782 7 2 0.7630 0.236999989
 M783 7 2 0.5795 0.420499980
 M784 7 2 0.6630 0.337000012
 M785 7 2 0.6260 0.374000013
 M786 7 2 0.8485 0.151499987
 M787 7 2 0.2890 0.710999995
 M788 7 2 0.5675 0.432500005
 M789 7 2 0.1285 0.871500000
 M790 7 2 0.6815 0.318499982
 M791 7 2 0.0670 0.932999998
 M792 7 2 0.6155 0.384500027
 M793 7 2 0.1220 0.877999999
 M794 7 2 0.2560 0.743999988
 M795 7 2 0.6300 0.370000005
 M796 7 2 0.5130 0.486999989
 M797 7 2 0.6375 0.362500012
 M798 7 2 0.7580 0.241999984
 M799 7 2 0.1100 0.890000001
 M800 7 2 0.5590 0.440999985
 M801 7 2 0.1545 0.845500007
 M802 7 2 0.4195 0.580500007
 M803 7 2 0.1865 0.813500002
 M804 7 2 0.4305 0.569499999
 M805 7 2 0.6710 0.328999996
 M806 7 2 0.5155 0.484499991
 M807 7 2 0.8140 0.185999990
 M808 7 2 0.0670 0.932999998
 M809 7 2 0.8505 0.149500012
 M810 7 2 0.9535 0.046500027
 M811 7 2 0.9905 0.009500027
 M812 7 2 0.4870 0.513000011
 M813 7 2 0.5215 0.478500009
 M814 7 2 0.2720 0.727999985
 M815 7 2 0.3470 0.652999997
 M816 7 2 0.6230 0.376999974
 M817 7 2 0.3115 0.688499987
 M818 7 2 0.5060 0.494000018
 M819 7 2 0.8540 0.146000028
 M820 7 2 0.6525 0.347500026
 M821 7 2 0.1830 0.817000002
 M822 7 2 0.1705 0.829500005
 M823 7 2 0.1910 0.809000000
 M824 7 2 0.9685 0.031499982
 M825 7 2 0.3635 0.636500001
 M826 7 2 0.2690 0.731000006
 M827 7 2 0.4110 0.588999987
 M828 7 2 0.3920 0.608000010
 M829 7 2 0.6835 0.316500008
 M830 7 2 0.3335 0.666500002
 M831 7 2 0.1465 0.853499994
 M832 7 2 0.1970 0.803000003
 M833 7 2 0.3635 0.636500001
 M834 7 2 0.0540 0.945999999
 M835 7 2 0.8295 0.170499980
 M836 7 2 0.2785 0.721500009
 M837 7 2 0.0705 0.929499999
 M838 7 2 0.0755 0.924500003
 M839 7 2 0.1180 0.881999999
 M840 7 2 0.2725 0.727499992
 M841 7 2 0.1215 0.878500000
 M842 7 2 0.8730 0.126999974
 M843 7 2 0.9535 0.046500027
 M844 7 2 0.1675 0.832499996
 M845 7 2 0.9650 0.035000026
 M846 7 2 0.7115 0.288500011
 M847 7 2 0.1090 0.891000003
 M848 7 2 0.2860 0.713999987
 M849 7 2 0.2615 0.738499999
 M850 7 2 0.7770 0.222999990
 M851 7 2 0.7685 0.231500030
 M852 7 2 0.0505 0.949499998
 M853 7 2 0.0625 0.937500000
 M854 7 2 0.6425 0.357500017
 M855 7 2 0.3250 0.675000012
 M856 7 2 0.7570 0.242999971
 M857 7 2 0.3730 0.627000004
 M858 7 2 0.7550 0.245000005
 M859 7 2 0.6805 0.319500029
 M860 7 2 0.9690 0.031000018
 M861 7 2 0.4280 0.571999997
 M862 7 2 0.8500 0.149999976
 M863 7 2 0.9420 0.058000028
 M864 7 2 0.1320 0.868000001
 M865 7 2 0.0395 0.960499998
 M866 7 2 0.8370 0.162999988
 M867 7 2 0.4475 0.552500010
 M868 7 2 0.2755 0.724500000
 M869 7 2 0.6850 0.314999998
 M870 7 2 0.4905 0.509499997
 M871 7 2 0.2010 0.798999995
 M872 7 2 0.9665 0.033500016
 M873 7 2 0.3055 0.694499999
 M874 7 2 0.4245 0.575500011
 M875 7 2 0.0530 0.947000001
 M876 7 2 0.4620 0.537999988
 M877 7 2 0.2245 0.775500000
 M878 7 2 0.2715 0.728500009
 M879 7 2 0.6735 0.326499999
 M880 7 2 0.3410 0.659000009
 M881 7 2 0.7780 0.222000003
 M882 7 2 0.5130 0.486999989
 M883 7 2 0.5460 0.453999996
 M884 7 2 0.6890 0.310999990
 M885 7 2 0.3955 0.604499996
 M886 7 2 0.7540 0.245999992
 M887 7 2 0.4450 0.555000007
 M888 7 2 0.4705 0.529500008
 M889 7 2 0.4835 0.516499996
 M890 7 2 0.3570 0.643000007
 M891 7 2 0.8435 0.156499982
 M892 7 2 0.3575 0.642500013
 M893 7 2 0.2395 0.760499999
 M894 7 2 0.2955 0.704499990
 M895 7 2 0.4975 0.502499998
 M896 7 2 0.2195 0.780499995
 M897 7 2 0.2270 0.773000002
 M898 7 2 0.8940 0.106000006
 M899 7 2 0.4315 0.568500012
 M900 7 2 0.4990 0.500999987
 M901 7 2 0.3010 0.699000001
 M902 7 2 0.8125 0.187500000
 M903 7 2 0.5390 0.461000025
 M904 7 2 0.4060 0.594000012
 M905 7 2 0.7310 0.268999994
 M906 7 2 0.9190 0.080999970
 M907 7 2 0.4310 0.569000006
 M908 7 2 0.5195 0.480499983
 M909 7 2 0.4490 0.550999999
 M910 7 2 0.9710 0.028999984
 M911 7 2 0.4595 0.540499985
 M912 7 2 0.5530 0.447000027
 M913 7 2 0.7245 0.275500000
 M914 7 2 0.8080 0.191999972
 M915 7 2 0.8370 0.162999988
 M916 7 2 0.0485 0.951499999
 M917 7 2 0.2520 0.747999996
 M918 7 2 0.2025 0.797499999
 M919 7 2 0.1685 0.831499994
 M920 7 2 0.1000 0.899999999
 M921 7 2 0.7790 0.221000016
 M922 7 2 0.8540 0.146000028
 M923 7 2 0.3885 0.611499995
 M924 7 2 0.1275 0.872500002
 M925 7 2 0.4420 0.557999998
 M926 7 2 0.7850 0.214999974
 M927 7 2 0.1055 0.894500002
 M928 7 2 0.2385 0.761500001
 M929 7 2 0.3320 0.668000013
 M930 7 2 0.7435 0.256500006
 M931 7 2 0.6465 0.353500009
 M932 7 2 0.5000 0.500000000
 M933 7 2 0.5715 0.428499997
 M934 7 2 0.3125 0.687500000
 M935 7 2 0.8215 0.178499997
 M936 7 2 0.4620 0.537999988
 M937 7 2 0.3555 0.644499987
 M938 7 2 0.8385 0.161499977
 M939 7 2 0.2835 0.716500014
 M940 7 2 0.8090 0.190999985
 M941 7 2 0.2265 0.773499995
 M942 7 2 0.7770 0.222999990
 M943 7 2 0.3880 0.611999989
 M944 7 2 0.4180 0.581999987
 M945 7 2 0.4825 0.517500013
 M946 7 2 0.6285 0.371500015
 M947 7 2 0.0680 0.931999996
 M948 7 2 0.3070 0.692999989
 M949 7 2 0.8930 0.106999993
 M950 7 2 0.1150 0.884999998
 M951 7 2 0.2130 0.787000000
 M952 7 2 0.2740 0.726000011
 M953 7 2 0.5165 0.483500004
 M954 7 2 0.4350 0.564999998
 M955 7 2 0.8150 0.185000002
 M956 7 2 0.7300 0.269999981
 M957 7 2 0.1610 0.839000002
 M958 7 2 0.8145 0.185500026
 M959 7 2 0.1715 0.828500003
 M960 7 2 0.9085 0.091499984
 M961 7 2 0.2325 0.767499998
 M962 7 2 0.8265 0.173500001
 M963 7 2 0.2735 0.726500005
 M964 7 2 0.2020 0.797999993
 M965 7 2 0.1390 0.861000001
 M966 7 2 0.2200 0.780000001
 M967 7 2 0.5410 0.458999991
 M968 7 2 0.7340 0.265999973
 M969 7 2 0.3965 0.603500009
 M970 7 2 0.2505 0.749500006
 M971 7 2 0.2500 0.750000000
 M972 7 2 0.6025 0.397499979
 M973 7 2 0.6985 0.301500022
 M974 7 2 0.6855 0.314499974
 M975 7 2 0.5935 0.406499982
 M976 7 2 0.3240 0.675999999
 M977 7 2 0.4580 0.541999996
 M978 7 2 0.2835 0.716500014
 M979 7 2 0.6045 0.395500004
 M980 7 2 0.0565 0.943500001
 M981 7 2 0.0710 0.928999998
 M982 7 2 0.3540 0.645999998
 M983 7 2 0.6225 0.377499998
 M984 7 2 0.6465 0.353500009
 M985 7 2 0.0445 0.955499999
 M986 7 2 0.7470 0.253000021
 M987 7 2 0.6695 0.330500007
 M988 7 2 0.3205 0.679500014
 M989 7 2 0.2845 0.715499997
 M990 7 2 0.9320 0.068000019
 M991 7 2 0.9690 0.031000018
 M992 7 2 0.6410 0.359000027
 M993 7 2 0.0865 0.913500004
 M994 7 2 0.3340 0.666000009
 M995 7 2 0.5725 0.427500010
 M996 7 2 0.7630 0.236999989
 M997 7 2 0.3890 0.611000001
 M998 7 2 0.0795 0.920500003
 M999 7 2 0.4850 0.514999986
M1000 7 2 0.5440 0.455999970
M1001 7 2 0.8240 0.175999999
M1002 7 2 0.2385 0.761500001
M1003 7 2 0.7375 0.262499988
M1004 7 2 0.9565 0.043500006
M1005 7 2 0.0865 0.913500004
M1006 7 2 0.7245 0.275500000
M1007 7 2 0.7765 0.223500013
M1008 7 2 0.1860 0.813999996
M1009 7 2 0.7910 0.208999991
M1010 7 2 0.7660 0.234000027
M1011 7 2 0.8365 0.163500011
M1012 7 2 0.5995 0.400500000
M1013 7 2 0.4590 0.541000009
M1014 7 2 0.8940 0.106000006
M1015 7 2 0.7745 0.225499988
M1016 7 2 0.3305 0.669499993
M1017 7 2 0.5725 0.427500010
M1018 7 2 0.3920 0.608000010
M1019 7 2 0.5515 0.448499978
M1020 7 2 0.7455 0.254499972
M1021 7 2 0.6905 0.309499979
M1022 7 2 0.5500 0.449999988
M1023 7 2 0.0300 0.970000001
M1024 7 2 0.4075 0.592500001
M1025 7 2 0.7230 0.277000010
M1026 7 2 0.3970 0.602999985
M1027 7 2 0.2670 0.733000010
M1028 7 2 0.9550 0.045000017
M1029 7 2 0.2595 0.740500003
M1030 7 2 0.4455 0.554500014
M1031 7 2 0.8215 0.178499997
M1032 7 2 0.8690 0.130999982
M1033 7 2 0.1625 0.837500006
M1034 7 2 0.2510 0.749000013
M1035 7 2 0.5980 0.402000010
M1036 7 2 0.4090 0.590999991
M1037 7 2 0.4220 0.578000009
M1038 7 2 0.0380 0.962000001
M1039 7 2 0.7760 0.223999977
M1040 7 2 0.6540 0.346000016
M1041 7 2 0.5890 0.411000013
M1042 7 2 0.7125 0.287500024
M1043 7 2 0.3035 0.696500003
M1044 7 2 0.1690 0.831000000
M1045 7 2 0.3425 0.657499999
M1046 7 2 0.6340 0.365999997
M1047 7 2 0.5660 0.434000015
M1048 7 2 0.7965 0.203499973
M1049 7 2 0.1305 0.869499996
M1050 7 2 0.0290 0.971000001
M1051 7 2 0.6535 0.346499979
M1052 7 2 0.5010 0.499000013
M1053 7 2 0.9415 0.058499992
M1054 7 2 0.6890 0.310999990
M1055 7 2 0.2685 0.731500000
M1056 7 2 0.6310 0.369000018
M1057 7 2 0.7950 0.204999983
M1058 7 2 0.8790 0.120999992
M1059 7 2 0.0955 0.904500000
M1060 7 2 0.4365 0.563499987
M1061 7 2 0.6660 0.333999991
M1062 7 2 0.1750 0.825000003
M1063 7 2 0.2310 0.768999994
M1064 7 2 0.4615 0.538500011
M1065 7 2 0.2855 0.714500010
M1066 7 2 0.5785 0.421500027
M1067 7 2 0.4285 0.571500003
M1068 7 2 0.6215 0.378499985
M1069 7 2 0.3875 0.612500012
M1070 7 2 0.5965 0.403500021
M1071 7 2 0.3615 0.638500005
M1072 7 2 0.5190 0.481000006
M1073 7 2 0.4535 0.546499997
M1074 7 2 0.2280 0.772000000
M1075 7 2 0.3735 0.626500010
M1076 7 2 0.7385 0.261500001
M1077 7 2 0.5685 0.431500018
M1078 7 2 0.5490 0.450999975
M1079 7 2 0.9115 0.088500023
M1080 7 2 0.3990 0.601000011
M1081 7 2 0.3410 0.659000009
M1082 7 2 0.5305 0.469500005
M1083 7 2 0.1865 0.813500002
M1084 7 2 0.4430 0.557000011
M1085 7 2 0.5345 0.465499997
M1086 7 2 0.5825 0.417500019
M1087 7 2 0.8025 0.197499990
M1088 7 2 0.9440 0.055999994
M1089 7 2 0.5565 0.443499982
M1090 7 2 0.9690 0.031000018
M1091 7 2 0.5900 0.410000026
M1092 7 2 0.6420 0.357999980
M1093 7 2 0.7695 0.230499983
M1094 7 2 0.5490 0.450999975
M1095 7 2 0.7935 0.206499994
M1096 7 2 0.2790 0.720999986
M1097 7 2 0.8815 0.118499994
M1098 7 2 0.8005 0.199500024
M1099 7 2 0.5435 0.456499994
M1100 7 2 0.6895 0.310500026
M1101 7 2 0.4450 0.555000007
M1102 7 2 0.9870 0.013000011
M1103 7 2 0.6115 0.388499975
M1104 7 2 0.1645 0.835500002
M1105 7 2 0.7670 0.232999980
M1106 7 2 0.4745 0.525500000
M1107 7 2 0.2380 0.761999995
M1108 7 2 0.1545 0.845500007
M1109 7 2 0.9515 0.048500001
M1110 7 2 0.5775 0.422500014
M1111 7 2 0.4555 0.544499993
M1112 7 2 0.2960 0.703999996
M1113 7 2 0.6705 0.329500020
M1114 7 2 0.3395 0.660499990
M1115 7 2 0.7140 0.286000013
M1116 7 2 0.6810 0.319000006
M1117 7 2 0.0505 0.949499998
M1118 7 2 0.6285 0.371500015
M1119 7 2 0.7340 0.265999973
M1120 7 2 0.1615 0.838499993
M1121 7 2 0.8275 0.172500014
M1122 7 2 0.2215 0.778500006
M1123 7 2 0.6075 0.392499983
M1124 7 2 0.3345 0.665499985
M1125 7 2 0.4705 0.529500008
M1126 7 2 0.0585 0.941500001
M1127 7 2 0.1185 0.881499998
M1128 7 2 0.6400 0.360000014
M1129 7 2 0.2865 0.713499993
M1130 7 2 0.3950 0.604999989
M1131 7 2 0.7135 0.286499977
M1132 7 2 0.7015 0.298500001
M1133 7 2 0.6170 0.383000016
M1134 7 2 0.8635 0.136500001
M1135 7 2 0.2650 0.735000014
M1136 7 2 0.9350 0.064999998
M1137 7 2 0.0975 0.902500004
M1138 7 2 0.6550 0.345000029
M1139 7 2 0.4755 0.524500012
M1140 7 2 0.4295 0.570499986
M1141 7 2 0.2465 0.753500000
M1142 7 2 0.6340 0.365999997
M1143 7 2 0.6095 0.390500009
M1144 7 2 0.2970 0.703000009
M1145 7 2 0.3990 0.601000011
M1146 7 2 0.8075 0.192499995
M1147 7 2 0.1485 0.851500005
M1148 7 2 0.1565 0.843500003
M1149 7 2 0.1315 0.868499994
M1150 7 2 0.1835 0.816499993
M1151 7 2 0.6110 0.388999999
M1152 7 2 0.1795 0.820500001
M1153 7 2 0.1535 0.846499994
M1154 7 2 0.0035 0.996500000
M1155 7 2 0.2660 0.733999997
M1156 7 2 0.5330 0.467000008
M1157 7 2 0.7595 0.240499973
M1158 7 2 0.2285 0.771500006
M1159 7 2 0.2015 0.798500001
M1160 7 2 0.9895 0.010500014
M1161 7 2 0.1380 0.862000003
M1162 7 2 0.7930 0.207000017
M1163 7 2 0.1260 0.873999998
M1164 7 2 0.5845 0.415499985
M1165 7 2 0.4495 0.550500005
M1166 7 2 0.2220 0.777999997
M1167 7 2 0.5460 0.453999996
M1168 7 2 0.0260 0.973999999
M1169 7 2 0.4855 0.514499992
M1170 7 2 0.6045 0.395500004
M1171 7 2 0.3430 0.657000005
M1172 7 2 0.4265 0.573500007
M1173 7 2 0.6415 0.358500004
M1174 7 2 0.4270 0.573000014
M1175 7 2 0.5865 0.413500011
M1176 7 2 0.0960 0.903999999
M1177 7 2 0.4225 0.577499986
M1178 7 2 0.1265 0.873500004
M1179 7 2 0.6210 0.379000008
M1180 7 2 0.7495 0.250500023
M1181 7 2 0.9875 0.012499988
M1182 7 2 0.0115 0.988500000
M1183 7 2 0.2995 0.700500011
M1184 7 2 0.0975 0.902500004
M1185 7 2 0.8335 0.166499972
M1186 7 2 0.7975 0.202499986
M1187 7 2 0.5940 0.406000018
M1188 7 2 0.8350 0.165000021
M1189 7 2 0.2155 0.784500003
M1190 7 2 0.9215 0.078499973
M1191 7 2 0.7010 0.299000025
M1192 7 2 0.9235 0.076499999
M1193 7 2 0.3020 0.698000014
M1194 7 2 0.8975 0.102500021
M1195 7 2 0.4750 0.525000006
M1196 7 2 0.1830 0.817000002
M1197 7 2 0.6120 0.388000011
M1198 7 2 0.0175 0.982500000
M1199 7 2 0.0285 0.971500000
M1200 7 2 0.1400 0.859999999
M1201 7 2 0.2760 0.724000007
M1202 7 2 0.7085 0.291499972
M1203 7 2 0.2705 0.729499996
M1204 7 2 0.4125 0.587500006
M1205 7 2 0.8325 0.167500019
M1206 7 2 0.6510 0.348999977
M1207 7 2 0.1695 0.830500007
M1208 7 2 0.8885 0.111500025
M1209 7 2 0.0375 0.962499999
M1210 7 2 0.6360 0.364000022
M1211 7 2 0.8865 0.113499999
M1212 7 2 0.3930 0.606999993
M1213 7 2 0.9320 0.068000019
M1214 7 2 0.1250 0.875000000
M1215 7 2 0.0905 0.909500003
M1216 7 2 0.3380 0.662000000
M1217 7 2 0.9655 0.034500003
M1218 7 2 0.0815 0.918499999
M1219 7 2 0.6070 0.393000007
M1220 7 2 0.4620 0.537999988
M1221 7 2 0.3575 0.642500013
M1222 7 2 0.1280 0.871999994
M1223 7 2 0.1900 0.810000002
M1224 7 2 0.2170 0.783000007
M1225 7 2 0.2990 0.701000005
M1226 7 2 0.9220 0.078000009
M1227 7 2 0.9215 0.078499973
M1228 7 2 0.2335 0.766499996
M1229 7 2 0.9825 0.017499983
M1230 7 2 0.7030 0.296999991
M1231 7 2 0.8270 0.172999978
M1232 7 2 0.9145 0.085500002
M1233 7 2 0.7770 0.222999990
M1234 7 2 0.3440 0.655999988
M1235 7 2 0.5705 0.429499984
M1236 7 2 0.9735 0.026499987
M1237 7 2 0.5150 0.485000014
M1238 7 2 0.4115 0.588499993
M1239 7 2 0.0535 0.946500000
M1240 7 2 0.3770 0.622999996
M1241 7 2 0.2070 0.792999998
M1242 7 2 0.9710 0.028999984
M1243 7 2 0.6295 0.370500028
M1244 7 2 0.6175 0.382499993
M1245 7 2 0.2195 0.780499995
M1246 7 2 0.2455 0.754500002
M1247 7 2 0.9710 0.028999984
M1248 7 2 0.4205 0.579499990
M1249 7 2 0.7290 0.271000028
M1250 7 2 0.3360 0.664000005
M1251 7 2 0.9610 0.038999975
M1252 7 2 0.9585 0.041499972
M1253 7 2 0.7045 0.295499980
M1254 7 2 0.4525 0.547500014
M1255 7 2 0.5600 0.439999998
M1256 7 2 0.6330 0.366999984
M1257 7 2 0.0820 0.917999998
M1258 7 2 0.2240 0.775999993
M1259 7 2 0.8865 0.113499999
M1260 7 2 0.9395 0.060500026
M1261 7 2 0.8715 0.128499985
M1262 7 2 0.8990 0.101000011
M1263 7 2 0.7695 0.230499983
M1264 7 2 0.7560 0.244000018
M1265 7 2 0.7060 0.294000030
M1266 7 2 0.3120 0.687999994
M1267 7 2 0.7400 0.259999990
M1268 7 2 0.5935 0.406499982
M1269 7 2 0.5085 0.491500020
M1270 7 2 0.8920 0.107999980
M1271 7 2 0.9555 0.044499993
M1272 7 2 0.3445 0.655499995
M1273 7 2 0.1960 0.804000005
M1274 7 2 0.4050 0.594999999
M1275 7 2 0.9255 0.074500024
M1276 7 2 0.4990 0.500999987
M1277 7 2 0.2845 0.715499997
M1278 7 2 0.6300 0.370000005
M1279 7 2 0.2750 0.724999994
M1280 7 2 0.5805 0.419499993
M1281 7 2 0.2880 0.712000012
M1282 7 2 0.7505 0.249499977
M1283 7 2 0.0185 0.981500000
M1284 7 2 0.3080 0.692000002
M1285 7 2 0.1140 0.886000000
M1286 7 2 0.3780 0.622000009
M1287 7 2 0.7135 0.286499977
M1288 7 2 0.8270 0.172999978
M1289 7 2 0.4520 0.548000008
M1290 7 2 0.6070 0.393000007
M1291 7 2 0.6795 0.320500016
M1292 7 2 0.9185 0.081499994
M1293 7 2 0.0810 0.919000000
M1294 7 2 0.2600 0.740000010
M1295 7 2 0.7525 0.247500002
M1296 7 2 0.2560 0.743999988
M1297 7 2 0.5935 0.406499982
M1298 7 2 0.3590 0.641000003
M1299 7 2 0.8940 0.106000006
M1300 7 2 0.4430 0.557000011
M1301 7 2 0.0610 0.938999999
M1302 7 2 0.7325 0.267499983
M1303 7 2 0.7750 0.225000024
M1304 7 2 0.6555 0.344500005
M1305 7 2 0.1090 0.891000003
M1306 7 2 0.2530 0.747000009
M1307 7 2 0.3810 0.618999988
M1308 7 2 0.6665 0.333500028
M1309 7 2 0.6945 0.305499971
M1310 7 2 0.4030 0.597000003
M1311 7 2 0.5470 0.453000009
M1312 7 2 0.8305 0.169499993
M1313 7 2 0.3955 0.604499996
M1314 7 2 0.0620 0.938000001
M1315 7 2 0.8750 0.125000000
M1316 7 2 0.9175 0.082499981
M1317 7 2 0.1825 0.817499995
M1318 7 2 0.4200 0.580000013
M1319 7 2 0.7125 0.287500024
M1320 7 2 0.1395 0.860499993
M1321 7 2 0.2500 0.750000000
M1322 7 2 0.7435 0.256500006
M1323 7 2 0.2275 0.772499993
M1324 7 2 0.9700 0.029999971
M1325 7 2 0.9935 0.006500006
M1326 7 2 0.6355 0.364499986
M1327 7 2 0.7895 0.210500002
M1328 7 2 0.2410 0.759000003
M1329 7 2 0.8840 0.115999997
M1330 7 2 0.8655 0.134500027
M1331 7 2 0.5085 0.491500020
M1332 7 2 0.3490 0.650999993
M1333 7 2 0.8025 0.197499990
M1334 7 2 0.6235 0.376500010
M1335 7 2 0.6690 0.330999970
M1336 7 2 0.7090 0.291000009
M1337 7 2 0.5070 0.492999971
M1338 7 2 0.6210 0.379000008
M1339 7 2 0.2695 0.730500013
M1340 7 2 0.6595 0.340499997
M1341 7 2 0.3290 0.671000004
M1342 7 2 0.0055 0.994500000
M1343 7 2 0.0635 0.936499998
M1344 7 2 0.2650 0.735000014
M1345 7 2 0.4370 0.562999994
M1346 7 2 0.0750 0.924999997
M1347 7 2 0.8555 0.144500017
M1348 7 2 0.9670 0.032999992
M1349 7 2 0.7520 0.248000026
M1350 7 2 0.0210 0.979000000
M1351 7 3 0.0450 0.954999998
M1352 7 3 0.3000 0.699999988
M1353 7 3 0.6195 0.380500019
M1354 7 3 0.5105 0.489499986
M1355 7 3 0.1615 0.838499993
M1356 7 3 0.4305 0.569499999
M1357 7 3 0.3945 0.605500013
M1358 7 3 0.7720 0.227999985
M1359 7 3 0.6480 0.351999998
M1360 7 3 0.2950 0.705000013
M1361 7 3 0.6220 0.378000021
M1362 7 3 0.6040 0.396000028
M1363 7 3 0.0395 0.960499998
M1364 7 3 0.5060 0.494000018
M1365 7 3 0.8340 0.166000009
M1366 7 3 0.4715 0.528499991
M1367 7 3 0.1065 0.893500000
M1368 7 3 0.4925 0.507499993
M1369 7 3 0.0875 0.912500001
M1370 7 3 0.0780 0.921999998
M1371 7 3 0.4465 0.553499997
M1372 7 3 0.6865 0.313499987
M1373 7 3 0.1155 0.884499997
M1374 7 3 0.4230 0.576999992
M1375 7 3 0.2035 0.796499997
M1376 7 3 0.4995 0.500499994
M1377 7 3 0.8165 0.183499992
M1378 7 3 0.4175 0.582500011
M1379 7 3 0.1750 0.825000003
M1380 7 3 0.8090 0.190999985
M1381 7 3 0.5620 0.438000023
M1382 7 3 0.5130 0.486999989
M1383 7 3 0.0975 0.902500004
M1384 7 3 0.3255 0.674499989
M1385 7 3 0.4765 0.523499995
M1386 7 3 0.3375 0.662499994
M1387 7 3 0.5950 0.404999971
M1388 7 3 0.4375 0.562500000
M1389 7 3 0.9870 0.013000011
M1390 7 3 0.5550 0.444999993
M1391 7 3 0.4460 0.553999990
M1392 7 3 0.6930 0.306999981
M1393 7 3 0.2465 0.753500000
M1394 7 3 0.6650 0.334999979
M1395 7 3 0.6685 0.331499994
M1396 7 3 0.5120 0.487999976
M1397 7 3 0.8920 0.107999980
M1398 7 3 0.6630 0.337000012
M1399 7 3 0.2720 0.727999985
M1400 7 3 0.7925 0.207499981
M1401 7 3 0.7235 0.276499987
M1402 7 3 0.4920 0.507999986
M1403 7 3 0.3085 0.691500008
M1404 7 3 0.5265 0.473500013
M1405 7 3 0.4380 0.562000006
M1406 7 3 0.2990 0.701000005
M1407 7 3 0.4765 0.523499995
M1408 7 3 0.6150 0.384999990
M1409 7 3 0.0025 0.997500000
M1410 7 3 0.8270 0.172999978
M1411 7 3 0.4680 0.532000005
M1412 7 3 0.2530 0.747000009
M1413 7 3 0.4340 0.566000015
M1414 7 3 0.8480 0.152000010
M1415 7 3 0.2355 0.764500007
M1416 7 3 0.7515 0.248499990
M1417 7 3 0.5110 0.489000022
M1418 7 3 0.5210 0.478999972
M1419 7 3 0.1425 0.857500002
M1420 7 3 0.6215 0.378499985
M1421 7 3 0.2115 0.788499996
M1422 7 3 0.4820 0.518000007
M1423 7 3 0.5675 0.432500005
M1424 7 3 0.7800 0.220000029
M1425 7 3 0.6905 0.309499979
M1426 7 3 0.6265 0.373499990
M1427 7 3 0.9105 0.089500010
M1428 7 3 0.3745 0.625499994
M1429 7 3 0.0715 0.928499997
M1430 7 3 0.6485 0.351499975
M1431 7 3 0.7200 0.279999971
M1432 7 3 0.4355 0.564500004
M1433 7 3 0.9905 0.009500027
M1434 7 3 0.1240 0.876000002
M1435 7 3 0.2315 0.768500000
M1436 7 3 0.6495 0.350499988
M1437 7 3 0.7475 0.252499998
M1438 7 3 0.1890 0.811000004
M1439 7 3 0.2370 0.762999997
M1440 7 3 0.6045 0.395500004
M1441 7 3 0.7310 0.268999994
M1442 7 3 0.5370 0.463000000
M1443 7 3 0.2195 0.780499995
M1444 7 3 0.6985 0.301500022
M1445 7 3 0.8040 0.195999980
M1446 7 3 0.7810 0.218999982
M1447 7 3 0.5640 0.435999990
M1448 7 3 0.5810 0.419000030
M1449 7 3 0.1340 0.865999997
M1450 7 3 0.5295 0.470499992
M1451 7 3 0.1740 0.826000005
M1452 7 3 0.8365 0.163500011
M1453 7 3 0.5055 0.494499981
M1454 7 3 0.0325 0.967500001
M1455 7 3 0.3265 0.673500001
M1456 7 3 0.7670 0.232999980
M1457 7 3 0.0915 0.908500001
M1458 7 3 0.1660 0.834000006
M1459 7 3 0.1000 0.899999999
M1460 7 3 0.4535 0.546499997
M1461 7 3 0.9155 0.084500015
M1462 7 3 0.5945 0.405499995
M1463 7 3 0.1625 0.837500006
M1464 7 3 0.7590 0.240999997
M1465 7 3 0.9205 0.079500020
M1466 7 3 0.6500 0.350000024
M1467 7 3 0.8785 0.121500015
M1468 7 3 0.4600 0.539999992
M1469 7 3 0.1810 0.819000006
M1470 7 3 0.1920 0.807999998
M1471 7 3 0.0500 0.949999999
M1472 7 3 0.6150 0.384999990
M1473 7 3 0.3580 0.641999990
M1474 7 3 0.5825 0.417500019
M1475 7 3 0.7630 0.236999989
M1476 7 3 0.4795 0.520500004
M1477 7 3 0.6725 0.327499986
M1478 7 3 0.3555 0.644499987
M1479 7 3 0.4610 0.539000005
M1480 7 3 0.4750 0.525000006
M1481 7 3 0.2220 0.777999997
M1482 7 3 0.7475 0.252499998
M1483 7 3 0.4360 0.564000010
M1484 7 3 0.5990 0.401000023
M1485 7 3 0.3645 0.635500014
M1486 7 3 0.7895 0.210500002
M1487 7 3 0.8240 0.175999999
M1488 7 3 0.5865 0.413500011
M1489 7 3 0.5795 0.420499980
M1490 7 3 0.0155 0.984500000
M1491 7 3 0.0170 0.982999999
M1492 7 3 0.4880 0.511999995
M1493 7 3 0.8085 0.191500008
M1494 7 3 0.4670 0.532999992
M1495 7 3 0.2550 0.745000005
M1496 7 3 0.7375 0.262499988
M1497 7 3 0.4380 0.562000006
M1498 7 3 0.5865 0.413500011
M1499 7 3 0.5195 0.480499983
M1500 7 3 0.6135 0.386500001
M1501 7 3 0.7600 0.240000010
M1502 7 3 0.7515 0.248499990
M1503 7 3 0.1580 0.841999993
M1504 7 3 0.7090 0.291000009
M1505 7 3 0.4220 0.578000009
M1506 7 3 0.6890 0.310999990
M1507 7 3 0.1575 0.842500001
M1508 7 3 0.1435 0.856500000
M1509 7 3 0.0670 0.932999998
M1510 7 3 0.5500 0.449999988
M1511 7 3 0.7945 0.205500007
M1512 7 3 0.9065 0.093500018
M1513 7 3 0.4005 0.599500000
M1514 7 3 0.2405 0.759499997
M1515 7 3 0.7625 0.237500012
M1516 7 3 0.3315 0.668500006
M1517 7 3 0.2055 0.794499993
M1518 7 3 0.9575 0.042500019
M1519 7 3 0.5870 0.412999988
M1520 7 3 0.2595 0.740500003
M1521 7 3 0.2730 0.726999998
M1522 7 3 0.4070 0.592999995
M1523 7 3 0.5475 0.452499986
M1524 7 3 0.3265 0.673500001
M1525 7 3 0.9080 0.092000008
M1526 7 3 0.1560 0.843999997
M1527 7 3 0.9575 0.042500019
M1528 7 3 0.4520 0.548000008
M1529 7 3 0.6140 0.385999978
M1530 7 3 0.5180 0.481999993
M1531 7 3 0.0220 0.978000000
M1532 7 3 0.5530 0.447000027
M1533 7 3 0.9000 0.100000024
M1534 7 3 0.4960 0.504000008
M1535 7 3 0.5555 0.444500029
M1536 7 3 0.7730 0.226999998
M1537 7 3 0.6540 0.346000016
M1538 7 3 0.6940 0.305999994
M1539 7 3 0.6125 0.387499988
M1540 7 3 0.6010 0.398999989
M1541 7 3 0.3775 0.622500002
M1542 7 3 0.2615 0.738499999
M1543 7 3 0.2950 0.705000013
M1544 7 3 0.3215 0.678499997
M1545 7 3 0.4215 0.578500003
M1546 7 3 0.2935 0.706499994
M1547 7 3 0.8585 0.141499996
M1548 7 3 0.6990 0.300999999
M1549 7 3 0.5205 0.479499996
M1550 7 3 0.1580 0.841999993
M1551 7 3 0.6390 0.361000001
M1552 7 3 0.1585 0.841499999
M1553 7 3 0.7180 0.282000005
M1554 7 3 0.5440 0.455999970
M1555 7 3 0.2270 0.773000002
M1556 7 3 0.4735 0.526499987
M1557 7 3 0.7100 0.290000021
M1558 7 3 0.4050 0.594999999
M1559 7 3 0.5535 0.446500003
M1560 7 3 0.6820 0.318000019
M1561 7 3 0.5655 0.434499979
M1562 7 3 0.8775 0.122500002
M1563 7 3 0.3385 0.661500007
M1564 7 3 0.6810 0.319000006
M1565 7 3 0.8650 0.134999990
M1566 7 3 0.8960 0.103999972
M1567 7 3 0.7205 0.279500008
M1568 7 3 0.9080 0.092000008
M1569 7 3 0.3590 0.641000003
M1570 7 3 0.2910 0.708999991
M1571 7 3 0.6445 0.355499983
M1572 7 3 0.7305 0.269500017
M1573 7 3 0.1260 0.873999998
M1574 7 3 0.3935 0.606500000
M1575 7 3 0.2550 0.745000005
M1576 7 3 0.6105 0.389500022
M1577 7 3 0.7215 0.278500021
M1578 7 3 0.1335 0.866500005
M1579 7 3 0.0390 0.960999999
M1580 7 3 0.5875 0.412500024
M1581 7 3 0.3730 0.627000004
M1582 7 3 0.1930 0.806999996
M1583 7 3 0.3045 0.695499986
M1584 7 3 0.5385 0.461499989
M1585 7 3 0.4630 0.537000000
M1586 7 3 0.2405 0.759499997
