ID Generation Chr Freq.Allele1 Freq.Allele2
   M1 1 1 0.2320 0.768000007
   M2 1 1 0.3680 0.631999999
   M3 1 1 0.7245 0.275500000
   M4 1 1 0.7065 0.293500006
   M5 1 1 0.1070 0.892999999
   M6 1 1 0.5510 0.449000001
   M7 1 1 0.5430 0.457000017
   M8 1 1 0.4405 0.559500009
   M9 1 1 0.2320 0.768000007
  M10 1 1 0.7785 0.221499979
  M11 1 1 0.6020 0.398000002
  M12 1 1 0.7295 0.270500004
  M13 1 1 0.9670 0.032999992
  M14 1 1 0.8490 0.151000023
  M15 1 1 0.7085 0.291499972
  M16 1 1 0.6445 0.355499983
  M17 1 1 0.3210 0.678999990
  M18 1 1 0.5570 0.443000019
  M19 1 1 0.4945 0.505499989
  M20 1 1 0.9585 0.041499972
  M21 1 1 0.6935 0.306500018
  M22 1 1 0.4630 0.537000000
  M23 1 1 0.6315 0.368499994
  M24 1 1 0.0640 0.935999997
  M25 1 1 0.7245 0.275500000
  M26 1 1 0.5755 0.424499989
  M27 1 1 0.4080 0.592000008
  M28 1 1 0.6910 0.309000015
  M29 1 1 0.4125 0.587500006
  M30 1 1 0.7115 0.288500011
  M31 1 1 0.0240 0.976000000
  M32 1 1 0.3510 0.648999989
  M33 1 1 0.8370 0.162999988
  M34 1 1 0.3460 0.654000014
  M35 1 1 0.6975 0.302500010
  M36 1 1 0.5770 0.422999978
  M37 1 1 0.7070 0.292999983
  M38 1 1 0.3090 0.691000015
  M39 1 1 0.4470 0.553000003
  M40 1 1 0.7965 0.203499973
  M41 1 1 0.6900 0.310000002
  M42 1 1 0.5875 0.412500024
  M43 1 1 0.7295 0.270500004
  M44 1 1 0.7045 0.295499980
  M45 1 1 0.6955 0.304499984
  M46 1 1 0.0725 0.927500002
  M47 1 1 0.1975 0.802499995
  M48 1 1 0.4840 0.516000003
  M49 1 1 0.2655 0.734499991
  M50 1 1 0.4815 0.518500000
  M51 1 1 0.3215 0.678499997
  M52 1 1 0.6845 0.315500021
  M53 1 1 0.3910 0.608999997
  M54 1 1 0.6520 0.347999990
  M55 1 1 0.0930 0.906999998
  M56 1 1 0.2890 0.710999995
  M57 1 1 0.5725 0.427500010
  M58 1 1 0.4920 0.507999986
  M59 1 1 0.7715 0.228500009
  M60 1 1 0.5830 0.416999996
  M61 1 1 0.7125 0.287500024
  M62 1 1 0.3325 0.667499989
  M63 1 1 0.4335 0.566500008
  M64 1 1 0.4775 0.522500008
  M65 1 1 0.9160 0.083999991
  M66 1 1 0.5900 0.410000026
  M67 1 1 0.2670 0.733000010
  M68 1 1 0.5330 0.467000008
  M69 1 1 0.6980 0.301999986
  M70 1 1 0.2230 0.776999995
  M71 1 1 0.7315 0.268499970
  M72 1 1 0.4060 0.594000012
  M73 1 1 0.5905 0.409500003
  M74 1 1 0.5880 0.412000000
  M75 1 1 0.7195 0.280499995
  M76 1 1 0.3860 0.613999993
  M77 1 1 0.5995 0.400500000
  M78 1 1 0.3835 0.616499990
  M79 1 1 0.3685 0.631500006
  M80 1 1 0.2390 0.761000007
  M81 1 1 0.7820 0.217999995
  M82 1 1 0.4200 0.580000013
  M83 1 1 0.4195 0.580500007
  M84 1 1 0.1885 0.811499998
  M85 1 1 0.1380 0.862000003
  M86 1 1 0.6825 0.317499995
  M87 1 1 0.6715 0.328499973
  M88 1 1 0.1745 0.825499997
  M89 1 1 0.5535 0.446500003
  M90 1 1 0.8320 0.167999983
  M91 1 1 0.9020 0.097999990
  M92 1 1 0.8225 0.177500010
  M93 1 1 0.0700 0.930000000
  M94 1 1 0.4045 0.595499992
  M95 1 1 0.2835 0.716500014
  M96 1 1 0.6785 0.321500003
  M97 1 1 0.7055 0.294499993
  M98 1 1 0.5585 0.441500008
  M99 1 1 0.7825 0.217499971
 M100 1 1 0.6595 0.340499997
 M101 1 1 0.3150 0.685000002
 M102 1 1 0.0720 0.928000003
 M103 1 1 0.0700 0.930000000
 M104 1 1 0.7035 0.296500027
 M105 1 1 0.6715 0.328499973
 M106 1 1 0.8300 0.170000017
 M107 1 1 0.4665 0.533499986
 M108 1 1 0.6085 0.391499996
 M109 1 1 0.4165 0.583499998
 M110 1 1 0.3180 0.682000011
 M111 1 1 0.8310 0.169000030
 M112 1 1 0.3150 0.685000002
 M113 1 1 0.5525 0.447499990
 M114 1 1 0.6880 0.311999977
 M115 1 1 0.7135 0.286499977
 M116 1 1 0.2585 0.741499990
 M117 1 1 0.2910 0.708999991
 M118 1 1 0.6830 0.316999972
 M119 1 1 0.3610 0.638999999
 M120 1 1 0.1265 0.873500004
 M121 1 1 0.5420 0.458000004
 M122 1 1 0.2420 0.758000001
 M123 1 1 0.7160 0.283999979
 M124 1 1 0.7530 0.246999979
 M125 1 1 0.8670 0.133000016
 M126 1 1 0.4210 0.578999996
 M127 1 1 0.8885 0.111500025
 M128 1 1 0.4400 0.560000002
 M129 1 1 0.4085 0.591500014
 M130 1 1 0.4675 0.532499999
 M131 1 1 0.5350 0.464999974
 M132 1 1 0.6725 0.327499986
 M133 1 1 0.7045 0.295499980
 M134 1 1 0.3955 0.604499996
 M135 1 1 0.4260 0.574000001
 M136 1 1 0.0920 0.908000000
 M137 1 1 0.7700 0.230000019
 M138 1 1 0.7725 0.227500021
 M139 1 1 0.2380 0.761999995
 M140 1 1 0.5585 0.441500008
 M141 1 1 0.3380 0.662000000
 M142 1 1 0.1895 0.810499996
 M143 1 1 0.3965 0.603500009
 M144 1 1 0.4410 0.558999985
 M145 1 1 0.7030 0.296999991
 M146 1 1 0.3270 0.673000008
 M147 1 1 0.9395 0.060500026
 M148 1 1 0.4360 0.564000010
 M149 1 1 0.2240 0.775999993
 M150 1 1 0.2970 0.703000009
 M151 1 1 0.1315 0.868499994
 M152 1 1 0.0625 0.937500000
 M153 1 1 0.5530 0.447000027
 M154 1 1 0.3785 0.621499985
 M155 1 1 0.2870 0.713000000
 M156 1 1 0.2805 0.719500005
 M157 1 1 0.6980 0.301999986
 M158 1 1 0.6105 0.389500022
 M159 1 1 0.7200 0.279999971
 M160 1 1 0.3770 0.622999996
 M161 1 1 0.8210 0.179000020
 M162 1 1 0.6190 0.380999982
 M163 1 1 0.6510 0.348999977
 M164 1 1 0.8560 0.143999994
 M165 1 1 0.3030 0.696999997
 M166 1 1 0.2005 0.799500003
 M167 1 1 0.0405 0.959500000
 M168 1 1 0.2900 0.710000008
 M169 1 1 0.6440 0.356000006
 M170 1 1 0.5565 0.443499982
 M171 1 1 0.6160 0.384000003
 M172 1 1 0.0450 0.954999998
 M173 1 1 0.1440 0.856000006
 M174 1 1 0.8160 0.184000015
 M175 1 1 0.4560 0.544000000
 M176 1 1 0.5290 0.471000016
 M177 1 1 0.4045 0.595499992
 M178 1 1 0.8710 0.129000008
 M179 1 1 0.8925 0.107500017
 M180 1 1 0.1815 0.818499997
 M181 1 1 0.5175 0.482500017
 M182 1 1 0.5385 0.461499989
 M183 1 1 0.6450 0.355000019
 M184 1 1 0.3650 0.634999990
 M185 1 1 0.5985 0.401499987
 M186 1 1 0.7675 0.232500017
 M187 1 1 0.7455 0.254499972
 M188 1 1 0.0865 0.913500004
 M189 1 1 0.2310 0.768999994
 M190 1 1 0.8565 0.143499970
 M191 1 1 0.5205 0.479499996
 M192 1 1 0.1380 0.862000003
 M193 1 1 0.6010 0.398999989
 M194 1 1 0.7675 0.232500017
 M195 1 1 0.3100 0.689999998
 M196 1 1 0.8415 0.158500016
 M197 1 1 0.1675 0.832499996
 M198 1 1 0.1670 0.833000004
 M199 1 1 0.1160 0.884000003
 M200 1 1 0.9050 0.095000029
 M201 1 1 0.4255 0.574499995
 M202 1 1 0.7110 0.288999975
 M203 1 1 0.9305 0.069500029
 M204 1 1 0.7230 0.277000010
 M205 1 1 0.7700 0.230000019
 M206 1 1 0.3080 0.692000002
 M207 1 1 0.2120 0.788000003
 M208 1 1 0.4675 0.532499999
 M209 1 1 0.5000 0.500000000
 M210 1 1 0.5500 0.449999988
 M211 1 1 0.4120 0.588000000
 M212 1 1 0.2790 0.720999986
 M213 1 1 0.2705 0.729499996
 M214 1 1 0.5395 0.460500002
 M215 1 1 0.8205 0.179499984
 M216 1 1 0.3305 0.669499993
 M217 1 1 0.1745 0.825499997
 M218 1 1 0.9015 0.098500013
 M219 1 1 0.5650 0.435000002
 M220 1 1 0.9005 0.099500000
 M221 1 1 0.4910 0.509000003
 M222 1 1 0.6905 0.309499979
 M223 1 1 0.6650 0.334999979
 M224 1 1 0.6990 0.300999999
 M225 1 1 0.9010 0.098999977
 M226 1 1 0.7705 0.229499996
 M227 1 1 0.6115 0.388499975
 M228 1 1 0.8975 0.102500021
 M229 1 1 0.6350 0.365000010
 M230 1 1 0.6505 0.349500000
 M231 1 1 0.3620 0.638000011
 M232 1 1 0.3605 0.639499992
 M233 1 1 0.1765 0.823500007
 M234 1 1 0.1590 0.841000006
 M235 1 1 0.5120 0.487999976
 M236 1 1 0.6720 0.328000009
 M237 1 1 0.9685 0.031499982
 M238 1 1 0.4715 0.528499991
 M239 1 1 0.0040 0.996000000
 M240 1 1 0.8670 0.133000016
 M241 1 1 0.6030 0.397000015
 M242 1 1 0.9195 0.080500007
 M243 1 1 0.4760 0.523999989
 M244 1 1 0.5680 0.431999981
 M245 1 1 0.2175 0.782499999
 M246 1 1 0.4215 0.578500003
 M247 1 1 0.1410 0.858999997
 M248 1 1 0.8035 0.196500003
 M249 1 1 0.9430 0.056999981
 M250 1 1 0.4605 0.539499998
 M251 1 1 0.8295 0.170499980
 M252 1 1 0.6145 0.385500014
 M253 1 1 0.4985 0.501500010
 M254 1 1 0.7095 0.290499985
 M255 1 1 0.0365 0.963500001
 M256 1 1 0.7505 0.249499977
 M257 1 1 0.4740 0.525999993
 M258 1 1 0.5540 0.445999980
 M259 1 1 0.3280 0.671999991
 M260 1 1 0.3500 0.650000006
 M261 1 1 0.2335 0.766499996
 M262 1 1 0.8065 0.193499982
 M263 1 1 0.3220 0.678000003
 M264 1 1 0.7090 0.291000009
 M265 1 1 0.2205 0.779499993
 M266 1 1 0.2630 0.736999989
 M267 1 1 0.2015 0.798500001
 M268 1 1 0.8040 0.195999980
 M269 1 1 0.5650 0.435000002
 M270 1 1 0.0705 0.929499999
 M271 1 1 0.0870 0.913000003
 M272 1 1 0.4855 0.514499992
 M273 1 1 0.6155 0.384500027
 M274 1 1 0.4910 0.509000003
 M275 1 1 0.9065 0.093500018
 M276 1 1 0.0000 1.000000000
 M277 1 1 0.8010 0.199000001
 M278 1 1 0.6720 0.328000009
 M279 1 1 0.4845 0.515500009
 M280 1 1 0.8285 0.171500027
 M281 1 1 0.5125 0.487500012
 M282 1 1 0.5750 0.425000012
 M283 1 1 0.6175 0.382499993
 M284 1 1 0.3880 0.611999989
 M285 1 1 0.7805 0.219500005
 M286 1 1 0.8130 0.186999977
 M287 1 1 0.3170 0.682999998
 M288 1 1 0.5325 0.467499971
 M289 1 1 0.3135 0.686500013
 M290 1 1 0.0295 0.970500000
 M291 1 1 0.2545 0.745499998
 M292 1 1 0.5975 0.402499974
 M293 1 1 0.3730 0.627000004
 M294 1 1 0.6335 0.366500020
 M295 1 1 0.9685 0.031499982
 M296 1 1 0.7300 0.269999981
 M297 1 1 0.6125 0.387499988
 M298 1 1 0.8545 0.145500004
 M299 1 1 0.7875 0.212499976
 M300 1 1 0.1340 0.865999997
 M301 1 1 0.1490 0.850999996
 M302 1 1 0.4605 0.539499998
 M303 1 1 0.3860 0.613999993
 M304 1 1 0.3760 0.624000013
 M305 1 1 0.2915 0.708499998
 M306 1 1 0.8940 0.106000006
 M307 1 1 0.0995 0.900500000
 M308 1 1 0.6270 0.373000026
 M309 1 1 0.1900 0.810000002
 M310 1 1 0.8315 0.168500006
 M311 1 1 0.8960 0.103999972
 M312 1 1 0.1960 0.804000005
 M313 1 1 0.3140 0.685999990
 M314 1 1 0.4555 0.544499993
 M315 1 1 0.9955 0.004499972
 M316 1 1 0.2230 0.776999995
 M317 1 1 0.0360 0.964000002
 M318 1 1 0.2820 0.717999995
 M319 1 1 0.2210 0.778999999
 M320 1 1 0.5130 0.486999989
 M321 1 1 0.1610 0.839000002
 M322 1 1 0.5880 0.412000000
 M323 1 1 0.6360 0.364000022
 M324 1 1 0.5375 0.462499976
 M325 1 1 0.6605 0.339500010
 M326 1 1 0.3925 0.607499987
 M327 1 1 0.3510 0.648999989
 M328 1 1 0.5575 0.442499995
 M329 1 1 0.2755 0.724500000
 M330 1 1 0.2710 0.729000002
 M331 1 1 0.5905 0.409500003
 M332 1 1 0.4495 0.550500005
 M333 1 1 0.3435 0.656500012
 M334 1 1 0.6400 0.360000014
 M335 1 1 0.7370 0.263000011
 M336 1 1 0.3155 0.684500009
 M337 1 1 0.6800 0.319999993
 M338 1 1 0.6165 0.383499980
 M339 1 1 0.7600 0.240000010
 M340 1 1 0.4665 0.533499986
 M341 1 1 0.5280 0.472000003
 M342 1 1 0.4920 0.507999986
 M343 1 1 0.6895 0.310500026
 M344 1 1 0.3805 0.619500011
 M345 1 1 0.5020 0.498000026
 M346 1 1 0.7600 0.240000010
 M347 1 1 0.5075 0.492500007
 M348 1 1 0.9805 0.019500017
 M349 1 1 0.4385 0.561500013
 M350 1 1 0.3995 0.600499988
 M351 1 1 0.2620 0.738000005
 M352 1 1 0.3100 0.689999998
 M353 1 1 0.7650 0.235000014
 M354 1 1 0.3920 0.608000010
 M355 1 1 0.6450 0.355000019
 M356 1 1 0.4035 0.596500009
 M357 1 1 0.2015 0.798500001
 M358 1 1 0.4620 0.537999988
 M359 1 1 0.7665 0.233500004
 M360 1 1 0.2040 0.796000004
 M361 1 1 0.2365 0.763500005
 M362 1 1 0.8125 0.187500000
 M363 1 1 0.6180 0.382000029
 M364 1 1 0.7045 0.295499980
 M365 1 1 0.6730 0.327000022
 M366 1 1 0.6550 0.345000029
 M367 1 1 0.2965 0.703500003
 M368 1 1 0.5385 0.461499989
 M369 1 1 0.3045 0.695499986
 M370 1 1 0.1035 0.896499999
 M371 1 1 0.9530 0.046999991
 M372 1 1 0.1665 0.833499998
 M373 1 1 0.3600 0.639999986
 M374 1 1 0.3700 0.629999995
 M375 1 1 0.8705 0.129499972
 M376 1 1 0.8755 0.124499977
 M377 1 1 0.9290 0.070999980
 M378 1 1 0.5510 0.449000001
 M379 1 1 0.2070 0.792999998
 M380 1 1 0.9765 0.023500025
 M381 1 1 0.8875 0.112500012
 M382 1 1 0.5080 0.491999984
 M383 1 1 0.1345 0.865500003
 M384 1 1 0.2045 0.795499995
 M385 1 1 0.4620 0.537999988
 M386 1 1 0.0265 0.973500000
 M387 1 1 0.7195 0.280499995
 M388 1 1 0.2030 0.797000006
 M389 1 1 0.8600 0.139999986
 M390 1 1 0.9745 0.025500000
 M391 1 1 0.1035 0.896499999
 M392 1 1 0.4475 0.552500010
 M393 1 1 0.6930 0.306999981
 M394 1 1 0.5585 0.441500008
 M395 1 1 0.9385 0.061500013
 M396 1 1 0.1330 0.866999999
 M397 1 1 0.9150 0.084999979
 M398 1 1 0.5215 0.478500009
 M399 1 1 0.5030 0.496999979
 M400 1 1 0.1265 0.873500004
 M401 1 1 0.6455 0.354499996
 M402 1 1 0.7760 0.223999977
 M403 1 1 0.7110 0.288999975
 M404 1 1 0.2110 0.789000005
 M405 1 1 0.5865 0.413500011
 M406 1 1 0.1060 0.894000001
 M407 1 1 0.8365 0.163500011
 M408 1 1 0.4245 0.575500011
 M409 1 1 0.1865 0.813500002
 M410 1 1 0.4235 0.576499999
 M411 1 1 0.0665 0.933499999
 M412 1 1 0.0065 0.993500000
 M413 1 1 0.1000 0.899999999
 M414 1 1 0.4390 0.560999990
 M415 1 1 0.1075 0.892499998
 M416 1 1 0.6260 0.374000013
 M417 1 1 0.5075 0.492500007
 M418 1 1 0.1320 0.868000001
 M419 1 1 0.7335 0.266499996
 M420 1 1 0.7485 0.251500010
 M421 1 1 0.7445 0.255500019
 M422 1 1 0.7105 0.289499998
 M423 1 1 0.3565 0.643500000
 M424 1 1 0.7075 0.292500019
 M425 1 1 0.3440 0.655999988
 M426 1 1 0.5540 0.445999980
 M427 1 1 0.6040 0.396000028
 M428 1 1 0.9055 0.094500005
 M429 1 1 0.8315 0.168500006
 M430 1 1 0.5915 0.408500016
 M431 1 1 0.4835 0.516499996
 M432 1 1 0.8930 0.106999993
 M433 1 1 0.2905 0.709500015
 M434 1 1 0.6720 0.328000009
 M435 1 1 0.2505 0.749500006
 M436 1 1 0.3505 0.649500012
 M437 1 1 0.1190 0.880999997
 M438 1 1 0.1225 0.877499998
 M439 1 1 0.2040 0.796000004
 M440 1 1 0.6865 0.313499987
 M441 1 1 0.2795 0.720499992
 M442 1 1 0.5530 0.447000027
 M443 1 1 0.4975 0.502499998
 M444 1 1 0.6885 0.311500013
 M445 1 1 0.9320 0.068000019
 M446 1 1 0.8860 0.114000022
 M447 1 1 0.9620 0.037999988
 M448 1 1 0.4960 0.504000008
 M449 1 1 0.7360 0.263999999
 M450 1 1 0.4965 0.503500015
 M451 1 1 0.0680 0.931999996
 M452 1 1 0.3795 0.620499998
 M453 1 1 0.6255 0.374499977
 M454 1 1 0.6740 0.325999975
 M455 1 2 0.4675 0.532499999
 M456 1 2 0.5970 0.402999997
 M457 1 2 0.7455 0.254499972
 M458 1 2 0.6550 0.345000029
 M459 1 2 0.2940 0.706000000
 M460 1 2 0.4125 0.587500006
 M461 1 2 0.6985 0.301500022
 M462 1 2 0.1510 0.849000007
 M463 1 2 0.7380 0.262000024
 M464 1 2 0.6320 0.367999971
 M465 1 2 0.1230 0.876999997
 M466 1 2 0.1945 0.805500001
 M467 1 2 0.4950 0.504999995
 M468 1 2 0.3305 0.669499993
 M469 1 2 0.1755 0.824499995
 M470 1 2 0.2190 0.781000003
 M471 1 2 0.6140 0.385999978
 M472 1 2 0.1050 0.895000003
 M473 1 2 0.6395 0.360499978
 M474 1 2 0.0650 0.935000002
 M475 1 2 0.7760 0.223999977
 M476 1 2 0.6500 0.350000024
 M477 1 2 0.1850 0.814999998
 M478 1 2 0.8775 0.122500002
 M479 1 2 0.9380 0.061999977
 M480 1 2 0.1160 0.884000003
 M481 1 2 0.3980 0.601999998
 M482 1 2 0.8200 0.180000007
 M483 1 2 0.8790 0.120999992
 M484 1 2 0.5595 0.440500021
 M485 1 2 0.7035 0.296500027
 M486 1 2 0.4210 0.578999996
 M487 1 2 0.6870 0.313000023
 M488 1 2 0.4920 0.507999986
 M489 1 2 0.1920 0.807999998
 M490 1 2 0.1270 0.872999996
 M491 1 2 0.2485 0.751499996
 M492 1 2 0.9655 0.034500003
 M493 1 2 0.9575 0.042500019
 M494 1 2 0.5835 0.416499972
 M495 1 2 0.4835 0.516499996
 M496 1 2 0.2700 0.729999989
 M497 1 2 0.7775 0.222500026
 M498 1 2 0.9140 0.086000025
 M499 1 2 0.2550 0.745000005
 M500 1 2 0.7455 0.254499972
 M501 1 2 0.7920 0.208000004
 M502 1 2 0.3040 0.696000010
 M503 1 2 0.8295 0.170499980
 M504 1 2 0.7435 0.256500006
 M505 1 2 0.6840 0.315999985
 M506 1 2 0.6160 0.384000003
 M507 1 2 0.1705 0.829500005
 M508 1 2 0.2355 0.764500007
 M509 1 2 0.2365 0.763500005
 M510 1 2 0.9425 0.057500005
 M511 1 2 0.5855 0.414499998
 M512 1 2 0.8055 0.194500029
 M513 1 2 0.9055 0.094500005
 M514 1 2 0.8185 0.181500018
 M515 1 2 0.6670 0.333000004
 M516 1 2 0.2225 0.777500004
 M517 1 2 0.1510 0.849000007
 M518 1 2 0.5095 0.490499973
 M519 1 2 0.7150 0.285000026
 M520 1 2 0.8485 0.151499987
 M521 1 2 0.9970 0.003000021
 M522 1 2 0.2965 0.703500003
 M523 1 2 0.6560 0.343999982
 M524 1 2 0.5715 0.428499997
 M525 1 2 0.2560 0.743999988
 M526 1 2 0.7240 0.276000023
 M527 1 2 0.4635 0.536500007
 M528 1 2 0.1700 0.829999998
 M529 1 2 0.7370 0.263000011
 M530 1 2 0.8335 0.166499972
 M531 1 2 0.4240 0.576000005
 M532 1 2 0.5110 0.489000022
 M533 1 2 0.1765 0.823500007
 M534 1 2 0.2935 0.706499994
 M535 1 2 0.6335 0.366500020
 M536 1 2 0.1905 0.809499994
 M537 1 2 0.7500 0.250000000
 M538 1 2 0.6290 0.370999992
 M539 1 2 0.9805 0.019500017
 M540 1 2 0.0505 0.949499998
 M541 1 2 0.6275 0.372500002
 M542 1 2 0.1175 0.882500000
 M543 1 2 0.2400 0.760000005
 M544 1 2 0.4505 0.549499989
 M545 1 2 0.3580 0.641999990
 M546 1 2 0.1385 0.861499995
 M547 1 2 0.8080 0.191999972
 M548 1 2 0.7045 0.295499980
 M549 1 2 0.4495 0.550500005
 M550 1 2 0.6400 0.360000014
 M551 1 2 0.1715 0.828500003
 M552 1 2 0.1355 0.864500001
 M553 1 2 0.6850 0.314999998
 M554 1 2 0.5915 0.408500016
 M555 1 2 0.0735 0.926500000
 M556 1 2 0.3310 0.669000000
 M557 1 2 0.0740 0.925999999
 M558 1 2 0.4650 0.534999996
 M559 1 2 0.5225 0.477500021
 M560 1 2 0.6100 0.389999986
 M561 1 2 0.2700 0.729999989
 M562 1 2 0.5160 0.484000027
 M563 1 2 0.4435 0.556499988
 M564 1 2 0.4525 0.547500014
 M565 1 2 0.8220 0.177999973
 M566 1 2 0.7535 0.246500015
 M567 1 2 0.2675 0.732499987
 M568 1 2 0.5040 0.495999992
 M569 1 2 0.0670 0.932999998
 M570 1 2 0.6885 0.311500013
 M571 1 2 0.4990 0.500999987
 M572 1 2 0.1215 0.878500000
 M573 1 2 0.1755 0.824499995
 M574 1 2 0.6670 0.333000004
 M575 1 2 0.4420 0.557999998
 M576 1 2 0.3080 0.692000002
 M577 1 2 0.7260 0.273999989
 M578 1 2 0.5745 0.425499976
 M579 1 2 0.7805 0.219500005
 M580 1 2 0.8580 0.142000020
 M581 1 2 0.3335 0.666500002
 M582 1 2 0.5810 0.419000030
 M583 1 2 0.3420 0.657999992
 M584 1 2 0.3230 0.676999986
 M585 1 2 0.4340 0.566000015
 M586 1 2 0.7595 0.240499973
 M587 1 2 0.1730 0.827000007
 M588 1 2 0.3175 0.682500005
 M589 1 2 0.3280 0.671999991
 M590 1 2 0.4285 0.571500003
 M591 1 2 0.4380 0.562000006
 M592 1 2 0.4845 0.515500009
 M593 1 2 0.3670 0.632999986
 M594 1 2 0.1810 0.819000006
 M595 1 2 0.7980 0.202000022
 M596 1 2 0.3455 0.654500008
 M597 1 2 0.0530 0.947000001
 M598 1 2 0.7225 0.277499974
 M599 1 2 0.3690 0.631000012
 M600 1 2 0.6450 0.355000019
 M601 1 2 0.5570 0.443000019
 M602 1 2 0.3970 0.602999985
 M603 1 2 0.8725 0.127499998
 M604 1 2 0.3255 0.674499989
 M605 1 2 0.4005 0.599500000
 M606 1 2 0.5410 0.458999991
 M607 1 2 0.3925 0.607499987
 M608 1 2 0.5295 0.470499992
 M609 1 2 0.4480 0.551999986
 M610 1 2 0.7110 0.288999975
 M611 1 2 0.1190 0.880999997
 M612 1 2 0.6290 0.370999992
 M613 1 2 0.8585 0.141499996
 M614 1 2 0.7940 0.205999970
 M615 1 2 0.6770 0.323000014
 M616 1 2 0.4530 0.546999991
 M617 1 2 0.4095 0.590499997
 M618 1 2 0.5680 0.431999981
 M619 1 2 0.0180 0.982000001
 M620 1 2 0.9065 0.093500018
 M621 1 2 0.8670 0.133000016
 M622 1 2 0.6010 0.398999989
 M623 1 2 0.6820 0.318000019
 M624 1 2 0.5410 0.458999991
 M625 1 2 0.2260 0.774000004
 M626 1 2 0.5645 0.435500026
 M627 1 2 0.3570 0.643000007
 M628 1 2 0.8470 0.152999997
 M629 1 2 0.6570 0.342999995
 M630 1 2 0.3970 0.602999985
 M631 1 2 0.5960 0.403999984
 M632 1 2 0.7215 0.278500021
 M633 1 2 0.3080 0.692000002
 M634 1 2 0.6205 0.379499972
 M635 1 2 0.2865 0.713499993
 M636 1 2 0.3760 0.624000013
 M637 1 2 0.5265 0.473500013
 M638 1 2 0.2515 0.748499990
 M639 1 2 0.8550 0.144999981
 M640 1 2 0.9115 0.088500023
 M641 1 2 0.1550 0.844999999
 M642 1 2 0.6705 0.329500020
 M643 1 2 0.7815 0.218500018
 M644 1 2 0.2805 0.719500005
 M645 1 2 0.6300 0.370000005
 M646 1 2 0.7505 0.249499977
 M647 1 2 0.5960 0.403999984
 M648 1 2 0.4390 0.560999990
 M649 1 2 0.5530 0.447000027
 M650 1 2 0.0185 0.981500000
 M651 1 2 0.7540 0.245999992
 M652 1 2 0.1310 0.869000003
 M653 1 2 0.9320 0.068000019
 M654 1 2 0.7375 0.262499988
 M655 1 2 0.0535 0.946500000
 M656 1 2 0.1335 0.866500005
 M657 1 2 0.6365 0.363499999
 M658 1 2 0.2240 0.775999993
 M659 1 2 0.7790 0.221000016
 M660 1 2 0.3925 0.607499987
 M661 1 2 0.1795 0.820500001
 M662 1 2 0.6955 0.304499984
 M663 1 2 0.1675 0.832499996
 M664 1 2 0.9245 0.075500011
 M665 1 2 0.5360 0.463999987
 M666 1 2 0.1000 0.899999999
 M667 1 2 0.1320 0.868000001
 M668 1 2 0.5250 0.475000024
 M669 1 2 0.1240 0.876000002
 M670 1 2 0.5115 0.488499999
 M671 1 2 0.5960 0.403999984
 M672 1 2 0.4015 0.598500013
 M673 1 2 0.8610 0.138999999
 M674 1 2 0.9565 0.043500006
 M675 1 2 0.5225 0.477500021
 M676 1 2 0.5475 0.452499986
 M677 1 2 0.2685 0.731500000
 M678 1 2 0.8695 0.130500019
 M679 1 2 0.5640 0.435999990
 M680 1 2 0.5560 0.444000006
 M681 1 2 0.6620 0.338000000
 M682 1 2 0.1005 0.899499997
 M683 1 2 0.7320 0.268000007
 M684 1 2 0.0810 0.919000000
 M685 1 2 0.2875 0.712500006
 M686 1 2 0.3715 0.628500015
 M687 1 2 0.3725 0.627499998
 M688 1 2 0.3235 0.676499993
 M689 1 2 0.5415 0.458500028
 M690 1 2 0.8290 0.171000004
 M691 1 2 0.0615 0.938499998
 M692 1 2 0.2060 0.794000000
 M693 1 2 0.0825 0.917499997
 M694 1 2 0.6960 0.304000020
 M695 1 2 0.8190 0.180999994
 M696 1 2 0.2035 0.796499997
 M697 1 2 0.2485 0.751499996
 M698 1 2 0.1140 0.886000000
 M699 1 2 0.6345 0.365499973
 M700 1 2 0.5020 0.498000026
 M701 1 2 0.6645 0.335500002
 M702 1 2 0.7095 0.290499985
 M703 1 2 0.5085 0.491500020
 M704 1 2 0.4880 0.511999995
 M705 1 2 0.7195 0.280499995
 M706 1 2 0.3180 0.682000011
 M707 1 2 0.5235 0.476499975
 M708 1 2 0.2235 0.776500002
 M709 1 2 0.7880 0.212000012
 M710 1 2 0.9850 0.014999986
 M711 1 2 0.2775 0.722499996
 M712 1 2 0.3140 0.685999990
 M713 1 2 0.3910 0.608999997
 M714 1 2 0.5715 0.428499997
 M715 1 2 0.8155 0.184499979
 M716 1 2 0.6185 0.381500006
 M717 1 2 0.7635 0.236500025
 M718 1 2 0.7990 0.200999975
 M719 1 2 0.0715 0.928499997
 M720 1 2 0.1200 0.880000003
 M721 1 2 0.5585 0.441500008
 M722 1 2 0.8855 0.114499986
 M723 1 2 0.4735 0.526499987
 M724 1 2 0.7240 0.276000023
 M725 1 2 0.1245 0.875500001
 M726 1 2 0.8680 0.132000029
 M727 1 2 0.0970 0.902999997
 M728 1 2 0.2920 0.708000004
 M729 1 2 0.8505 0.149500012
 M730 1 2 0.5755 0.424499989
 M731 1 2 0.7060 0.294000030
 M732 1 2 0.6660 0.333999991
 M733 1 2 0.7580 0.241999984
 M734 1 2 0.1125 0.887500003
 M735 1 2 0.4820 0.518000007
 M736 1 2 0.4270 0.573000014
 M737 1 2 0.5065 0.493499994
 M738 1 2 0.8250 0.175000012
 M739 1 2 0.3140 0.685999990
 M740 1 2 0.6290 0.370999992
 M741 1 2 0.2900 0.710000008
 M742 1 2 0.9160 0.083999991
 M743 1 2 0.1955 0.804499999
 M744 1 2 0.4430 0.557000011
 M745 1 2 0.6420 0.357999980
 M746 1 2 0.4285 0.571500003
 M747 1 2 0.3655 0.634499997
 M748 1 2 0.6460 0.353999972
 M749 1 2 0.8340 0.166000009
 M750 1 2 0.3730 0.627000004
 M751 1 2 0.8975 0.102500021
 M752 1 2 0.6470 0.352999985
 M753 1 2 0.0810 0.919000000
 M754 1 2 0.4620 0.537999988
 M755 1 2 0.6510 0.348999977
 M756 1 2 0.0665 0.933499999
 M757 1 2 0.8370 0.162999988
 M758 1 2 0.6025 0.397499979
 M759 1 2 0.1225 0.877499998
 M760 1 2 0.2785 0.721500009
 M761 1 2 0.8315 0.168500006
 M762 1 2 0.1825 0.817499995
 M763 1 2 0.2200 0.780000001
 M764 1 2 0.7005 0.299499989
 M765 1 2 0.8390 0.161000013
 M766 1 2 0.7785 0.221499979
 M767 1 2 0.7790 0.221000016
 M768 1 2 0.7940 0.205999970
 M769 1 2 0.9615 0.038500011
 M770 1 2 0.8630 0.137000024
 M771 1 2 0.2830 0.717000008
 M772 1 2 0.0720 0.928000003
 M773 1 2 0.5300 0.470000029
 M774 1 2 0.7930 0.207000017
 M775 1 2 0.9505 0.049499989
 M776 1 2 0.9455 0.054499984
 M777 1 2 0.9165 0.083500028
 M778 1 2 0.1505 0.849500000
 M779 1 2 0.2635 0.736499995
 M780 1 2 0.8635 0.136500001
 M781 1 2 0.3700 0.629999995
 M782 1 2 0.6470 0.352999985
 M783 1 2 0.3710 0.629000008
 M784 1 2 0.7050 0.295000017
 M785 1 2 0.4470 0.553000003
 M786 1 2 0.9005 0.099500000
 M787 1 2 0.3295 0.670500010
 M788 1 2 0.4655 0.534500003
 M789 1 2 0.1760 0.824000001
 M790 1 2 0.8575 0.142499983
 M791 1 2 0.0385 0.961500000
 M792 1 2 0.7935 0.206499994
 M793 1 2 0.2105 0.789499998
 M794 1 2 0.2105 0.789499998
 M795 1 2 0.4985 0.501500010
 M796 1 2 0.5430 0.457000017
 M797 1 2 0.6250 0.375000000
 M798 1 2 0.8210 0.179000020
 M799 1 2 0.0670 0.932999998
 M800 1 2 0.6250 0.375000000
 M801 1 2 0.0910 0.909000002
 M802 1 2 0.4220 0.578000009
 M803 1 2 0.3660 0.634000003
 M804 1 2 0.2080 0.791999996
 M805 1 2 0.5620 0.438000023
 M806 1 2 0.5590 0.440999985
 M807 1 2 0.8100 0.189999998
 M808 1 2 0.1480 0.851999998
 M809 1 2 0.7090 0.291000009
 M810 1 2 0.9125 0.087499976
 M811 1 2 0.9330 0.066999972
 M812 1 2 0.4175 0.582500011
 M813 1 2 0.5050 0.495000005
 M814 1 2 0.3975 0.602499992
 M815 1 2 0.3640 0.636000007
 M816 1 2 0.5265 0.473500013
 M817 1 2 0.3345 0.665499985
 M818 1 2 0.3875 0.612500012
 M819 1 2 0.8795 0.120500028
 M820 1 2 0.5740 0.425999999
 M821 1 2 0.2505 0.749500006
 M822 1 2 0.1690 0.831000000
 M823 1 2 0.2160 0.783999994
 M824 1 2 0.9185 0.081499994
 M825 1 2 0.3435 0.656500012
 M826 1 2 0.3945 0.605500013
 M827 1 2 0.3690 0.631000012
 M828 1 2 0.3105 0.689500004
 M829 1 2 0.6405 0.359499991
 M830 1 2 0.4455 0.554500014
 M831 1 2 0.1445 0.855499998
 M832 1 2 0.2505 0.749500006
 M833 1 2 0.4775 0.522500008
 M834 1 2 0.0575 0.942499999
 M835 1 2 0.8620 0.138000011
 M836 1 2 0.2870 0.713000000
 M837 1 2 0.1150 0.884999998
 M838 1 2 0.1395 0.860499993
 M839 1 2 0.1310 0.869000003
 M840 1 2 0.2735 0.726500005
 M841 1 2 0.1485 0.851500005
 M842 1 2 0.8265 0.173500001
 M843 1 2 0.8750 0.125000000
 M844 1 2 0.1750 0.825000003
 M845 1 2 0.9190 0.080999970
 M846 1 2 0.8110 0.189000010
 M847 1 2 0.1485 0.851500005
 M848 1 2 0.4600 0.539999992
 M849 1 2 0.2915 0.708499998
 M850 1 2 0.8050 0.194999993
 M851 1 2 0.6465 0.353500009
 M852 1 2 0.0845 0.915500000
 M853 1 2 0.1330 0.866999999
 M854 1 2 0.4370 0.562999994
 M855 1 2 0.5160 0.484000027
 M856 1 2 0.7500 0.250000000
 M857 1 2 0.3950 0.604999989
 M858 1 2 0.7715 0.228500009
 M859 1 2 0.7210 0.278999984
 M860 1 2 0.9550 0.045000017
 M861 1 2 0.3610 0.638999999
 M862 1 2 0.8260 0.174000025
 M863 1 2 0.9380 0.061999977
 M864 1 2 0.1520 0.848000005
 M865 1 2 0.0945 0.905500002
 M866 1 2 0.8130 0.186999977
 M867 1 2 0.2850 0.715000004
 M868 1 2 0.2830 0.717000008
 M869 1 2 0.7145 0.285499990
 M870 1 2 0.5415 0.458500028
 M871 1 2 0.1415 0.858500004
 M872 1 2 0.9630 0.037000000
 M873 1 2 0.2935 0.706499994
 M874 1 2 0.2960 0.703999996
 M875 1 2 0.2020 0.797999993
 M876 1 2 0.4290 0.571000010
 M877 1 2 0.1665 0.833499998
 M878 1 2 0.2055 0.794499993
 M879 1 2 0.5755 0.424499989
 M880 1 2 0.4285 0.571500003
 M881 1 2 0.7575 0.242500007
 M882 1 2 0.5285 0.471499979
 M883 1 2 0.6570 0.342999995
 M884 1 2 0.7165 0.283500016
 M885 1 2 0.4070 0.592999995
 M886 1 2 0.7065 0.293500006
 M887 1 2 0.6085 0.391499996
 M888 1 2 0.4975 0.502499998
 M889 1 2 0.5340 0.466000021
 M890 1 2 0.3160 0.683999985
 M891 1 2 0.8410 0.158999979
 M892 1 2 0.4545 0.545500010
 M893 1 2 0.3255 0.674499989
 M894 1 2 0.2435 0.756500006
 M895 1 2 0.5550 0.444999993
 M896 1 2 0.2060 0.794000000
 M897 1 2 0.1465 0.853499994
 M898 1 2 0.8410 0.158999979
 M899 1 2 0.4665 0.533499986
 M900 1 2 0.4855 0.514499992
 M901 1 2 0.3135 0.686500013
 M902 1 2 0.7910 0.208999991
 M903 1 2 0.5620 0.438000023
 M904 1 2 0.2850 0.715000004
 M905 1 2 0.7895 0.210500002
 M906 1 2 0.8435 0.156499982
 M907 1 2 0.5455 0.454500020
 M908 1 2 0.4205 0.579499990
 M909 1 2 0.4475 0.552500010
 M910 1 2 0.9465 0.053499997
 M911 1 2 0.3355 0.664499998
 M912 1 2 0.5565 0.443499982
 M913 1 2 0.8070 0.193000019
 M914 1 2 0.8335 0.166499972
 M915 1 2 0.8250 0.175000012
 M916 1 2 0.0555 0.944499999
 M917 1 2 0.2120 0.788000003
 M918 1 2 0.3110 0.689000010
 M919 1 2 0.1770 0.822999999
 M920 1 2 0.1525 0.847499996
 M921 1 2 0.8245 0.175499976
 M922 1 2 0.8725 0.127499998
 M923 1 2 0.4395 0.560499996
 M924 1 2 0.2475 0.752499998
 M925 1 2 0.4275 0.572499990
 M926 1 2 0.6400 0.360000014
 M927 1 2 0.1395 0.860499993
 M928 1 2 0.1525 0.847499996
 M929 1 2 0.4020 0.597999990
 M930 1 2 0.8390 0.161000013
 M931 1 2 0.5770 0.422999978
 M932 1 2 0.5280 0.472000003
 M933 1 2 0.4500 0.550000012
 M934 1 2 0.3355 0.664499998
 M935 1 2 0.9035 0.096499979
 M936 1 2 0.3985 0.601500005
 M937 1 2 0.3485 0.651499987
 M938 1 2 0.8495 0.150500000
 M939 1 2 0.3145 0.685499996
 M940 1 2 0.7245 0.275500000
 M941 1 2 0.2850 0.715000004
 M942 1 2 0.7055 0.294499993
 M943 1 2 0.6020 0.398000002
 M944 1 2 0.5330 0.467000008
 M945 1 2 0.3310 0.669000000
 M946 1 2 0.7270 0.273000002
 M947 1 2 0.1010 0.898999996
 M948 1 2 0.1940 0.805999994
 M949 1 2 0.8780 0.121999979
 M950 1 2 0.1580 0.841999993
 M951 1 2 0.3055 0.694499999
 M952 1 2 0.2430 0.756999999
 M953 1 2 0.7120 0.287999988
 M954 1 2 0.6620 0.338000000
 M955 1 2 0.7685 0.231500030
 M956 1 2 0.7995 0.200500011
 M957 1 2 0.1560 0.843999997
 M958 1 2 0.7010 0.299000025
 M959 1 2 0.1115 0.888499998
 M960 1 2 0.8920 0.107999980
 M961 1 2 0.1320 0.868000001
 M962 1 2 0.9085 0.091499984
 M963 1 2 0.3815 0.618499994
 M964 1 2 0.1445 0.855499998
 M965 1 2 0.1525 0.847499996
 M966 1 2 0.2350 0.765000001
 M967 1 2 0.3860 0.613999993
 M968 1 2 0.7815 0.218500018
 M969 1 2 0.5890 0.411000013
 M970 1 2 0.2130 0.787000000
 M971 1 2 0.2755 0.724500000
 M972 1 2 0.5135 0.486500025
 M973 1 2 0.5595 0.440500021
 M974 1 2 0.6275 0.372500002
 M975 1 2 0.6860 0.314000010
 M976 1 2 0.5330 0.467000008
 M977 1 2 0.3620 0.638000011
 M978 1 2 0.4485 0.551499993
 M979 1 2 0.5865 0.413500011
 M980 1 2 0.0940 0.906000003
 M981 1 2 0.0225 0.977499999
 M982 1 2 0.4545 0.545500010
 M983 1 2 0.7585 0.241500020
 M984 1 2 0.8025 0.197499990
 M985 1 2 0.0705 0.929499999
 M986 1 2 0.8905 0.109499991
 M987 1 2 0.6290 0.370999992
 M988 1 2 0.3815 0.618499994
 M989 1 2 0.3005 0.699499995
 M990 1 2 0.9100 0.089999974
 M991 1 2 0.9595 0.040499985
 M992 1 2 0.5505 0.449500024
 M993 1 2 0.0595 0.940499999
 M994 1 2 0.3520 0.648000002
 M995 1 2 0.4635 0.536500007
 M996 1 2 0.7055 0.294499993
 M997 1 2 0.4010 0.599000007
 M998 1 2 0.0915 0.908500001
 M999 1 2 0.6355 0.364499986
M1000 1 2 0.4370 0.562999994
M1001 1 2 0.7350 0.264999986
M1002 1 2 0.2945 0.705500007
M1003 1 2 0.7295 0.270500004
M1004 1 2 0.9350 0.064999998
M1005 1 2 0.0545 0.945500001
M1006 1 2 0.6375 0.362500012
M1007 1 2 0.6480 0.351999998
M1008 1 2 0.3120 0.687999994
M1009 1 2 0.7730 0.226999998
M1010 1 2 0.7395 0.260500014
M1011 1 2 0.7985 0.201499999
M1012 1 2 0.7635 0.236500025
M1013 1 2 0.5580 0.441999972
M1014 1 2 0.9065 0.093500018
M1015 1 2 0.6585 0.341499984
M1016 1 2 0.1655 0.834500000
M1017 1 2 0.6650 0.334999979
M1018 1 2 0.5280 0.472000003
M1019 1 2 0.4735 0.526499987
M1020 1 2 0.6585 0.341499984
M1021 1 2 0.6755 0.324500024
M1022 1 2 0.6760 0.324000001
M1023 1 2 0.0900 0.909999996
M1024 1 2 0.4360 0.564000010
M1025 1 2 0.6915 0.308499992
M1026 1 2 0.4465 0.553499997
M1027 1 2 0.2305 0.769500002
M1028 1 2 0.9060 0.093999982
M1029 1 2 0.3245 0.675500005
M1030 1 2 0.4885 0.511500001
M1031 1 2 0.8430 0.157000005
M1032 1 2 0.9275 0.072499990
M1033 1 2 0.1480 0.851999998
M1034 1 2 0.1965 0.803499997
M1035 1 2 0.4460 0.553999990
M1036 1 2 0.6210 0.379000008
M1037 1 2 0.4915 0.508500010
M1038 1 2 0.0375 0.962499999
M1039 1 2 0.6580 0.342000008
M1040 1 2 0.7835 0.216499984
M1041 1 2 0.7315 0.268499970
M1042 1 2 0.6260 0.374000013
M1043 1 2 0.3890 0.611000001
M1044 1 2 0.2460 0.753999993
M1045 1 2 0.4165 0.583499998
M1046 1 2 0.7560 0.244000018
M1047 1 2 0.5030 0.496999979
M1048 1 2 0.9325 0.067499995
M1049 1 2 0.1465 0.853499994
M1050 1 2 0.1015 0.898500003
M1051 1 2 0.7125 0.287500024
M1052 1 2 0.4100 0.590000004
M1053 1 2 0.9155 0.084500015
M1054 1 2 0.6785 0.321500003
M1055 1 2 0.4285 0.571500003
M1056 1 2 0.5725 0.427500010
M1057 1 2 0.7330 0.267000020
M1058 1 2 0.7950 0.204999983
M1059 1 2 0.1915 0.808500007
M1060 1 2 0.4210 0.578999996
M1061 1 2 0.6275 0.372500002
M1062 1 2 0.2245 0.775500000
M1063 1 2 0.1160 0.884000003
M1064 1 2 0.5210 0.478999972
M1065 1 2 0.2030 0.797000006
M1066 1 2 0.5675 0.432500005
M1067 1 2 0.3465 0.653499991
M1068 1 2 0.6185 0.381500006
M1069 1 2 0.4375 0.562500000
M1070 1 2 0.6105 0.389500022
M1071 1 2 0.3690 0.631000012
M1072 1 2 0.6175 0.382499993
M1073 1 2 0.2805 0.719500005
M1074 1 2 0.2775 0.722499996
M1075 1 2 0.5055 0.494499981
M1076 1 2 0.8605 0.139500022
M1077 1 2 0.6690 0.330999970
M1078 1 2 0.7020 0.297999978
M1079 1 2 0.8915 0.108500004
M1080 1 2 0.3235 0.676499993
M1081 1 2 0.3025 0.697499990
M1082 1 2 0.3460 0.654000014
M1083 1 2 0.2770 0.722999990
M1084 1 2 0.3370 0.662999988
M1085 1 2 0.6710 0.328999996
M1086 1 2 0.7135 0.286499977
M1087 1 2 0.9145 0.085500002
M1088 1 2 0.8330 0.166999996
M1089 1 2 0.3090 0.691000015
M1090 1 2 0.9340 0.065999985
M1091 1 2 0.6470 0.352999985
M1092 1 2 0.7870 0.213000000
M1093 1 2 0.6550 0.345000029
M1094 1 2 0.5050 0.495000005
M1095 1 2 0.7135 0.286499977
M1096 1 2 0.2730 0.726999998
M1097 1 2 0.7760 0.223999977
M1098 1 2 0.7285 0.271499991
M1099 1 2 0.5835 0.416499972
M1100 1 2 0.6830 0.316999972
M1101 1 2 0.4595 0.540499985
M1102 1 2 0.9400 0.060000002
M1103 1 2 0.8155 0.184499979
M1104 1 2 0.1855 0.814500004
M1105 1 2 0.8440 0.156000018
M1106 1 2 0.4320 0.567999989
M1107 1 2 0.3060 0.694000006
M1108 1 2 0.2195 0.780499995
M1109 1 2 0.9295 0.070500016
M1110 1 2 0.6550 0.345000029
M1111 1 2 0.4075 0.592500001
M1112 1 2 0.4330 0.567000002
M1113 1 2 0.7280 0.272000015
M1114 1 2 0.3890 0.611000001
M1115 1 2 0.8105 0.189499974
M1116 1 2 0.6360 0.364000022
M1117 1 2 0.0685 0.931500003
M1118 1 2 0.7585 0.241500020
M1119 1 2 0.6855 0.314499974
M1120 1 2 0.1385 0.861499995
M1121 1 2 0.8780 0.121999979
M1122 1 2 0.1660 0.834000006
M1123 1 2 0.6415 0.358500004
M1124 1 2 0.4470 0.553000003
M1125 1 2 0.3360 0.664000005
M1126 1 2 0.0325 0.967500001
M1127 1 2 0.0810 0.919000000
M1128 1 2 0.5645 0.435500026
M1129 1 2 0.4145 0.585500002
M1130 1 2 0.4990 0.500999987
M1131 1 2 0.5575 0.442499995
M1132 1 2 0.6230 0.376999974
M1133 1 2 0.6805 0.319500029
M1134 1 2 0.8920 0.107999980
M1135 1 2 0.2855 0.714500010
M1136 1 2 0.9360 0.064000010
M1137 1 2 0.1625 0.837500006
M1138 1 2 0.5635 0.436500013
M1139 1 2 0.3700 0.629999995
M1140 1 2 0.6555 0.344500005
M1141 1 2 0.1550 0.844999999
M1142 1 2 0.3985 0.601500005
M1143 1 2 0.6370 0.362999976
M1144 1 2 0.4510 0.548999995
M1145 1 2 0.3450 0.655000001
M1146 1 2 0.6865 0.313499987
M1147 1 2 0.3770 0.622999996
M1148 1 2 0.2410 0.759000003
M1149 1 2 0.2520 0.747999996
M1150 1 2 0.1710 0.828999996
M1151 1 2 0.3130 0.687000006
M1152 1 2 0.2960 0.703999996
M1153 1 2 0.2420 0.758000001
M1154 1 2 0.0420 0.958000001
M1155 1 2 0.4615 0.538500011
M1156 1 2 0.4935 0.506500006
M1157 1 2 0.7560 0.244000018
M1158 1 2 0.2665 0.733500004
M1159 1 2 0.2630 0.736999989
M1160 1 2 0.9595 0.040499985
M1161 1 2 0.1530 0.847000003
M1162 1 2 0.7195 0.280499995
M1163 1 2 0.1340 0.865999997
M1164 1 2 0.4900 0.509999990
M1165 1 2 0.7395 0.260500014
M1166 1 2 0.3870 0.613000005
M1167 1 2 0.3750 0.625000000
M1168 1 2 0.0340 0.965999998
M1169 1 2 0.6305 0.369499981
M1170 1 2 0.3945 0.605500013
M1171 1 2 0.1545 0.845500007
M1172 1 2 0.2275 0.772499993
M1173 1 2 0.8205 0.179499984
M1174 1 2 0.6325 0.367500007
M1175 1 2 0.3420 0.657999992
M1176 1 2 0.1790 0.820999995
M1177 1 2 0.6565 0.343500018
M1178 1 2 0.1585 0.841499999
M1179 1 2 0.5525 0.447499990
M1180 1 2 0.6710 0.328999996
M1181 1 2 0.9890 0.010999978
M1182 1 2 0.0270 0.972999999
M1183 1 2 0.3435 0.656500012
M1184 1 2 0.0995 0.900500000
M1185 1 2 0.8880 0.111999989
M1186 1 2 0.7455 0.254499972
M1187 1 2 0.4715 0.528499991
M1188 1 2 0.7025 0.297500014
M1189 1 2 0.3195 0.680500001
M1190 1 2 0.8685 0.131500006
M1191 1 2 0.5230 0.476999998
M1192 1 2 0.8680 0.132000029
M1193 1 2 0.4070 0.592999995
M1194 1 2 0.8105 0.189499974
M1195 1 2 0.5640 0.435999990
M1196 1 2 0.2175 0.782499999
M1197 1 2 0.6050 0.394999981
M1198 1 2 0.0425 0.957500000
M1199 1 2 0.1110 0.888999999
M1200 1 2 0.1880 0.812000006
M1201 1 2 0.3855 0.614499986
M1202 1 2 0.7905 0.209500015
M1203 1 2 0.2530 0.747000009
M1204 1 2 0.3420 0.657999992
M1205 1 2 0.8440 0.156000018
M1206 1 2 0.8190 0.180999994
M1207 1 2 0.2340 0.766000003
M1208 1 2 0.8790 0.120999992
M1209 1 2 0.0245 0.975500001
M1210 1 2 0.5750 0.425000012
M1211 1 2 0.7765 0.223500013
M1212 1 2 0.3810 0.618999988
M1213 1 2 0.8990 0.101000011
M1214 1 2 0.2210 0.778999999
M1215 1 2 0.1595 0.840499997
M1216 1 2 0.5470 0.453000009
M1217 1 2 0.9775 0.022499979
M1218 1 2 0.1515 0.848499998
M1219 1 2 0.7350 0.264999986
M1220 1 2 0.4690 0.530999988
M1221 1 2 0.2855 0.714500010
M1222 1 2 0.1615 0.838499993
M1223 1 2 0.3230 0.676999986
M1224 1 2 0.2100 0.790000007
M1225 1 2 0.5535 0.446500003
M1226 1 2 0.7875 0.212499976
M1227 1 2 0.9070 0.092999995
M1228 1 2 0.2135 0.786500007
M1229 1 2 0.9670 0.032999992
M1230 1 2 0.6920 0.308000028
M1231 1 2 0.7880 0.212000012
M1232 1 2 0.8080 0.191999972
M1233 1 2 0.9035 0.096499979
M1234 1 2 0.3785 0.621499985
M1235 1 2 0.4830 0.516999990
M1236 1 2 0.9410 0.059000015
M1237 1 2 0.4775 0.522500008
M1238 1 2 0.4035 0.596500009
M1239 1 2 0.0875 0.912500001
M1240 1 2 0.3270 0.673000008
M1241 1 2 0.1220 0.877999999
M1242 1 2 0.9355 0.064499974
M1243 1 2 0.6075 0.392499983
M1244 1 2 0.7500 0.250000000
M1245 1 2 0.0645 0.935500003
M1246 1 2 0.3980 0.601999998
M1247 1 2 0.9240 0.075999975
M1248 1 2 0.4480 0.551999986
M1249 1 2 0.5890 0.411000013
M1250 1 2 0.0990 0.901000001
M1251 1 2 0.8915 0.108500004
M1252 1 2 0.7805 0.219500005
M1253 1 2 0.7090 0.291000009
M1254 1 2 0.2845 0.715499997
M1255 1 2 0.6405 0.359499991
M1256 1 2 0.4545 0.545500010
M1257 1 2 0.0720 0.928000003
M1258 1 2 0.2845 0.715499997
M1259 1 2 0.7990 0.200999975
M1260 1 2 0.8845 0.115499973
M1261 1 2 0.7620 0.237999976
M1262 1 2 0.9015 0.098500013
M1263 1 2 0.7880 0.212000012
M1264 1 2 0.8740 0.125999987
M1265 1 2 0.3910 0.608999997
M1266 1 2 0.3105 0.689500004
M1267 1 2 0.7630 0.236999989
M1268 1 2 0.3555 0.644499987
M1269 1 2 0.7125 0.287500024
M1270 1 2 0.9020 0.097999990
M1271 1 2 0.8835 0.116500020
M1272 1 2 0.6235 0.376500010
M1273 1 2 0.1725 0.827500001
M1274 1 2 0.2790 0.720999986
M1275 1 2 0.8585 0.141499996
M1276 1 2 0.6350 0.365000010
M1277 1 2 0.2415 0.758499995
M1278 1 2 0.4760 0.523999989
M1279 1 2 0.2570 0.743000001
M1280 1 2 0.6920 0.308000028
M1281 1 2 0.3755 0.624500006
M1282 1 2 0.8510 0.148999989
M1283 1 2 0.0480 0.952000000
M1284 1 2 0.5165 0.483500004
M1285 1 2 0.1755 0.824499995
M1286 1 2 0.5555 0.444500029
M1287 1 2 0.6800 0.319999993
M1288 1 2 0.6965 0.303499997
M1289 1 2 0.3440 0.655999988
M1290 1 2 0.6900 0.310000002
M1291 1 2 0.6735 0.326499999
M1292 1 2 0.9090 0.091000021
M1293 1 2 0.2155 0.784500003
M1294 1 2 0.3555 0.644499987
M1295 1 2 0.8150 0.185000002
M1296 1 2 0.1955 0.804499999
M1297 1 2 0.6795 0.320500016
M1298 1 2 0.3745 0.625499994
M1299 1 2 0.8320 0.167999983
M1300 1 2 0.5345 0.465499997
M1301 1 2 0.0780 0.921999998
M1302 1 2 0.7630 0.236999989
M1303 1 2 0.8305 0.169499993
M1304 1 2 0.6470 0.352999985
M1305 1 2 0.1960 0.804000005
M1306 1 2 0.2995 0.700500011
M1307 1 2 0.5415 0.458500028
M1308 1 2 0.7300 0.269999981
M1309 1 2 0.6730 0.327000022
M1310 1 2 0.3975 0.602499992
M1311 1 2 0.5915 0.408500016
M1312 1 2 0.8590 0.140999973
M1313 1 2 0.3265 0.673500001
M1314 1 2 0.1005 0.899499997
M1315 1 2 0.8135 0.186500013
M1316 1 2 0.8605 0.139500022
M1317 1 2 0.2780 0.722000003
M1318 1 2 0.5305 0.469500005
M1319 1 2 0.7535 0.246500015
M1320 1 2 0.1600 0.840000004
M1321 1 2 0.3175 0.682500005
M1322 1 2 0.7310 0.268999994
M1323 1 2 0.3115 0.688499987
M1324 1 2 0.9720 0.027999997
M1325 1 2 0.9700 0.029999971
M1326 1 2 0.6300 0.370000005
M1327 1 2 0.7785 0.221499979
M1328 1 2 0.1785 0.821500003
M1329 1 2 0.8185 0.181500018
M1330 1 2 0.7815 0.218500018
M1331 1 2 0.5000 0.500000000
M1332 1 2 0.3055 0.694499999
M1333 1 2 0.7675 0.232500017
M1334 1 2 0.6640 0.336000025
M1335 1 2 0.5430 0.457000017
M1336 1 2 0.7750 0.225000024
M1337 1 2 0.4820 0.518000007
M1338 1 2 0.5965 0.403500021
M1339 1 2 0.2925 0.707500011
M1340 1 2 0.7695 0.230499983
M1341 1 2 0.3385 0.661500007
M1342 1 2 0.0205 0.979499999
M1343 1 2 0.1070 0.892999999
M1344 1 2 0.2220 0.777999997
M1345 1 2 0.4520 0.548000008
M1346 1 2 0.0605 0.939500000
M1347 1 2 0.8945 0.105499983
M1348 1 2 0.9740 0.026000023
M1349 1 2 0.8060 0.194000006
M1350 1 2 0.0450 0.954999998
M1351 1 3 0.0720 0.928000003
M1352 1 3 0.2525 0.747500002
M1353 1 3 0.6515 0.348500013
M1354 1 3 0.6385 0.361500025
M1355 1 3 0.2365 0.763500005
M1356 1 3 0.5480 0.452000022
M1357 1 3 0.4475 0.552500010
M1358 1 3 0.8160 0.184000015
M1359 1 3 0.7065 0.293500006
M1360 1 3 0.2280 0.772000000
M1361 1 3 0.5840 0.416000009
M1362 1 3 0.5725 0.427500010
M1363 1 3 0.1175 0.882500000
M1364 1 3 0.4880 0.511999995
M1365 1 3 0.8015 0.198499978
M1366 1 3 0.5585 0.441500008
M1367 1 3 0.0600 0.940000001
M1368 1 3 0.5045 0.495500028
M1369 1 3 0.0825 0.917499997
M1370 1 3 0.0975 0.902500004
M1371 1 3 0.4695 0.530499995
M1372 1 3 0.6500 0.350000024
M1373 1 3 0.1305 0.869499996
M1374 1 3 0.4545 0.545500010
M1375 1 3 0.2555 0.744500011
M1376 1 3 0.4545 0.545500010
M1377 1 3 0.8690 0.130999982
M1378 1 3 0.3615 0.638500005
M1379 1 3 0.2500 0.750000000
M1380 1 3 0.8000 0.199999988
M1381 1 3 0.5390 0.461000025
M1382 1 3 0.4780 0.522000015
M1383 1 3 0.2160 0.783999994
M1384 1 3 0.3625 0.637499988
M1385 1 3 0.5260 0.473999977
M1386 1 3 0.3865 0.613499999
M1387 1 3 0.6505 0.349500000
M1388 1 3 0.4135 0.586499989
M1389 1 3 0.9615 0.038500011
M1390 1 3 0.5080 0.491999984
M1391 1 3 0.4260 0.574000001
M1392 1 3 0.6595 0.340499997
M1393 1 3 0.2460 0.753999993
M1394 1 3 0.5995 0.400500000
M1395 1 3 0.6570 0.342999995
M1396 1 3 0.5340 0.466000021
M1397 1 3 0.9090 0.091000021
M1398 1 3 0.5945 0.405499995
M1399 1 3 0.2745 0.725499988
M1400 1 3 0.8380 0.162000000
M1401 1 3 0.7440 0.255999982
M1402 1 3 0.5680 0.431999981
M1403 1 3 0.3940 0.606000006
M1404 1 3 0.4455 0.554500014
M1405 1 3 0.4700 0.530000001
M1406 1 3 0.2715 0.728500009
M1407 1 3 0.4425 0.557500005
M1408 1 3 0.6100 0.389999986
M1409 1 3 0.0225 0.977499999
M1410 1 3 0.8790 0.120999992
M1411 1 3 0.5095 0.490499973
M1412 1 3 0.2955 0.704499990
M1413 1 3 0.3720 0.627999991
M1414 1 3 0.8825 0.117500007
M1415 1 3 0.2265 0.773499995
M1416 1 3 0.7165 0.283500016
M1417 1 3 0.4110 0.588999987
M1418 1 3 0.5060 0.494000018
M1419 1 3 0.2420 0.758000001
M1420 1 3 0.5115 0.488499999
M1421 1 3 0.2255 0.774499997
M1422 1 3 0.5280 0.472000003
M1423 1 3 0.5895 0.410499990
M1424 1 3 0.8235 0.176500022
M1425 1 3 0.6415 0.358500004
M1426 1 3 0.5155 0.484499991
M1427 1 3 0.9130 0.087000012
M1428 1 3 0.4335 0.566500008
M1429 1 3 0.1410 0.858999997
M1430 1 3 0.5870 0.412999988
M1431 1 3 0.7040 0.296000004
M1432 1 3 0.3775 0.622500002
M1433 1 3 0.9765 0.023500025
M1434 1 3 0.0945 0.905500002
M1435 1 3 0.2655 0.734499991
M1436 1 3 0.7560 0.244000018
M1437 1 3 0.7480 0.251999974
M1438 1 3 0.2165 0.783500001
M1439 1 3 0.3210 0.678999990
M1440 1 3 0.5730 0.426999986
M1441 1 3 0.6040 0.396000028
M1442 1 3 0.5715 0.428499997
M1443 1 3 0.2640 0.736000001
M1444 1 3 0.5205 0.479499996
M1445 1 3 0.6625 0.337499976
M1446 1 3 0.6475 0.352500021
M1447 1 3 0.6205 0.379499972
M1448 1 3 0.6550 0.345000029
M1449 1 3 0.0860 0.913999997
M1450 1 3 0.5800 0.420000017
M1451 1 3 0.1680 0.832000002
M1452 1 3 0.8835 0.116500020
M1453 1 3 0.5795 0.420499980
M1454 1 3 0.0300 0.970000001
M1455 1 3 0.3370 0.662999988
M1456 1 3 0.7485 0.251500010
M1457 1 3 0.1350 0.864999995
M1458 1 3 0.2685 0.731500000
M1459 1 3 0.1425 0.857500002
M1460 1 3 0.5810 0.419000030
M1461 1 3 0.8050 0.194999993
M1462 1 3 0.6070 0.393000007
M1463 1 3 0.2390 0.761000007
M1464 1 3 0.6525 0.347500026
M1465 1 3 0.9105 0.089500010
M1466 1 3 0.6810 0.319000006
M1467 1 3 0.7160 0.283999979
M1468 1 3 0.4755 0.524500012
M1469 1 3 0.2860 0.713999987
M1470 1 3 0.1130 0.887000002
M1471 1 3 0.0620 0.938000001
M1472 1 3 0.6465 0.353500009
M1473 1 3 0.4595 0.540499985
M1474 1 3 0.6095 0.390500009
M1475 1 3 0.6490 0.351000011
M1476 1 3 0.5265 0.473500013
M1477 1 3 0.6250 0.375000000
M1478 1 3 0.2140 0.785999998
M1479 1 3 0.3525 0.647500008
M1480 1 3 0.3870 0.613000005
M1481 1 3 0.2445 0.755500004
M1482 1 3 0.6275 0.372500002
M1483 1 3 0.4245 0.575500011
M1484 1 3 0.6945 0.305499971
M1485 1 3 0.4260 0.574000001
M1486 1 3 0.7605 0.239499986
M1487 1 3 0.8235 0.176500022
M1488 1 3 0.5750 0.425000012
M1489 1 3 0.6250 0.375000000
M1490 1 3 0.0110 0.989000000
M1491 1 3 0.0440 0.956000000
M1492 1 3 0.6235 0.376500010
M1493 1 3 0.7855 0.214500010
M1494 1 3 0.4410 0.558999985
M1495 1 3 0.2570 0.743000001
M1496 1 3 0.6510 0.348999977
M1497 1 3 0.4640 0.536000013
M1498 1 3 0.6030 0.397000015
M1499 1 3 0.5440 0.455999970
M1500 1 3 0.5665 0.433499992
M1501 1 3 0.6280 0.371999979
M1502 1 3 0.6390 0.361000001
M1503 1 3 0.2135 0.786500007
M1504 1 3 0.6765 0.323499978
M1505 1 3 0.4100 0.590000004
M1506 1 3 0.6315 0.368499994
M1507 1 3 0.2200 0.780000001
M1508 1 3 0.1955 0.804499999
M1509 1 3 0.0425 0.957500000
M1510 1 3 0.5115 0.488499999
M1511 1 3 0.7340 0.265999973
M1512 1 3 0.9350 0.064999998
M1513 1 3 0.5705 0.429499984
M1514 1 3 0.1130 0.887000002
M1515 1 3 0.6810 0.319000006
M1516 1 3 0.3620 0.638000011
M1517 1 3 0.1865 0.813500002
M1518 1 3 0.9485 0.051500022
M1519 1 3 0.4070 0.592999995
M1520 1 3 0.3355 0.664499998
M1521 1 3 0.3970 0.602999985
M1522 1 3 0.6405 0.359499991
M1523 1 3 0.4040 0.595999986
M1524 1 3 0.1600 0.840000004
M1525 1 3 0.9165 0.083500028
M1526 1 3 0.1950 0.805000007
M1527 1 3 0.8635 0.136500001
M1528 1 3 0.5970 0.402999997
M1529 1 3 0.5610 0.439000010
M1530 1 3 0.4585 0.541500002
M1531 1 3 0.0125 0.987500000
M1532 1 3 0.4170 0.583000004
M1533 1 3 0.8485 0.151499987
M1534 1 3 0.4675 0.532499999
M1535 1 3 0.3780 0.622000009
M1536 1 3 0.6240 0.375999987
M1537 1 3 0.5230 0.476999998
M1538 1 3 0.7160 0.283999979
M1539 1 3 0.5620 0.438000023
M1540 1 3 0.6515 0.348500013
M1541 1 3 0.2490 0.751000002
M1542 1 3 0.2320 0.768000007
M1543 1 3 0.3395 0.660499990
M1544 1 3 0.3505 0.649500012
M1545 1 3 0.2755 0.724500000
M1546 1 3 0.2285 0.771500006
M1547 1 3 0.7490 0.250999987
M1548 1 3 0.7600 0.240000010
M1549 1 3 0.4515 0.548500001
M1550 1 3 0.2560 0.743999988
M1551 1 3 0.7480 0.251999974
M1552 1 3 0.1565 0.843500003
M1553 1 3 0.7485 0.251500010
M1554 1 3 0.6440 0.356000006
M1555 1 3 0.0855 0.914499998
M1556 1 3 0.5760 0.424000025
M1557 1 3 0.8455 0.154500008
M1558 1 3 0.4775 0.522500008
M1559 1 3 0.6075 0.392499983
M1560 1 3 0.7285 0.271499991
M1561 1 3 0.6010 0.398999989
M1562 1 3 0.8450 0.154999971
M1563 1 3 0.3530 0.647000015
M1564 1 3 0.6760 0.324000001
M1565 1 3 0.8490 0.151000023
M1566 1 3 0.8675 0.132499993
M1567 1 3 0.8090 0.190999985
M1568 1 3 0.8850 0.115000010
M1569 1 3 0.4415 0.558499992
M1570 1 3 0.3980 0.601999998
M1571 1 3 0.7125 0.287500024
M1572 1 3 0.8075 0.192499995
M1573 1 3 0.1875 0.812500000
M1574 1 3 0.3935 0.606500000
M1575 1 3 0.1990 0.800999999
M1576 1 3 0.5550 0.444999993
M1577 1 3 0.8650 0.134999990
M1578 1 3 0.1875 0.812500000
M1579 1 3 0.0680 0.931999996
M1580 1 3 0.4875 0.512499988
M1581 1 3 0.2375 0.762500003
M1582 1 3 0.1215 0.878500000
M1583 1 3 0.1880 0.812000006
M1584 1 3 0.6195 0.380500019
M1585 1 3 0.5520 0.448000014
M1586 1 3 0.4760 0.523999989
