ID sire dam generation sex phen env tbvp gebvp
   1 1389 1852 2 M -1.2821002397 -0.377290399 0.4354760 0
   2 1389 1852 2 M -1.5991844432 -1.053796122 0.4547679 0
   3 1389 1852 2 F -0.3927984827 -0.237146193 0.6171359 0
   4 1389 1852 2 M  0.4621454261  0.895146563 0.5542350 0
   5 1389 1852 2 F -0.5687948037 -0.024280018 0.4481936 0
   6 1389 2261 2 M  3.5184315722  0.353382955 1.7135305 0
   7 1389 2261 2 F  1.0085345648 -1.086911307 1.4435727 0
   8 1389 2261 2 M  2.0828967498  0.284327523 1.4405551 0
   9 1389 2261 2 M  2.5676785998 -0.438216341 1.6721496 0
  10 1389 2261 2 F  3.2435187477  0.562550706 1.5177825 0
  11 1303 1419 2 F  3.5331259103 -0.236948482 1.9950089 0
  12 1303 1419 2 M  3.3212414613  0.571685449 1.7157936 0
  13 1303 1419 2 M  3.0374807895 -0.053534846 1.7611666 0
  14 1303 1419 2 M  2.1982548493 -0.354510613 1.6078478 0
  15 1303 1419 2 M  3.2604282241  0.239911833 1.7732900 0
  16 1303 2282 2 M  2.4191759209 -0.388656451 1.6842871 0
  17 1303 2282 2 M  2.9315195004  0.024528962 1.6998772 0
  18 1303 2282 2 M  2.9173246419  0.515039043 1.5341487 0
  19 1303 2282 2 F  1.5008549637 -0.930777692 1.4775367 0
  20 1303 2282 2 F  2.7456648521  0.376901659 1.5444470 0
  21 1310 2074 2 F  1.0704022453 -0.748983498 1.2754554 0
  22 1310 2074 2 F  2.5744966196  1.827979098 1.0479520 0
  23 1310 2074 2 F  1.0702927853 -1.057774113 1.4543055 0
  24 1310 2074 2 M  3.4832506466  0.852448909 1.5541652 0
  25 1310 2074 2 M  2.3397668449  0.132743055 1.5510646 0
  26 1310 1882 2 M  2.8450661366  1.071670246 1.3552636 0
  27 1310 1882 2 M -0.0057817063 -0.662886016 1.0045757 0
  28 1310 1882 2 M  1.8275521508 -0.376428347 1.4915668 0
  29 1310 1882 2 F  1.1058357585 -0.634165476 1.3435367 0
  30 1310 1882 2 F  3.0620837300  0.183430509 1.6885285 0
  31 1854 1939 2 M  2.5842717910  0.129741233 1.5251497 0
  32 1854 1939 2 F  2.1776291859 -0.061099515 1.5198510 0
  33 1854 1939 2 M  1.7572103439  0.158582107 1.3442080 0
  34 1854 1939 2 F  0.4239469545 -1.244228768 1.3432280 0
  35 1854 1939 2 F  0.9705876156 -0.256079638 1.0825020 0
  36 1854 1989 2 F  3.5822550586  1.274873735 1.4201849 0
  37 1854 1989 2 F  0.4514834890 -0.435895735 1.2054711 0
  38 1854 1989 2 M  1.8821875951  0.764971969 1.2882957 0
  39 1854 1989 2 M  2.3812395001 -0.032281208 1.4483775 0
  40 1854 1989 2 M  0.6811675807 -0.361448707 1.1795323 0
  41 1511 2265 2 M  3.0922420501  1.278264763 1.3836208 0
  42 1511 2265 2 F  1.4270080026 -1.041296568 1.6001468 0
  43 1511 2265 2 M  1.6697467268 -0.438943069 1.4854678 0
  44 1511 2265 2 M  1.5804519166 -0.429558569 1.4267456 0
  45 1511 2265 2 M  2.4158572581 -0.029437986 1.6199088 0
  46 1511 1301 2 F  1.3406434585 -0.171816093 1.4815553 0
  47 1511 1301 2 F  2.6847811223 -0.395065507 1.7553121 0
  48 1511 1301 2 M  1.2514374041 -0.120339130 1.2074483 0
  49 1511 1301 2 F  2.6517659271 -0.301645169 1.6774707 0
  50 1511 1301 2 M  2.6136271096 -0.223082077 1.7197866 0
  51 1512 1883 2 M  3.0686224196  1.398916581 1.4250819 0
  52 1512 1883 2 F  0.6764326597 -1.066321612 1.4386288 0
  53 1512 1883 2 M  0.6664164228 -0.948126849 1.4450722 0
  54 1512 1883 2 F  0.8124707500 -0.154675301 1.1867325 0
  55 1512 1883 2 M  1.1831881081 -0.765662843 1.4234904 0
  56 1512 1614 2 M  2.8306992336 -0.304495303 1.8050764 0
  57 1512 1614 2 M  3.6788223693  0.180496654 1.9449021 0
  58 1512 1614 2 F  1.7907645271 -0.776580814 1.5924787 0
  59 1512 1614 2 M  3.5079986293  0.206283921 1.8739683 0
  60 1512 1614 2 M  4.0567529119  0.989417417 1.8059750 0
  61 1444 1615 2 M  1.6514939383 -0.010849119 1.2816806 0
  62 1444 1615 2 M  0.7097087060 -0.537891079 1.1336430 0
  63 1444 1615 2 F  2.5681363085  0.890760461 1.2547439 0
  64 1444 1615 2 M  1.3858279014 -0.409066950 1.3042879 0
  65 1444 1615 2 M  2.9192351281  1.216833754 1.3112310 0
  66 1444 1412 2 F  1.1667945587  0.024163431 1.2420943 0
  67 1444 1412 2 M  1.8578900380 -0.093711546 1.3997695 0
  68 1444 1412 2 M  0.5596875181 -1.119126685 1.3201383 0
  69 1444 1412 2 M  2.2127374291  0.219416738 1.4327951 0
  70 1444 1412 2 F  1.9037493101 -0.141478955 1.5051768 0
  71 1308 1990 2 M  3.2702826579  1.617768887 1.2687027 0
  72 1308 1990 2 F  1.9072966920 -0.083428370 1.3084026 0
  73 1308 1990 2 M  3.2928548415  0.476075506 1.5886271 0
  74 1308 1990 2 M  1.6839196837  0.232811783 1.2539983 0
  75 1308 1990 2 M  2.4154418009 -0.483810489 1.6212393 0
  76 1308 2294 2 F  1.9934907772  0.528604347 1.1690856 0
  77 1308 2294 2 M  1.4543004567  0.042836448 1.2299180 0
  78 1308 2294 2 F -0.6288462702 -0.839033994 0.8031812 0
  79 1308 2294 2 M  2.5593544487  0.599814051 1.3181967 0
  80 1308 2294 2 F  0.5820377262 -0.697397861 1.1694729 0
  81 2169 1694 2 F -1.2064645632 -0.626612898 0.5784960 0
  82 2169 1694 2 F -0.2309726289  0.249411278 0.3754630 0
  83 2169 1694 2 F -0.1341766370  0.292048111 0.6237903 0
  84 2169 1694 2 F -0.1479674523  0.320488412 0.5170521 0
  85 2169 1694 2 F  0.2886428140  0.941481833 0.4568522 0
  86 2169 1940 2 F  0.7824540735 -0.634857657 1.2829413 0
  87 2169 1940 2 M  1.6246429121  0.034370733 1.3909288 0
  88 2169 1940 2 M  1.4228387657 -0.402525402 1.4670082 0
  89 2169 1940 2 M  2.9677804037  1.432794221 1.4020101 0
  90 2169 1940 2 F  1.3159459709 -0.168870298 1.2728746 0
  91 1363 2073 2 F  1.3727098226 -0.484354506 1.3826382 0
  92 1363 2073 2 F  2.0818774963  0.156874742 1.3305151 0
  93 1363 2073 2 F -0.6331929435 -1.629667330 1.1815804 0
  94 1363 2073 2 F  0.6387336562 -0.831520555 1.2018098 0
  95 1363 2073 2 F  0.2358245974 -0.907368125 1.2711116 0
  96 1363 2266 2 M  2.5591588017  0.668098135 1.4261878 0
  97 1363 2266 2 M  2.4077227267 -0.052266298 1.5143387 0
  98 1363 2266 2 F  3.4297833116  0.643332300 1.5865510 0
  99 1363 2266 2 F  3.8971929188  1.657976970 1.6001980 0
 100 1363 2266 2 M  1.9447808277 -0.393709795 1.6189965 0
 101 1442 1415 2 M  2.4424185707  1.029615087 1.3070950 0
 102 1442 1415 2 F  1.0577183650 -0.615690232 1.3421645 0
 103 1442 1415 2 F  2.8845580032  1.031857638 1.4203956 0
 104 1442 1415 2 M  3.0098429619  0.523360187 1.5656263 0
 105 1442 1415 2 F  1.2307760345 -0.575558832 1.4097709 0
 106 1442 2228 2 F  1.3722496362 -0.375433728 1.3220614 0
 107 1442 2228 2 F  2.3708345910  0.232541925 1.4395539 0
 108 1442 2228 2 M  2.3200933849  0.152496740 1.4478706 0
 109 1442 2228 2 F  1.0864552441 -0.361486632 1.2429267 0
 110 1442 2228 2 F  3.2168991850  0.922848012 1.4686506 0
 111 1532 2292 2 M  3.2945686580  1.321960417 1.3087583 0
 112 1532 2292 2 F  0.1584895855 -1.302979783 1.2263252 0
 113 1532 2292 2 M  0.9387110052  0.199345222 1.0566284 0
 114 1532 2292 2 M  1.7505671015  0.644286079 1.1601122 0
 115 1532 2292 2 F  1.9385530160  0.226970768 1.2736535 0
 116 1532 1464 2 F  2.3828842429  0.779343209 1.2543325 0
 117 1532 1464 2 M  0.5786985977 -0.868134836 1.3420603 0
 118 1532 1464 2 F  1.9927536973  0.559731053 1.2122110 0
 119 1532 1464 2 F  2.9970492499  0.987533264 1.4263288 0
 120 1532 1464 2 F  0.7348743768 -0.401297264 1.0614449 0
 121 1714 1397 2 F  3.0800909591  0.693434544 1.4876863 0
 122 1714 1397 2 F  3.2538987072  1.320971851 1.4085510 0
 123 1714 1397 2 F  1.7018004432  0.270572818 1.2814267 0
 124 1714 1397 2 F -0.2973787989 -1.417212357 1.1748933 0
 125 1714 1397 2 F  1.9379104697  0.654974371 1.1747311 0
 126 1714 1480 2 F  0.7552483812 -0.504585485 1.2935985 0
 127 1714 1480 2 F  3.6404210467  0.489069424 1.5873216 0
 128 1714 1480 2 F  2.9492677770  0.416964031 1.4727508 0
 129 1714 1480 2 F  4.3590348225  1.235285944 1.7147678 0
 130 1714 1480 2 F  2.4050141479  0.090137584 1.6514300 0
 131 1513 2211 2 F  2.4709853096  0.704303181 1.3383604 0
 132 1513 2211 2 F  3.0603015956  0.644251026 1.5426752 0
 133 1513 2211 2 F  2.9501971759  1.259639170 1.3016326 0
 134 1513 2211 2 F  1.8326163273  0.418802534 1.2618460 0
 135 1513 2211 2 F  0.6641943926 -0.782799903 1.3572277 0
 136 1513 1650 2 F  4.1474074433  1.904394812 1.4560937 0
 137 1513 1650 2 F  2.3452978867 -0.246036672 1.4870563 0
 138 1513 1650 2 M  2.0969714313 -0.489831179 1.4608004 0
 139 1513 1650 2 M  3.0250454436  0.443324283 1.5768339 0
 140 1513 1650 2 F  0.9472187489 -0.914783430 1.3499869 0
 141 2230 1414 2 F  1.0191005468 -1.400127249 1.5410356 0
 142 2230 1414 2 F  2.3176958490 -0.261874464 1.6010416 0
 143 2230 1414 2 F  1.4800232290 -0.015580283 1.3351972 0
 144 2230 1414 2 F  2.0232602731 -0.581987601 1.5832882 0
 145 2230 1414 2 M  2.3606581591 -0.396120371 1.6511686 0
 146 2230 1691 2 M  1.9041664921 -0.390789412 1.4257632 0
 147 2230 1691 2 F  0.4821252780 -0.158172598 1.0302443 0
 148 2230 1691 2 M  0.7587257169 -0.880873971 1.3114945 0
 149 2230 1691 2 F  0.8565135570  0.514925456 0.8418688 0
 150 2230 1691 2 F  1.2581391622  0.447895974 1.0681674 0
 151 1623 1506 2 F  2.1078823248 -0.103272787 1.4141841 0
 152 1623 1506 2 F  2.6422000209  0.570397556 1.4099582 0
 153 1623 1506 2 F  2.4771404420 -0.435841108 1.7766817 0
 154 1623 1506 2 M  2.6760296106  0.084474143 1.7190893 0
 155 1623 1506 2 M  3.8344956808  0.796676058 1.6405681 0
 156 1623 1417 2 M -0.6672070661 -0.352133945 0.5236510 0
 157 1623 1417 2 F -0.2912849049 -0.090071969 0.6137846 0
 158 1623 1417 2 F -0.0322981377  0.195165590 0.6432069 0
 159 1623 1417 2 M -0.8670310307 -0.269943540 0.4375303 0
 160 1623 1417 2 M -0.8567467718 -0.001260432 0.3442298 0
 161 1625 1874 2 M  1.1581297941 -0.835128420 1.4115718 0
 162 1625 1874 2 M  2.4583773230 -0.126008156 1.6296347 0
 163 1625 1874 2 M  1.4813781344  0.106393975 1.2849892 0
 164 1625 1874 2 F  3.2396726404  1.172750559 1.5244168 0
 165 1625 1874 2 M  1.9410837653  0.513401472 1.3320878 0
 166 1625 2214 2 M  0.7970905282 -0.618980376 1.3859139 0
 167 1625 2214 2 F  0.4128164411 -0.956758210 1.2357102 0
 168 1625 2214 2 M  1.8098846213  0.480476946 1.2739739 0
 169 1625 2214 2 M  0.9775754886 -0.677911961 1.2491773 0
 170 1625 2214 2 F  2.5482930489  0.921853177 1.3751505 0
 171 1386 1413 2 M  2.9065689044  0.400342192 1.5923724 0
 172 1386 1413 2 M  1.7979663379 -0.945201527 1.6211410 0
 173 1386 1413 2 F  2.1282003443 -0.575396462 1.6547845 0
 174 1386 1413 2 M  3.2560395671  0.184515018 1.7467916 0
 175 1386 1413 2 M  2.7394121196 -0.662269164 1.8513798 0
 176 1386 1992 2 M  2.6261420131  0.008856216 1.5181457 0
 177 1386 1992 2 F  2.5072590628 -0.341453889 1.5346034 0
 178 1386 1992 2 F  1.4439212335 -1.128973100 1.5240537 0
 179 1386 1992 2 F  1.9814861381  0.267539456 1.2588813 0
 180 1386 1992 2 M  1.4340498613 -0.855358590 1.4182769 0
 181 1711 2264 2 F -1.7631584848 -0.315770541 0.1356231 0
 182 1711 2264 2 F -0.5459941122  0.237495869 0.2740296 0
 183 1711 2264 2 F  0.1827618609  1.429019703 0.1346704 0
 184 1711 2264 2 M -0.5440452819  0.158918813 0.4134780 0
 185 1711 2264 2 M  0.3471784709  1.373323596 0.2333168 0
 186 1711 1786 2 F -2.1736447615 -1.353390297 0.3315475 0
 187 1711 1786 2 M -0.6758699766  0.288287596 0.2066677 0
 188 1711 1786 2 F -0.5028998746  0.325128889 0.3157802 0
 189 1711 1786 2 F -1.3436783911 -0.639873403 0.3473737 0
 190 1711 1786 2 M -1.8018293407 -1.157808399 0.3228050 0
 191 1388 1854 2 M -0.5894542505  0.416923367 0.5394983 0
 192 1388 1854 2 F -0.7963272923  0.124268380 0.6013974 0
 193 1388 1854 2 F -0.8441896972  0.260356933 0.3947284 0
 194 1388 1854 2 F -0.3501867338  0.617167462 0.4456384 0
 195 1388 1854 2 F -2.1520308252 -1.641665431 0.5566814 0
 196 1388 1545 2 F  2.4218708553  0.555925409 1.4122603 0
 197 1388 1545 2 F  2.4936989529  0.595853654 1.3837039 0
 198 1388 1545 2 M  1.4937953692 -0.245654707 1.3577100 0
 199 1388 1545 2 F  1.4805234251 -0.806710920 1.4351620 0
 200 1388 1545 2 F  2.8734596049 -0.589791888 1.7712531 0
 201 1375 1876 2 M  0.7483240270  0.500052563 1.0990378 0
 202 1375 1876 2 F  0.8526196268 -0.579709334 1.3800807 0
 203 1375 1876 2 M  3.7834303367  0.909815052 1.7057907 0
 204 1375 1876 2 F  3.0086685241  0.815903198 1.5420736 0
 205 1375 1876 2 M  2.2974517345 -0.253653457 1.5407689 0
 206 1375 1831 2 M  1.1165310010 -0.247467077 1.4339861 0
 207 1375 1831 2 F  3.3055261286  0.814450489 1.5273388 0
 208 1375 1831 2 M  0.5587929235 -0.721844991 1.2931352 0
 209 1375 1831 2 F  3.3441779446  1.625682835 1.3258296 0
 210 1375 1831 2 M  1.2142947502 -0.287274475 1.4329627 0
 211 1417 1855 2 F  2.3415257402  0.149291743 1.4659783 0
 212 1417 1855 2 F  1.5988503370 -0.378554472 1.4030690 0
 213 1417 1855 2 M  2.2438205044 -0.108004558 1.5741529 0
 214 1417 1855 2 M  2.0624999420 -0.601987268 1.7155031 0
 215 1417 1855 2 F  2.4281391815  0.235568973 1.5161442 0
 216 1417 1561 2 F  2.5280518536 -0.970688134 1.9018798 0
 217 1417 1561 2 F  3.9893557859  1.302281458 1.5650459 0
 218 1417 1561 2 M  3.4775635569  0.103025100 1.8313896 0
 219 1417 1561 2 F  3.4304045029  0.816450174 1.6328586 0
 220 1417 1561 2 F  3.1309410798  0.167641074 1.6860951 0
 221 1646 1491 2 M  2.8658126863  1.187398500 1.4353265 0
 222 1646 1491 2 F  0.9480413826 -1.637539125 1.4863770 0
 223 1646 1491 2 M  1.4149485508 -1.094340269 1.6616616 0
 224 1646 1491 2 F  2.6779448363 -0.117715440 1.6907954 0
 225 1646 1491 2 M  1.2246875088  0.153243330 1.2445299 0
 226 1646 1478 2 F  3.4869227978  0.451467179 1.7088808 0
 227 1646 1478 2 F  2.3140514170  0.021372257 1.5557849 0
 228 1646 1478 2 F  2.1334698368 -0.525290901 1.5531886 0
 229 1646 1478 2 M  2.7124782865 -0.180628222 1.6804802 0
 230 1646 1478 2 M  2.4276956436  0.095705128 1.5168346 0
 231 1577 1375 2 M -0.2188215239  0.038377109 0.4569960 0
 232 1577 1375 2 M  0.5142372914  0.363092961 0.5443785 0
 233 1577 1375 2 M -1.8700061596 -1.327955504 0.4098856 0
 234 1577 1375 2 M -1.0993870357 -0.706648745 0.4214102 0
 235 1577 1375 2 F  0.6109906257  0.822531472 0.4933560 0
 236 1577 2290 2 F  1.4978938131 -0.387878351 1.3133078 0
 237 1577 2290 2 M  1.6655770071  0.730212101 1.1391179 0
 238 1577 2290 2 M  0.9736817517 -0.249301727 1.2752352 0
 239 1577 2290 2 F  1.9887206518  1.742238422 0.9275284 0
 240 1577 2290 2 F  1.2108471766  0.366989754 1.0835153 0
 241 2221 2213 2 M  2.1065236505  0.705396902 1.2646012 0
 242 2221 2213 2 F -0.2091258675 -1.865333256 1.2562712 0
 243 2221 2213 2 M  0.9694086097 -0.343959077 1.0938421 0
 244 2221 2213 2 F  2.2049383837 -0.224318820 1.5921405 0
 245 2221 2213 2 F -0.8398135045 -2.127444225 1.1587535 0
 246 2221 2157 2 F  2.1052222134 -0.132858417 1.4397443 0
 247 2221 2157 2 F  1.2307584489 -1.158591122 1.5255214 0
 248 2221 2157 2 M  2.1670298089 -0.074906450 1.4645709 0
 249 2221 2157 2 M  2.2488280575  0.004440952 1.3368064 0
 250 2221 2157 2 F  0.8053722127 -1.547617558 1.4455250 0
 251 1553 1751 2 M  1.5843511938 -0.362834142 1.3239569 0
 252 1553 1751 2 M  2.0651040358  0.226828323 1.3273952 0
 253 1553 1751 2 M  1.5855434637 -0.442261299 1.4075803 0
 254 1553 1751 2 M  1.7574367889 -0.003479563 1.2900851 0
 255 1553 1751 2 F  1.8700030513  0.321097058 1.2309127 0
 256 1553 2268 2 F  2.3271262195  0.712181524 1.3039697 0
 257 1553 2268 2 M  1.7513176886 -0.414668041 1.4275032 0
 258 1553 2268 2 F  2.5539163657  0.236614088 1.5575544 0
 259 1553 2268 2 M  0.7645204381 -1.047734623 1.3628112 0
 260 1553 2268 2 M  1.7215985710 -0.166722413 1.4628395 0
 261 1881 1866 2 M  0.4463438418 -0.560550953 1.1217511 0
 262 1881 1866 2 F  0.9549695456 -0.369064638 1.1848795 0
 263 1881 1866 2 M  1.4217470166 -0.294153404 1.2877294 0
 264 1881 1866 2 M  3.2989302167  1.484796851 1.2735778 0
 265 1881 1866 2 M  1.4109075251  0.201713711 1.0465836 0
 266 1881 1493 2 F  1.1568941574  0.184423514 1.1656158 0
 267 1881 1493 2 F  1.3992352096  0.610963901 1.1313581 0
 268 1881 1493 2 M  0.2353064692 -0.813777003 1.2029145 0
 269 1881 1493 2 F  2.6611735803  1.487026401 1.2172983 0
 270 1881 1493 2 M  2.5250002404  1.327044753 1.2776848 0
 271 1626 1838 2 M  0.5755862052 -0.770723602 1.1807648 0
 272 1626 1838 2 M  1.8077826913  0.974764899 1.0460221 0
 273 1626 1838 2 F  1.6191635861  0.921420394 1.0233561 0
 274 1626 1838 2 M  3.6540869128  0.304843905 1.6754353 0
 275 1626 1838 2 M  0.7654183741  0.217676258 0.9550742 0
 276 1626 1959 2 F  2.4751104911  0.120733599 1.3576276 0
 277 1626 1959 2 M  2.3076636214  0.399309170 1.2807754 0
 278 1626 1959 2 F -0.1328881306 -1.278299690 1.0857103 0
 279 1626 1959 2 M  2.6118743173  0.013578005 1.5165374 0
 280 1626 1959 2 M  0.9836914057  0.019983601 1.0291873 0
 281 2166 1338 2 F  2.5756907951 -0.249444919 1.5931954 0
 282 2166 1338 2 M  1.8974533800 -0.399376467 1.4629588 0
 283 2166 1338 2 F  2.3170635812 -0.982861876 1.7950310 0
 284 2166 1338 2 M  3.7024665745  1.007229130 1.5089329 0
 285 2166 1338 2 M  1.5213040684 -1.003487028 1.5750035 0
 286 2166 2208 2 F  2.0242358968 -0.465882714 1.5073965 0
 287 2166 2208 2 F  1.7902054860 -0.195912582 1.4247128 0
 288 2166 2208 2 F  2.4572671805  0.228916540 1.6413223 0
 289 2166 2208 2 M  3.2153515037  0.808077226 1.4811581 0
 290 2166 2208 2 M  1.9124296988 -0.384470563 1.5960741 0
 291 1517 1981 2 M  2.5015383407 -0.502233002 1.5478942 0
 292 1517 1981 2 F  4.6744517980  1.508785670 1.7897968 0
 293 1517 1981 2 F  2.6415250695 -0.301928574 1.5213424 0
 294 1517 1981 2 F  4.4858952573  1.091244323 1.8398275 0
 295 1517 1981 2 F  3.1067139012  0.291267071 1.7383519 0
 296 1517 1840 2 F  2.4413086412  0.487530932 1.4580073 0
 297 1517 1840 2 M  1.0223581455 -0.610952815 1.3477856 0
 298 1517 1840 2 F  1.6073017538 -0.162971311 1.3886741 0
 299 1517 1840 2 F  1.2874896036  0.298209451 1.1529705 0
 300 1517 1840 2 F  0.1411412270 -0.880189810 1.1971068 0
 301 1331 1963 2 M  1.3015924064 -0.450503275 1.2550833 0
 302 1331 1963 2 M  1.3593536231 -0.211450820 1.3240390 0
 303 1331 1963 2 F -0.7305515871 -0.624811769 0.8177004 0
 304 1331 1963 2 F  2.0965202330  0.826700769 1.1386972 0
 305 1331 1963 2 F  1.8770374552 -0.006793552 1.3071416 0
 306 1331 1302 2 M  3.4250627587  1.162566288 1.4641143 0
 307 1331 1302 2 M  3.1886971457  0.426366485 1.7010853 0
 308 1331 1302 2 F  2.7029496846  0.581984315 1.4214953 0
 309 1331 1302 2 F  3.6512456775  1.121975872 1.6307123 0
 310 1331 1302 2 M  1.7686618603 -0.899107832 1.5382108 0
 311 1693 1941 2 M  2.7774964212  0.075963102 1.5415270 0
 312 1693 1941 2 F  2.7094272822  0.842779563 1.4752287 0
 313 1693 1941 2 F  1.9377848584  0.035731629 1.3576909 0
 314 1693 1941 2 M  1.1972433999 -0.939600686 1.4091573 0
 315 1693 1941 2 F  2.3757648698  0.952432718 1.3826464 0
 316 1693 1983 2 F  2.3857997521 -0.595386580 1.6175975 0
 317 1693 1983 2 F  2.1941149764 -0.250732266 1.5885572 0
 318 1693 1983 2 F  2.6758533061 -0.354629170 1.6497257 0
 319 1693 1983 2 M  1.5504600183 -0.722754414 1.4341265 0
 320 1693 1983 2 F  4.2766406510  1.112780094 1.6006257 0
 321 1787 1476 2 F  1.7196781643 -0.679489426 1.5037689 0
 322 1787 1476 2 F  3.0082299556  0.484235238 1.5996570 0
 323 1787 1476 2 M  1.9833869191 -0.666989463 1.6744085 0
 324 1787 1476 2 F  2.2430107574 -0.380352156 1.6078132 0
 325 1787 1476 2 F  2.1993589840 -0.518404708 1.6459856 0
 326 1787 1789 2 F  0.1165991838 -1.390966193 1.3664318 0
 327 1787 1789 2 M  2.3753029447  0.270213699 1.4335201 0
 328 1787 1789 2 F  3.1339492856  1.390774259 1.2564568 0
 329 1787 1789 2 M  1.9430879595 -0.094021892 1.4183565 0
 330 1787 1789 2 F  1.2473940443  0.309758497 1.0915609 0
 331 1797 1889 2 M  2.7572010598  0.718050668 1.3430520 0
 332 1797 1889 2 F  0.2588589126 -0.447404398 0.9291667 0
 333 1797 1889 2 M  3.5692833409  0.702269108 1.5993743 0
 334 1797 1889 2 M -0.0383176582 -0.933316622 1.0069284 0
 335 1797 1889 2 M  1.0730556947  0.178734444 1.0690482 0
 336 1797 2201 2 F  2.3525550467 -0.264642340 1.4805973 0
 337 1797 2201 2 M  1.5398240545 -0.006630595 1.2218943 0
 338 1797 2201 2 F  2.3642848728  0.992950791 1.2214809 0
 339 1797 2201 2 F  1.2037030291  0.252823237 1.0324053 0
 340 1797 2201 2 F  2.2033283637  0.729220080 1.1911543 0
 341 2147 1500 2 F  2.4235178529  0.744325173 1.3244222 0
 342 2147 1500 2 F  1.8860732596  0.149544170 1.3250814 0
 343 2147 1500 2 F  1.2791736095 -0.218284977 1.3446997 0
 344 2147 1500 2 F  0.2970065801 -0.782034511 1.1323257 0
 345 2147 1500 2 M  1.5166424501 -0.121881607 1.4016722 0
 346 2147 2240 2 F  1.3995067892  0.121400337 1.2565889 0
 347 2147 2240 2 M  0.9017197772  0.094539277 1.0121569 0
 348 2147 2240 2 F  1.7734339247  0.606401039 1.1569651 0
 349 2147 2240 2 F  1.0292076745 -0.620110689 1.2684692 0
 350 2147 2240 2 M  2.9614319534  1.460320823 1.2840946 0
 351 2167 1620 2 M  2.6416718717  0.411418780 1.4806001 0
 352 2167 1620 2 F  2.1951338694  0.346697781 1.2675684 0
 353 2167 1620 2 F  2.1019413193  0.314874801 1.4517256 0
 354 2167 1620 2 F  2.0354189482 -0.032877976 1.4883969 0
 355 2167 1620 2 M  1.2483919626  0.026694600 1.3241406 0
 356 2167 2095 2 F  2.4341392894  0.359663039 1.5106251 0
 357 2167 2095 2 F  1.7166361777  0.170449110 1.4058214 0
 358 2167 2095 2 M  2.8006231089  0.847977727 1.3225280 0
 359 2167 2095 2 M  1.5700126262 -0.130577203 1.2553647 0
 360 2167 2095 2 M  1.9412641319  0.163998558 1.3110473 0
 361 2262 1698 2 F -0.7241682100  0.559876321 0.3464702 0
 362 2262 1698 2 M -0.8333592080  0.105048673 0.2420106 0
 363 2262 1698 2 M  0.1236685252  0.601102843 0.5883153 0
 364 2262 1698 2 M -1.1003050536 -0.527149162 0.4504913 0
 365 2262 1698 2 M -2.4966830859 -1.650172755 0.3101852 0
 366 2262 1888 2 F -0.2723964219  0.937685260 0.3848649 0
 367 2262 1888 2 F -0.9515543886 -0.149627112 0.4394926 0
 368 2262 1888 2 M  0.2460453753  1.133285404 0.4510673 0
 369 2262 1888 2 M -0.3851016175  0.426759790 0.4000073 0
 370 2262 1888 2 F -0.4800849491  0.471280960 0.4085048 0
 371 1330 1781 2 M  2.5327215976  0.293203575 1.4095191 0
 372 1330 1781 2 M  3.1162066373  0.831704969 1.4857314 0
 373 1330 1781 2 M  2.3394249499  0.127855070 1.3913592 0
 374 1330 1781 2 F  2.7609722825  0.250998845 1.5467875 0
 375 1330 1781 2 M  3.5416118136  0.818928433 1.5477421 0
 376 1330 1873 2 M  2.5830388942  0.567969439 1.4407460 0
 377 1330 1873 2 M  2.7631703369  0.800609527 1.2396124 0
 378 1330 1873 2 M  0.9484737748 -0.772605775 1.3414417 0
 379 1330 1873 2 F  2.4651897715  0.275408907 1.4323051 0
 380 1330 1873 2 M  4.1619194962  1.042773310 1.6487679 0
 381 1733 1839 2 M  1.6234476085  0.386901615 1.2458768 0
 382 1733 1839 2 F  0.5533490970 -0.661809692 1.1777286 0
 383 1733 1839 2 F  2.3245831066 -0.016466648 1.4744272 0
 384 1733 1839 2 M  0.4017892284 -1.613735189 1.3910371 0
 385 1733 1839 2 M  2.6297089099 -0.273952902 1.5514147 0
 386 1733 1389 2 F  0.3795113752  0.742150295 0.5682282 0
 387 1733 1389 2 F -0.2318282537  0.247908452 0.6622457 0
 388 1733 1389 2 F -1.4046981273 -0.687224977 0.5376014 0
 389 1733 1389 2 F  0.9403356144  0.967842094 0.7018736 0
 390 1733 1389 2 F  0.1260359764  0.211438795 0.6530328 0
 391 1698 1836 2 F  2.2604222380  0.568978671 1.2713841 0
 392 1698 1836 2 M  0.2396651918 -0.938580196 1.1214269 0
 393 1698 1836 2 M  0.9414636122 -0.066888254 1.1487406 0
 394 1698 1836 2 M  1.8081467278  0.755393631 1.0618989 0
 395 1698 1836 2 M  2.3032959718  0.271998589 1.4025109 0
 396 1698 1376 2 M  4.3756770070  1.100579823 1.7574775 0
 397 1698 1376 2 F  1.8698809322 -0.380324364 1.4970157 0
 398 1698 1376 2 M  1.3070528505 -1.189146633 1.4769047 0
 399 1698 1376 2 F  3.1663533207  0.463036263 1.5209411 0
 400 1698 1376 2 M  3.1527193289  0.146424377 1.6537566 0
 401 1329 1387 2 F  3.1727171143  1.067026652 1.4184926 0
 402 1329 1387 2 M  2.4080793108  0.416925314 1.3578086 0
 403 1329 1387 2 M  2.2328117924  0.085614194 1.4689264 0
 404 1329 1387 2 F  2.9935016584  0.061405205 1.5918680 0
 405 1329 1387 2 F  2.0583166571 -0.049479613 1.3805032 0
 406 1329 1859 2 M  1.7738917226  0.130683980 1.1358600 0
 407 1329 1859 2 M  2.4730570712  0.606022033 1.2182930 0
 408 1329 1859 2 M  0.9986873424 -1.265703939 1.3687141 0
 409 1329 1859 2 F  1.9733227849  0.164651615 1.2351009 0
 410 1329 1859 2 M  0.8321498897 -1.451276889 1.3323464 0
 411 1694 1616 2 F  2.1595350357  0.551140729 1.3274434 0
 412 1694 1616 2 M  2.3891817665  0.358163636 1.4419807 0
 413 1694 1616 2 M  0.7170589135  0.056222013 1.0900590 0
 414 1694 1616 2 M  2.1087253065  0.607500258 1.3373237 0
 415 1694 1616 2 F  1.8837617143 -0.100255135 1.4023938 0
 416 1694 1832 2 M  2.4171030868  0.484755067 1.4549085 0
 417 1694 1832 2 M  2.9218534424 -0.140446593 1.7203954 0
 418 1694 1832 2 F  1.4149419981 -0.277828625 1.3110463 0
 419 1694 1832 2 M  1.6640970050 -0.576631730 1.4798417 0
 420 1694 1832 2 M  2.2992219760 -0.988770892 1.7641142 0
 421 1699 2169 2 F -1.0697681647 -0.246150587 0.4294578 0
 422 1699 2169 2 M -0.7875970922  0.431222949 0.2433549 0
 423 1699 2169 2 M -2.6727293242 -1.922047181 0.5027565 0
 424 1699 2169 2 F -1.1157754235 -0.354431447 0.3956758 0
 425 1699 2169 2 F -1.0645693098 -0.337344548 0.3975488 0
 426 1699 1495 2 M -0.9064784826 -1.126703342 0.8320435 0
 427 1699 1495 2 M  1.2643755909 -0.571838964 1.4297636 0
 428 1699 1495 2 F  2.0712539073  1.078066662 1.1959065 0
 429 1699 1495 2 M  1.1985873572 -0.716856983 1.4178376 0
 430 1699 1495 2 F  0.2127373091 -0.453330320 0.9952346 0
 431 1890 1609 2 M  2.2528359191  0.764279552 1.2995845 0
 432 1890 1609 2 M  2.9015619928  1.007290090 1.4362544 0
 433 1890 1609 2 M  1.2545351020 -0.076339967 1.3063751 0
 434 1890 1609 2 F  1.9762588787 -0.186622009 1.4454894 0
 435 1890 1609 2 M  2.1888159272  0.081447686 1.5209651 0
 436 1890 1336 2 M  1.5373132015 -0.401134905 1.4046818 0
 437 1890 1336 2 F  3.1159443153  1.182769504 1.4464652 0
 438 1890 1336 2 F  2.6169275265  0.024089346 1.6087268 0
 439 1890 1336 2 M  1.8437140324 -0.825689368 1.6122572 0
 440 1890 1336 2 F  2.4343537952  0.189504131 1.4673680 0
 441 1432 2153 2 M  2.6129373067  0.079635931 1.5002305 0
 442 1432 2153 2 M  3.2105875822  0.706933395 1.4475124 0
 443 1432 2153 2 M  3.1527763134  0.691644101 1.4497196 0
 444 1432 2153 2 F  0.4184638792 -1.886881858 1.4478971 0
 445 1432 2153 2 F  3.3489137789  0.692517095 1.5076326 0
 446 1432 1817 2 F  0.6308594099 -0.838097156 1.1906777 0
 447 1432 1817 2 F  2.1730665336  1.018841691 1.1161779 0
 448 1432 1817 2 F  2.0454915748  0.125566257 1.3159091 0
 449 1432 1817 2 F  1.2098097762  0.302392335 1.0231722 0
 450 1432 1817 2 M  1.0314807580 -0.229773175 1.1504790 0
 451 2226 2202 2 F  2.1509473846  0.533091288 1.2789543 0
 452 2226 2202 2 F  2.6197428631  0.500724220 1.4291137 0
 453 2226 2202 2 M  2.3166712683  0.478831225 1.3269683 0
 454 2226 2202 2 M  2.8946995905  0.447960717 1.4900895 0
 455 2226 2202 2 M  0.1953339822 -2.068817779 1.4464798 0
 456 2226 1869 2 M  0.0142989366 -0.916754545 1.0628748 0
 457 2226 1869 2 M  2.4342213084  1.041154364 1.1966879 0
 458 2226 1869 2 F  1.3159334387  0.377751738 1.0274477 0
 459 2226 1869 2 M  0.4744394266 -0.139885249 1.0854801 0
 460 2226 1869 2 M  2.7203612843  0.958053684 1.3622370 0
 461 1382 1388 2 F -0.5432037308  0.427725147 0.5260453 0
 462 1382 1388 2 F -0.2818078332  0.332779739 0.7026300 0
 463 1382 1388 2 M  1.6741725181  2.460019975 0.6944716 0
 464 1382 1388 2 F  0.4773698700  0.478980107 0.7760151 0
 465 1382 1388 2 F  0.1217620225  0.917892868 0.6463136 0
 466 1382 1641 2 M  2.9298491616  0.220803826 1.6880733 0
 467 1382 1641 2 M  0.9927226618 -1.130939543 1.4398409 0
 468 1382 1641 2 F  2.6298005312 -0.240489464 1.6537750 0
 469 1382 1641 2 M  1.2935431859 -0.245943894 1.2965343 0
 470 1382 1641 2 F  3.5661617294  0.946370681 1.5998853 0
 471 1888 1644 2 M  3.1690609383  1.511978397 1.3468115 0
 472 1888 1644 2 F  2.2949405886  0.312612173 1.4255225 0
 473 1888 1644 2 M -0.1534050511 -1.173967853 1.1428622 0
 474 1888 1644 2 M  1.6098655216 -0.837717419 1.5198449 0
 475 1888 1644 2 M  2.7739070144  0.522081665 1.4923888 0
 476 1888 1492 2 M  1.8789394515  0.842831294 1.1349565 0
 477 1888 1492 2 F  1.9720649590  0.960292632 1.1842347 0
 478 1888 1492 2 F  0.3804362839 -0.582049845 1.1340536 0
 479 1888 1492 2 F  1.9670779078  0.741443763 1.1576554 0
 480 1888 1492 2 F  1.4277679910  0.374213161 1.1362407 0
 481 1534 1342 2 F  1.4745442947  0.351843656 1.1477761 0
 482 1534 1342 2 F  0.8558268693 -0.126189583 1.1401740 0
 483 1534 1342 2 F  0.9364010380 -0.585017328 1.3030347 0
 484 1534 1342 2 F  0.6706245642 -1.133583134 1.3472761 0
 485 1534 1342 2 F  1.7086798544  0.496132406 1.2220658 0
 486 1534 1329 2 M -0.3766885374  0.611257616 0.1515640 0
 487 1534 1329 2 F  0.3232434923  0.898488164 0.4441945 0
 488 1534 1329 2 F  0.1656680975  0.711240398 0.5310883 0
 489 1534 1329 2 F -0.2282538671  0.761140625 0.3429766 0
 490 1534 1329 2 F -1.6798008194 -0.829583454 0.4190233 0
 491 1569 1857 2 F  2.9251064904 -0.209788807 1.6862827 0
 492 1569 1857 2 F  2.2531478649 -1.125146664 1.7983736 0
 493 1569 1857 2 M  2.5437582115 -0.644538965 1.7550763 0
 494 1569 1857 2 F  2.7615694007  0.525624298 1.5462244 0
 495 1569 1857 2 M  3.3459609133  0.303406966 1.6592795 0
 496 1569 2249 2 F  2.1830820201 -1.220013883 1.8420082 0
 497 1569 2249 2 F  1.6534511510 -0.964887700 1.6564149 0
 498 1569 2249 2 M  4.3017042156  1.118561288 1.8035384 0
 499 1569 2249 2 M  2.5080429030 -0.690041547 1.9026253 0
 500 1569 2249 2 F  1.7526853515 -0.259593236 1.4960394 0
 501 1788 1661 2 M  1.8372775745  0.293751643 1.3182959 0
 502 1788 1661 2 F  2.4815674680  0.661447808 1.3114664 0
 503 1788 1661 2 F  0.8760493800 -0.479735520 1.1302311 0
 504 1788 1661 2 M  2.4264497910  0.058706534 1.4591301 0
 505 1788 1661 2 M  1.9609713833  0.362765666 1.3091686 0
 506 1788 1955 2 F  1.2248082320  0.642625369 1.0019401 0
 507 1788 1955 2 F  0.9393318752  0.034889238 1.0605643 0
 508 1788 1955 2 F  1.5080547844  0.069104154 1.2289901 0
 509 1788 1955 2 M  1.3131416697  0.673354311 0.9890109 0
 510 1788 1955 2 M  1.3569086109  0.728377448 0.9961251 0
 511 1484 1964 2 F  0.7603562387  0.683925612 0.9786187 0
 512 1484 1964 2 F  1.3098749266  0.168412749 1.2055296 0
 513 1484 1964 2 F  1.3856479262  0.050465366 1.2064382 0
 514 1484 1964 2 M  1.5368582276  0.286102519 1.2770093 0
 515 1484 1964 2 M  1.6323508023  0.372335179 1.3837739 0
 516 1484 1730 2 F  1.7966274954  0.615221190 1.2653517 0
 517 1484 1730 2 M  1.9935436053  0.678564135 1.2024955 0
 518 1484 1730 2 M  1.6375296222  0.586707917 1.2648653 0
 519 1484 1730 2 F  1.1305722769 -0.031268923 1.2715309 0
 520 1484 1730 2 M  1.2975048359  0.103217738 1.3337275 0
 521 2264 1487 2 F  3.4070106560  1.299864554 1.4010581 0
 522 2264 1487 2 F  1.4097808634 -0.637304568 1.3823204 0
 523 2264 1487 2 M  2.3322454142 -0.151370121 1.5341217 0
 524 2264 1487 2 M  2.1112870820 -0.484477434 1.4641816 0
 525 2264 1487 2 M  3.3269676224  0.946027525 1.5850909 0
 526 2264 1877 2 M  2.6288123557  0.047653704 1.5747212 0
 527 2264 1877 2 M  2.1135688214 -0.131219759 1.4701413 0
 528 2264 1877 2 F  2.3398153915 -0.455678253 1.5743627 0
 529 2264 1877 2 F  1.7028603951  0.203300177 1.2566054 0
 530 2264 1877 2 F  3.4410041242  0.982025199 1.5341727 0
 531 1520 2152 2 M  1.8759703389  0.052310597 1.2422329 0
 532 1520 2152 2 M  1.2842152065 -0.636250827 1.3789925 0
 533 1520 2152 2 F  3.2378264824  0.598110926 1.5740444 0
 534 1520 2152 2 F  1.0281227300 -1.279670139 1.4041419 0
 535 1520 2152 2 M  2.9547828439  0.710901854 1.4190489 0
 536 1520 1752 2 M  1.5703716193 -0.302677644 1.3021617 0
 537 1520 1752 2 M  2.1770135350  0.387424749 1.3190209 0
 538 1520 1752 2 M  3.0798970386  1.131858401 1.3616294 0
 539 1520 1752 2 F  1.9779886983  0.053185419 1.3778697 0
 540 1520 1752 2 M  2.2810658460  0.699669022 1.2789349 0
 541 1578 1408 2 M  0.1956222451 -0.497542015 0.9914470 0
 542 1578 1408 2 M  0.8850113350  0.266074624 0.9281614 0
 543 1578 1408 2 M -0.4254669995 -1.498983472 1.1296893 0
 544 1578 1408 2 F  2.8220792997  1.364912454 1.3488232 0
 545 1578 1408 2 F  1.7295751133 -0.166297024 1.3134044 0
 546 1578 1824 2 F  1.7630143520 -0.068255847 1.3194551 0
 547 1578 1824 2 F  1.2490479555 -1.576309753 1.5874564 0
 548 1578 1824 2 M  2.1534466289 -0.177457070 1.5335895 0
 549 1578 1824 2 M  3.3861002875  1.363618313 1.6280317 0
 550 1578 1824 2 F  2.8834195564  1.117958917 1.2705809 0
 551 1543 1647 2 F  1.5212773703 -0.700876376 1.4904685 0
 552 1543 1647 2 F  2.4857451868 -0.046215977 1.4854622 0
 553 1543 1647 2 F  1.6732563514 -1.136033700 1.6012936 0
 554 1543 1647 2 M  3.1863841091  0.685726078 1.5133324 0
 555 1543 1647 2 M  2.4224794342  0.787976981 1.4181611 0
 556 1543 1643 2 F  0.3918412889 -1.167296752 1.2901665 0
 557 1543 1643 2 F  0.8580110370  0.223468756 0.9726753 0
 558 1543 1643 2 F  1.2708274934  0.259172387 1.1230272 0
 559 1543 1643 2 M  0.6383886916  0.087601822 0.9759533 0
 560 1543 1643 2 F  1.7106795320  0.290928026 1.1364214 0
 561 1539 1803 2 F  1.7230066395 -0.495941340 1.4713597 0
 562 1539 1803 2 M  1.9914962963 -0.042367693 1.4260713 0
 563 1539 1803 2 F  0.9318358596 -0.913783400 1.3823689 0
 564 1539 1803 2 M  1.4534697845 -0.198117075 1.2997352 0
 565 1539 1803 2 M  1.6410890479 -0.599937869 1.4535961 0
 566 1539 1896 2 F  2.8303170041  0.762264682 1.5094823 0
 567 1539 1896 2 F  1.1096375151 -0.787538627 1.3058950 0
 568 1539 1896 2 M  0.9999160885  0.059702211 1.0619109 0
 569 1539 1896 2 F  0.1607797525 -0.908026117 1.1737991 0
 570 1539 1896 2 F  1.0941534416 -1.213534125 1.5044899 0
 571 1786 1863 2 F  2.1344650969  0.213776035 1.3748888 0
 572 1786 1863 2 F  1.4370206390  0.411574105 1.1018418 0
 573 1786 1863 2 M  2.1431331170  0.268617040 1.3944312 0
 574 1786 1863 2 F  1.1392713152 -0.282908052 1.2365140 0
 575 1786 1863 2 F  1.4898968484 -0.078184506 1.2501326 0
 576 1786 1932 2 M  2.8611884015  0.306380194 1.4978265 0
 577 1786 1932 2 M  1.2326141324 -1.021972118 1.4849213 0
 578 1786 1932 2 M  1.7718438028  0.470629682 1.2668702 0
 579 1786 1932 2 F  1.0305004992 -0.764485356 1.4132073 0
 580 1786 1932 2 M  2.3097926016  0.478155016 1.4112011 0
 581 1668 1304 2 M  0.8309965440 -1.144576400 1.4072837 0
 582 1668 1304 2 M  1.6280130793 -0.254003807 1.4692656 0
 583 1668 1304 2 M  2.3510481084 -0.061502417 1.5988468 0
 584 1668 1304 2 M  1.5575724640 -0.681482801 1.5670285 0
 585 1668 1304 2 F  3.6251724832  1.015208597 1.5181167 0
 586 1668 1323 2 F  2.9940253472  0.454832463 1.6177629 0
 587 1668 1323 2 F  0.8201106226 -0.474697823 1.2386218 0
 588 1668 1323 2 F  1.3749670179 -0.026184849 1.2618264 0
 589 1668 1323 2 F  2.8714265165  1.051619974 1.3214665 0
 590 1668 1323 2 M  1.3085143382 -0.422484906 1.2941072 0
 591 1927 1320 2 F  2.4217391702 -0.218201129 1.5516427 0
 592 1927 1320 2 F  3.2366162360  1.040926803 1.4038671 0
 593 1927 1320 2 F  1.2859509923 -0.407248930 1.2265469 0
 594 1927 1320 2 M  3.6574924840  1.647199616 1.2229794 0
 595 1927 1320 2 M  1.4194761044 -0.747741615 1.4469543 0
 596 1927 2288 2 F  1.3736188718  0.425273153 1.1897666 0
 597 1927 2288 2 M  1.1168834792 -0.803774463 1.3288549 0
 598 1927 2288 2 F  1.3280517486 -0.253837077 1.1870635 0
 599 1927 2288 2 M  1.0751931017 -0.013535434 1.1587765 0
 600 1927 2288 2 M  1.0371666728  0.191682058 1.1185435 0
 601 2287 1802 2 F  2.1582778699 -0.184037853 1.3781810 0
 602 2287 1802 2 M  1.5180457828 -0.076179029 1.2554099 0
 603 2287 1802 2 F  2.1921142108  0.013545058 1.3599927 0
 604 2287 1802 2 M  2.0292195384  0.581010547 1.2402166 0
 605 2287 1802 2 F  1.7551471301 -0.049996450 1.2930242 0
 606 2287 1868 2 M  0.9688861276 -0.397327207 1.1930176 0
 607 2287 1868 2 F  3.3480760071  0.703576451 1.5269594 0
 608 2287 1868 2 M  1.5799306018  0.002960219 1.1981649 0
 609 2287 1868 2 F  4.0249394626  1.268030172 1.5338975 0
 610 2287 1868 2 F  1.1438934834  0.157299287 1.1042414 0
 611 1624 1788 2 M  0.7761996871  1.739864679 0.4251024 0
 612 1624 1788 2 M -1.2740927592 -0.094424324 0.2924169 0
 613 1624 1788 2 M -2.1278570860 -0.909871586 0.2306597 0
 614 1624 1788 2 F -0.8423646357  0.588035815 0.1826802 0
 615 1624 1788 2 M -0.8591946192  0.113046186 0.2232852 0
 616 1624 1496 2 M  2.7532332557  0.141829869 1.5045188 0
 617 1624 1496 2 F  1.8560234704 -0.291366987 1.3801739 0
 618 1624 1496 2 M  2.6057279947 -0.315571475 1.6163739 0
 619 1624 1496 2 M  1.4770120284 -0.608614658 1.4553115 0
 620 1624 1496 2 M  1.8504480656 -0.876301344 1.5290600 0
 621 2131 2151 2 F  2.9837516537  0.897801103 1.3545228 0
 622 2131 2151 2 M  1.4948584065 -0.440734733 1.4433481 0
 623 2131 2151 2 M  2.7615277751  0.997629968 1.3488533 0
 624 2131 2151 2 F  1.9961368766  0.102149705 1.3434339 0
 625 2131 2151 2 M  1.6126192527  0.412112365 1.2167607 0
 626 2131 2005 2 F  2.0028165091  0.339941545 1.2428019 0
 627 2131 2005 2 F  2.0630698169  0.515086499 1.1728625 0
 628 2131 2005 2 F  2.3753228625  1.014606146 1.1499937 0
 629 2131 2005 2 M  2.4960882776  0.811247893 1.2222175 0
 630 2131 2005 2 F  1.3395282368  0.204161580 0.9953320 0
 631 1372 1708 2 M  1.2348085260 -1.079450991 1.5328151 0
 632 1372 1708 2 F  2.1454098396  0.224182244 1.4567565 0
 633 1372 1708 2 F  1.6121025607 -0.224205052 1.4750484 0
 634 1372 1708 2 M  2.8531617568  1.037136277 1.4999197 0
 635 1372 1708 2 F  2.0426165837  0.322848006 1.4398011 0
 636 1372 1931 2 F  4.5742392728  1.392146765 1.7151007 0
 637 1372 1931 2 F  1.7816209191  0.068452135 1.3306090 0
 638 1372 1931 2 M  1.4909221814  0.025691542 1.2207711 0
 639 1372 1931 2 M  1.8875063935 -0.257013422 1.3630477 0
 640 1372 1931 2 M  1.8469830726 -0.976358616 1.6196863 0
 641 2136 1738 2 F  1.5719659044  0.643809504 1.2126293 0
 642 2136 1738 2 M  1.2268359763  0.015165941 1.3024020 0
 643 2136 1738 2 F  0.4935668890 -0.524549265 1.1590591 0
 644 2136 1738 2 M  1.1553142115 -0.221015102 1.3183713 0
 645 2136 1738 2 M  1.5459561954  0.582000921 1.1622341 0
 646 2136 1884 2 M  0.5243019149 -1.485519216 1.4433381 0
 647 2136 1884 2 M  1.9241598610  0.202545809 1.4775597 0
 648 2136 1884 2 F  2.0006455024 -0.377709676 1.4298768 0
 649 2136 1884 2 M  0.9230813322 -0.950641193 1.4440390 0
 650 2136 1884 2 F  1.5677929298  0.320352968 1.1910409 0
 651 1583 1813 2 M  3.2774179621  1.277100765 1.4718246 0
 652 1583 1813 2 F  2.8536386396  0.933647212 1.4310570 0
 653 1583 1813 2 F  0.5707889809 -1.502771708 1.4495399 0
 654 1583 1813 2 F  2.0993496505  0.309332849 1.4350337 0
 655 1583 1813 2 M  1.6677648407  0.197310282 1.3711551 0
 656 1583 2091 2 F  3.0523947536  0.554660694 1.5481904 0
 657 1583 2091 2 M  2.9197630739  0.288254544 1.6041864 0
 658 1583 2091 2 F  2.2661539536 -0.133249780 1.5791576 0
 659 1583 2091 2 F  2.3424620407  0.297562288 1.5446457 0
 660 1583 2091 2 F  1.1970335489 -0.880588907 1.5671303 0
 661 1670 1999 2 M  2.7141295824  0.236233573 1.3955665 0
 662 1670 1999 2 M  1.0554174709 -0.139245917 1.1667385 0
 663 1670 1999 2 M  0.1063448638 -1.107636576 1.0723158 0
 664 1670 1999 2 F  2.0501178395  0.867676149 1.1882025 0
 665 1670 1999 2 M -0.1509429548 -1.310985590 1.1749537 0
 666 1670 1549 2 F  1.1302822126 -0.178322391 1.1259720 0
 667 1670 1549 2 F  1.8180276631  0.093775893 1.3515482 0
 668 1670 1549 2 M  1.6212059489  0.429526277 1.1796864 0
 669 1670 1549 2 M  2.1981239898  0.801081341 1.2886795 0
 670 1670 1549 2 M  0.2924898849 -0.457109343 0.9187754 0
 671 1949 1953 2 F  0.6306585189 -1.271208418 1.3639563 0
 672 1949 1953 2 F  3.4477406948  0.957609002 1.5885734 0
 673 1949 1953 2 M  0.0471132596 -1.440150316 1.3203308 0
 674 1949 1953 2 F  2.0547637969 -0.002547748 1.4243437 0
 675 1949 1953 2 M  2.8789529716  0.563110544 1.6011850 0
 676 1949 1991 2 M -0.2619764771 -1.315494768 1.0920641 0
 677 1949 1991 2 M  1.3925397319  0.127081879 1.1434276 0
 678 1949 1991 2 M  2.2464387851  0.628093638 1.2521470 0
 679 1949 1991 2 F  1.2923058850  0.091327188 1.0706007 0
 680 1949 1991 2 F  2.4274500129 -0.135684553 1.4917778 0
 681 1337 1645 2 M  1.6573189808  0.161362966 1.3764975 0
 682 1337 1645 2 M  1.7761957672 -0.658502918 1.4735778 0
 683 1337 1645 2 F  3.3946564367  0.607954163 1.6921930 0
 684 1337 1645 2 M  1.9071242683  0.018075245 1.4490230 0
 685 1337 1645 2 F  1.8248500163 -0.411083964 1.4162356 0
 686 1337 1870 2 M  1.2534469239 -0.482864348 1.4528313 0
 687 1337 1870 2 F  0.8939037429 -1.715286499 1.5589015 0
 688 1337 1870 2 F  2.1351011917 -0.310329910 1.4398980 0
 689 1337 1870 2 F  1.1238603748 -0.278314179 1.2607643 0
 690 1337 1870 2 F  1.1952133715 -0.753899867 1.5512333 0
 691 1380 1899 2 F  2.9596078964  0.748327012 1.4779252 0
 692 1380 1899 2 M  1.6444183862 -0.067262591 1.3122446 0
 693 1380 1899 2 F -0.1232263315 -1.102664459 1.0670809 0
 694 1380 1899 2 M  1.8755939898  0.244654590 1.3357760 0
 695 1380 1899 2 F  2.2816423651  0.513848929 1.2949097 0
 696 1380 2028 2 M  1.9276642953 -1.041424784 1.8188973 0
 697 1380 2028 2 M  2.0175214469 -0.716279945 1.5094901 0
 698 1380 2028 2 F  1.7033419879 -0.911646880 1.6446273 0
 699 1380 2028 2 M  2.1705710592 -0.181568166 1.5787540 0
 700 1380 2028 2 M  1.4568201069 -1.383265402 1.5704427 0
 701 1853 1439 2 F  2.5624018634 -0.066396213 1.6785979 0
 702 1853 1439 2 M  2.1799951198 -0.406170952 1.7006383 0
 703 1853 1439 2 F  2.3362793958 -0.591235462 1.7945499 0
 704 1853 1439 2 M  2.9413945619  0.379350219 1.6564459 0
 705 1853 1439 2 F  2.4909933878 -0.253457363 1.7330924 0
 706 1853 1891 2 F  2.1926761849 -0.655869180 1.5968197 0
 707 1853 1891 2 F  2.7290496894 -0.091243563 1.6217572 0
 708 1853 1891 2 F  1.7818714363 -0.613599749 1.5371350 0
 709 1853 1891 2 F  2.9468710194  0.346570799 1.5569000 0
 710 1853 1891 2 F  3.3921989551  0.972852402 1.4556708 0
 711 1352 1993 2 M  0.1073497664 -1.455683217 1.2395526 0
 712 1352 1993 2 F  1.0356373069  0.266150304 0.9567043 0
 713 1352 1993 2 M -0.7118420713 -1.793275273 1.1215335 0
 714 1352 1993 2 M  1.6673117501  0.805913981 0.9321219 0
 715 1352 1993 2 F  2.4232795333  0.984613128 1.1257186 0
 716 1352 1850 2 M  2.3179162751  0.239927250 1.3865390 0
 717 1352 1850 2 M  2.7695774173  1.002543626 1.2820464 0
 718 1352 1850 2 M  2.8698653268  0.161898134 1.5663119 0
 719 1352 1850 2 M  2.7850460946  0.328452396 1.4684178 0
 720 1352 1850 2 F  4.1949708035  1.561176172 1.5078592 0
 721 1590 2120 2 F  2.0897285800  0.629683643 1.3069141 0
 722 1590 2120 2 M  2.5679308618  0.542573309 1.5515845 0
 723 1590 2120 2 F  2.9484450806 -0.018699342 1.7465156 0
 724 1590 2120 2 F  1.5346495909 -0.873717125 1.5392441 0
 725 1590 2120 2 M  1.8280159990 -0.050346183 1.4476723 0
 726 1590 1569 2 M -0.1562752668  0.349922354 0.4946051 0
 727 1590 1569 2 F -0.0525869319 -0.002994631 0.6208373 0
 728 1590 1569 2 M -1.6460679667 -0.461291039 0.2552372 0
 729 1590 1569 2 F -1.1019966450 -0.370465872 0.3673897 0
 730 1590 1569 2 M -0.0943413132  0.443432834 0.5340835 0
 731 1423 1558 2 F  1.1955039405 -0.967700820 1.4376031 0
 732 1423 1558 2 M  0.0639692363 -1.408525045 1.2620796 0
 733 1423 1558 2 M  1.2085993059 -0.018493049 1.3548836 0
 734 1423 1558 2 M  2.0382983342  0.479959404 1.2635401 0
 735 1423 1558 2 F  2.6302762948  0.571175125 1.5210365 0
 736 1423 1557 2 F  2.9329422419  0.520025489 1.5674142 0
 737 1423 1557 2 F  1.8539990954 -0.082907332 1.3728993 0
 738 1423 1557 2 F  1.7464651788 -0.928727547 1.6739453 0
 739 1423 1557 2 F  2.0338901781  0.270763812 1.3632641 0
 740 1423 1557 2 M  1.8812384300 -0.022928027 1.4779745 0
 741 1533 2279 2 M  3.2588620794 -0.047648167 1.6656925 0
 742 1533 2279 2 M  0.2950451427 -0.339096968 0.9755941 0
 743 1533 2279 2 M  2.3359946621 -0.363760834 1.3421329 0
 744 1533 2279 2 F  1.4391724341 -0.631081024 1.2701015 0
 745 1533 2279 2 M  3.2746557892  0.467596044 1.3857563 0
 746 1533 1915 2 M  3.2791136985  0.498353984 1.6084504 0
 747 1533 1915 2 M  0.8968297947  0.569834448 0.8776430 0
 748 1533 1915 2 M  2.2678223214  1.415783468 1.0057856 0
 749 1533 1915 2 F  0.8008701300  0.081516673 1.0177504 0
 750 1533 1915 2 M  3.2603869571  0.540339733 1.6095269 0
 751 2180 2204 2 M  0.9996312572 -0.095390056 1.1742260 0
 752 2180 2204 2 M  1.9150215747  0.351034994 1.3265681 0
 753 2180 2204 2 M  2.6153523340  0.320469989 1.4204186 0
 754 2180 2204 2 M  2.1674895827  0.290273793 1.3760782 0
 755 2180 2204 2 F  2.4884719648  0.484100837 1.3335627 0
 756 2180 2094 2 M  2.3404730714  0.256250568 1.4612966 0
 757 2180 2094 2 F  2.0833442749 -0.254801323 1.5505031 0
 758 2180 2094 2 M  2.6718175860  0.987220701 1.3985578 0
 759 2180 2094 2 M  1.0191166498 -0.701709515 1.2448627 0
 760 2180 2094 2 F  2.8562935023  0.746612075 1.5206078 0
 761 1737 1499 2 M  3.2413591981  0.402604005 1.6053684 0
 762 1737 1499 2 F  0.5553071265 -1.457793815 1.4650879 0
 763 1737 1499 2 F  2.7083501038  0.727469693 1.4107634 0
 764 1737 1499 2 M  2.1252680839 -0.443506993 1.5388928 0
 765 1737 1499 2 F  2.1403290356 -0.606107556 1.6138830 0
 766 1737 2158 2 F  1.6552707302 -0.993565400 1.5791646 0
 767 1737 2158 2 F  0.8575128089  0.464642081 1.0213010 0
 768 1737 2158 2 F  2.8948435865 -0.157713476 1.7011939 0
 769 1737 2158 2 M  0.9753876745  0.395494383 1.0521363 0
 770 1737 2158 2 F  0.4006668974 -0.525978127 1.1097055 0
 771 1852 1546 2 F  0.7697549195 -0.731960278 1.2025418 0
 772 1852 1546 2 F  0.4648157617 -0.643160730 1.1742097 0
 773 1852 1546 2 M  0.8361007332 -0.494354557 1.0520894 0
 774 1852 1546 2 F -0.6544386925 -2.067466410 1.2190118 0
 775 1852 1546 2 M  1.2946198944 -0.307779048 1.2318760 0
 776 1852 1538 2 F  0.9756074574 -0.874193622 1.3522040 0
 777 1852 1538 2 F  1.7195468018 -0.184614040 1.3872257 0
 778 1852 1538 2 F  2.1154418083  0.157757781 1.3915758 0
 779 1852 1538 2 M  1.8390157928 -0.218599599 1.4176697 0
 780 1852 1538 2 F  2.8919283948  0.507709471 1.4945387 0
 781 2135 1371 2 M  1.5684952897 -0.857940853 1.3801928 0
 782 2135 1371 2 F  2.5662176855 -0.086558136 1.5526180 0
 783 2135 1371 2 F  1.9368409923 -0.430013042 1.4361143 0
 784 2135 1371 2 M  2.4480431822 -0.310644292 1.5892453 0
 785 2135 1371 2 F -0.3436246473 -1.793905258 1.2873883 0
 786 2135 1553 2 M -1.1497737835 -0.189754113 0.3709896 0
 787 2135 1553 2 F -0.4749269580  0.212953516 0.4833144 0
 788 2135 1553 2 F -1.4371831234 -0.107319838 0.2822480 0
 789 2135 1553 2 F -0.6625414511 -0.103274033 0.6061616 0
 790 2135 1553 2 F -1.8417204352 -1.151538742 0.3927791 0
 791 2143 1560 2 M  2.8689246648  0.701863703 1.4176407 0
 792 2143 1560 2 M  0.4592506502 -0.444617477 0.9849805 0
 793 2143 1560 2 F  1.5236789033  0.459304492 1.1530745 0
 794 2143 1560 2 F  1.2638983918  0.542076023 0.9510214 0
 795 2143 1560 2 M  2.1460132803 -0.022596542 1.4481306 0
 796 2143 1509 2 M  1.5118234834  0.849306526 1.0196726 0
 797 2143 1509 2 M  0.4641620873 -0.402928266 1.1547043 0
 798 2143 1509 2 M  2.1435152871  1.065014426 1.0759696 0
 799 2143 1509 2 F  2.1946908843  0.271973175 1.3742374 0
 800 2143 1509 2 M  1.9910568727  0.683498358 1.2399464 0
 801 1531 1455 2 M  2.7619793424  0.711550243 1.3519055 0
 802 1531 1455 2 F  2.6426729752  0.494949458 1.4941627 0
 803 1531 1455 2 F  1.5143836155  0.057374859 1.2517842 0
 804 1531 1455 2 F  1.0794965685 -0.228542800 1.2023228 0
 805 1531 1455 2 M  2.7387659115  1.538842327 1.2262377 0
 806 1531 1626 2 F -2.2017040688 -1.115975528 0.2211940 0
 807 1531 1626 2 M -1.4700485379 -0.280741434 0.2277806 0
 808 1531 1626 2 F -1.0006402969 -0.218555192 0.3613328 0
 809 1531 1626 2 M -1.9506864095 -0.639054329 0.1057513 0
 810 1531 1626 2 M -1.4924298619 -0.230681209 0.2586733 0
 811 1667 2195 2 M  1.9615459010  0.331657199 1.2303802 0
 812 1667 2195 2 F  3.2505854717  1.211926620 1.3493862 0
 813 1667 2195 2 F  1.7706408365 -0.452735895 1.4238588 0
 814 1667 2195 2 F  0.9780786869 -0.824556898 1.2922454 0
 815 1667 2195 2 F  1.3521502412 -0.944013365 1.3965542 0
 816 1667 1724 2 M  2.5002217383  0.773018793 1.2720912 0
 817 1667 1724 2 F  1.4597186972 -0.539068465 1.4054988 0
 818 1667 1724 2 F  1.4141756246 -0.737673063 1.3935799 0
 819 1667 1724 2 M  1.7641976811 -0.084108957 1.2765913 0
 820 1667 1724 2 F -0.1655419568 -0.865460528 0.9588795 0
 821 2137 2235 2 F  0.0286932719 -0.584365158 0.8865005 0
 822 2137 2235 2 M  0.1904093096 -0.486259325 0.8987567 0
 823 2137 2235 2 F  1.5650470105 -0.303936064 1.3028577 0
 824 2137 2235 2 M  1.9016715714  1.467365560 0.9028875 0
 825 2137 2235 2 M  0.5769954470 -0.189489910 1.0127045 0
 826 2137 1693 2 F -2.2737495548 -1.179152267 0.1545857 0
 827 2137 1693 2 F -0.2435754031  0.682829324 0.3554623 0
 828 2137 1693 2 M -0.9990411418 -0.168980907 0.2903439 0
 829 2137 1693 2 F -0.2320945703  0.855364027 0.2695727 0
 830 2137 1693 2 F -1.2194567865 -0.297192444 0.3810590 0
 831 2072 1555 2 M  0.6385679627 -0.148910624 0.8702611 0
 832 2072 1555 2 F  1.7597370115  0.809879247 1.0288517 0
 833 2072 1555 2 F  1.7088326660  0.008724420 1.3626099 0
 834 2072 1555 2 M  1.4372126112 -0.249086474 1.2006610 0
 835 2072 1555 2 M  2.0115299697  0.003678205 1.4951525 0
 836 2072 1878 2 M  0.5469050707 -1.156310116 1.1936639 0
 837 2072 1878 2 F  0.3773050487 -0.973463932 1.3309554 0
 838 2072 1878 2 F  1.6589669791  0.031873237 1.1589572 0
 839 2072 1878 2 M  2.4803438909 -0.115717871 1.5065810 0
 840 2072 1878 2 F  0.6960717293 -0.214790882 1.0674848 0
 841 1510 2167 2 F -1.1427166313  0.007178750 0.2284991 0
 842 1510 2167 2 F -0.7773692551 -0.185793326 0.3629410 0
 843 1510 2167 2 F -1.2051658452 -0.154170233 0.2669679 0
 844 1510 2167 2 F -2.7846258355 -1.649403662 0.2451531 0
 845 1510 2167 2 F -1.4622730591 -0.687747395 0.1597401 0
 846 1510 1952 2 F  1.4813761522  0.039422790 1.2886582 0
 847 1510 1952 2 F  0.8819611493  0.120136907 1.1159196 0
 848 1510 1952 2 M  1.1441521068 -0.578977669 1.4035020 0
 849 1510 1952 2 F  0.0007577943 -0.387578542 0.9858939 0
 850 1510 1952 2 F  1.1986982264 -0.329812386 1.2427357 0
 851 2269 1354 2 M  1.2545384821  0.085142006 1.2082382 0
 852 2269 1354 2 F  0.6528302108 -0.726005163 1.2241038 0
 853 2269 1354 2 F  1.6331690578  0.594767524 1.1715568 0
 854 2269 1354 2 M  2.3987270080  1.088637679 1.2503115 0
 855 2269 1354 2 F  0.1973655928 -0.972021189 1.2077396 0
 856 2269 2184 2 M  1.9707303039 -0.334784947 1.4434472 0
 857 2269 2184 2 F  0.6855273302 -0.313843255 1.2586401 0
 858 2269 2184 2 F  0.6198074321 -1.078288621 1.3837720 0
 859 2269 2184 2 F  1.0282531837 -0.645864042 1.3209434 0
 860 2269 2184 2 F  0.8727850302 -0.806345475 1.3166563 0
 861 1762 1818 2 M  1.2569415245 -0.957529355 1.4693412 0
 862 1762 1818 2 M  3.1953778681  0.617923651 1.4968337 0
 863 1762 1818 2 F  1.0101590570 -0.775110615 1.3601437 0
 864 1762 1818 2 F  2.1066543153  0.952001892 1.1262831 0
 865 1762 1818 2 F  0.7230707129 -2.123572658 1.6534485 0
 866 1762 2007 2 M  2.1299880248  0.177580469 1.5431805 0
 867 1762 2007 2 M  2.4010659014  0.174090621 1.6254217 0
 868 1762 2007 2 M  2.9263006106  0.561976966 1.6377809 0
 869 1762 2007 2 F  2.1100787644 -0.201602350 1.6293187 0
 870 1762 2007 2 M  2.2985513843  0.162999134 1.5817630 0
 871 1461 1820 2 M  1.6781078833 -0.404518753 1.4128389 0
 872 1461 1820 2 F  3.4608916148  0.900179934 1.6108707 0
 873 1461 1820 2 M  1.2988333489 -0.305204308 1.2686783 0
 874 1461 1820 2 M  0.8132070967 -0.547028904 1.1667817 0
 875 1461 1820 2 F  3.0107910486  0.378279995 1.5919366 0
 876 1461 1574 2 F  1.6816271503  1.238570292 0.9443963 0
 877 1461 1574 2 M  0.8437280625  0.036322339 1.1208571 0
 878 1461 1574 2 F  0.5053439529 -0.064454239 0.9716496 0
 879 1461 1574 2 M -0.1074307268 -0.922412669 1.0484098 0
 880 1461 1574 2 F  1.0236867667  0.205065286 1.1168710 0
 881 2227 2285 2 M  0.3591673719 -0.978734708 1.3007251 0
 882 2227 2285 2 M  0.4645709459 -0.212949790 1.0403638 0
 883 2227 2285 2 F  1.7729082110  0.463045949 1.2173095 0
 884 2227 2285 2 F  2.4701631144  1.064353885 1.2192992 0
 885 2227 2285 2 F -0.7021384201 -1.218956627 0.9032209 0
 886 2227 1578 2 F -1.9520749112 -0.780392328 0.1999418 0
 887 2227 1578 2 F  0.4015903937  1.258761983 0.2093291 0
 888 2227 1578 2 F -0.7241247837  0.055754308 0.1540311 0
 889 2227 1578 2 F -1.4810808997 -0.535980974 0.1783601 0
 890 2227 1578 2 M  0.1696643764  0.536129805 0.4211483 0
 891 1344 2130 2 M  0.5770190275 -1.370634595 1.4258938 0
 892 1344 2130 2 F  2.0863234563  0.447739327 1.3317143 0
 893 1344 2130 2 M  3.1498643689  0.496422155 1.5916107 0
 894 1344 2130 2 M  3.1866347028  1.036081340 1.4162040 0
 895 1344 2130 2 M  1.8005694785 -0.350564446 1.4810283 0
 896 1344 2063 2 M  0.9482197689  0.504021447 1.0681605 0
 897 1344 2063 2 F  2.5250314803  0.493326969 1.3198702 0
 898 1344 2063 2 F  1.4092347306  0.101442234 1.0947031 0
 899 1344 2063 2 F  1.8027830930  1.274185763 1.0928952 0
 900 1344 2063 2 M  1.3157988504  0.119389697 1.4261549 0
 901 1715 2075 2 F  2.3157396403  1.005965160 1.1692940 0
 902 1715 2075 2 M  1.0787183580 -0.171264739 1.1954393 0
 903 1715 2075 2 M  1.2069350492 -0.063432922 1.1291385 0
 904 1715 2075 2 M  0.3533274748 -0.815275722 1.1915795 0
 905 1715 2075 2 M  2.3593444526  1.128738876 1.1700115 0
 906 1715 2163 2 F  2.1162361878  0.628063119 1.2536510 0
 907 1715 2163 2 F  2.4194876678  0.226446871 1.5323825 0
 908 1715 2163 2 F  2.2917085260  0.331087848 1.3839375 0
 909 1715 2163 2 F  3.3263950306  0.723289428 1.5474585 0
 910 1715 2163 2 M  0.2982834811 -1.257925977 1.2729950 0
 911 2145 1864 2 F  2.0790942742  0.514770025 1.3429005 0
 912 2145 1864 2 F  0.0502663853 -1.130075250 1.1932677 0
 913 2145 1864 2 M  2.0350015054  0.630318307 1.2486902 0
 914 2145 1864 2 M  1.3148788279 -0.544397314 1.3523365 0
 915 2145 1864 2 F  1.8335765024 -0.240150518 1.4368991 0
 916 2145 1986 2 F  0.3283397404 -1.451466688 1.2893067 0
 917 2145 1986 2 M  1.3439636711  0.023124082 1.1535549 0
 918 2145 1986 2 F  0.7955441014 -0.480719964 1.2995870 0
 919 2145 1986 2 M  0.9464566615  0.168444501 1.0674304 0
 920 2145 1986 2 M  0.9685155675 -0.184782853 1.1869835 0
 921 1575 1372 2 F -1.2500826391 -0.207406358 0.3294741 0
 922 1575 1372 2 F -0.0659301827  0.934444428 0.3608441 0
 923 1575 1372 2 M -1.2709118443 -0.519382730 0.2473367 0
 924 1575 1372 2 F -0.8891821137 -0.339203203 0.4120648 0
 925 1575 1372 2 F -1.0531032348 -0.630451423 0.4290940 0
 926 1575 2193 2 M  1.8754712950 -0.062671905 1.3659964 0
 927 1575 2193 2 F  2.8281127838  0.794572654 1.2876833 0
 928 1575 2193 2 F  3.1387092617  1.490580592 1.2741701 0
 929 1575 2193 2 F  1.7559647021 -0.184684737 1.2780779 0
 930 1575 2193 2 F  1.5775081534 -0.066621871 1.2452148 0
 931 1887 1624 2 F -1.3418284734 -0.817550457 0.4743988 0
 932 1887 1624 2 M -1.3214454011 -0.014130120 0.3006070 0
 933 1887 1624 2 M -1.5509102792 -0.776757610 0.4626366 0
 934 1887 1624 2 M -1.4897446138 -0.497481003 0.4339076 0
 935 1887 1624 2 F -0.4277005979  0.349813149 0.4657054 0
 936 1887 1573 2 F  1.2877753264 -1.359653441 1.5594787 0
 937 1887 1573 2 M  3.6518230759  0.901173679 1.5758274 0
 938 1887 1573 2 M  3.2710493321  0.766972908 1.4800430 0
 939 1887 1573 2 M  3.1223374142  0.593684043 1.5826978 0
 940 1887 1573 2 F  2.9723542424  0.020187253 1.6914603 0
 941 1314 1914 2 M  0.9122493829 -0.673039586 1.3977091 0
 942 1314 1914 2 M  0.7560855589 -0.855323583 1.4071922 0
 943 1314 1914 2 F  2.2528429172  1.106146530 1.1442059 0
 944 1314 1914 2 M  1.7636770600  0.385425532 1.3140933 0
 945 1314 1914 2 F  1.3161392669  0.052895137 1.1142792 0
 946 1314 1381 2 F  2.6282152707  0.818953863 1.4255358 0
 947 1314 1381 2 M  2.3086624499  0.232407913 1.4574996 0
 948 1314 1381 2 M  2.4288690469  0.939780711 1.3253309 0
 949 1314 1381 2 M  1.3114091923  0.015028466 1.2717791 0
 950 1314 1381 2 F  0.8903946576  0.192335669 1.0397641 0
 951 2267 1339 2 M  2.2893657731 -0.186923664 1.4534847 0
 952 2267 1339 2 M  0.4045889830 -1.163332554 1.2822979 0
 953 2267 1339 2 M  3.9228671398  1.209331382 1.5742833 0
 954 2267 1339 2 M  1.6523414704  0.442349212 1.1233324 0
 955 2267 1339 2 F  3.8052677291  1.042579945 1.6772361 0
 956 2267 1689 2 F -0.5220874078  0.654930340 0.2044751 0
 957 2267 1689 2 F -0.8044288304  0.311805792 0.2204945 0
 958 2267 1689 2 M -0.2885848756  0.945955732 0.1871683 0
 959 2267 1689 2 M -2.1353463264 -1.028524580 0.1318357 0
 960 2267 1689 2 F -1.2954460512 -0.272866930 0.1558195 0
 961 1689 1450 2 F  0.3796574482 -0.355546648 1.0269580 0
 962 1689 1450 2 M  2.7986037566  1.640694563 1.1663330 0
 963 1689 1450 2 M -0.9849838949 -1.407353746 0.9209132 0
 964 1689 1450 2 F  0.4235224083 -0.253175516 0.9931898 0
 965 1689 1450 2 F  0.9896047183 -0.554380640 1.1337524 0
 966 1689 2207 2 F  1.8332779650 -0.168778125 1.3220476 0
 967 1689 2207 2 M  2.4793993949  0.242289552 1.3828635 0
 968 1689 2207 2 F  2.2446403832  0.299701213 1.3456133 0
 969 1689 2207 2 M  0.6819068125 -0.575399505 1.1521311 0
 970 1689 2207 2 F  3.4825041532  0.639408076 1.5430685 0
 971 1443 1486 2 F  2.2517483580 -0.301595320 1.5559342 0
 972 1443 1486 2 M  1.8773998165  0.596845936 1.2312157 0
 973 1443 1486 2 F  0.5377099074 -0.874229491 1.2415679 0
 974 1443 1486 2 M  2.5152134573  1.043065147 1.2713970 0
 975 1443 1486 2 F  1.5959078019 -0.569702945 1.6190847 0
 976 1443 1712 2 M  1.3998217691  0.291244320 1.2290506 0
 977 1443 1712 2 F  1.5334249272  0.479276187 1.2181197 0
 978 1443 1712 2 F  2.4709889132  0.764616516 1.2214044 0
 979 1443 1712 2 M  1.8439148204  0.120893420 1.2609820 0
 980 1443 1712 2 M  2.2794753554  0.674229231 1.2628322 0
 981 1333 1648 2 M  2.0724451930  0.045220502 1.3672962 0
 982 1333 1648 2 M  2.0434454038  0.322206478 1.2612490 0
 983 1333 1648 2 F  2.3613175420  0.878018529 1.2531224 0
 984 1333 1648 2 M  2.0842908458 -0.485911820 1.5272863 0
 985 1333 1648 2 M  1.1999961306 -0.222836908 1.3605146 0
 986 1333 1642 2 M  0.7907807590 -0.062044271 1.1296950 0
 987 1333 1642 2 F  0.5428654095 -1.236327912 1.2136063 0
 988 1333 1642 2 F  2.2915775565 -0.525209658 1.5475720 0
 989 1333 1642 2 F  1.7010865335  0.272039559 1.2728212 0
 990 1333 1642 2 M  0.9389848644 -0.172746392 1.0869004 0
 991 1312 1326 2 M  2.4142209160  0.133993618 1.5394438 0
 992 1312 1326 2 F  2.3712521808  0.663039736 1.4161586 0
 993 1312 1326 2 M  0.8705936294 -0.519585964 1.2894992 0
 994 1312 1326 2 F  2.6587276813  0.814685193 1.4402470 0
 995 1312 1326 2 F  1.9993833273 -0.741447481 1.5997251 0
 996 1312 1468 2 F  2.3207035949  0.449589161 1.3927745 0
 997 1312 1468 2 M  3.1491073277  0.468768297 1.5906111 0
 998 1312 1468 2 M  1.3555923399 -0.390357696 1.3825026 0
 999 1312 1468 2 F  2.3564116075  0.766039872 1.3824423 0
1000 1312 1468 2 F  3.0783864389  0.275978188 1.5697442 0
