ID sire dam generation sex phen env tbvp gebvp
   1 4209 3471 4 M  3.52842248  0.5483473521 1.8721518 0
   2 4209 3471 4 F  2.56506271  0.7611954623 1.5354892 0
   3 4209 3471 4 F  2.57364536 -0.0353116528 1.7596127 0
   4 4209 3471 4 F  3.48808810  0.0117858529 1.9779510 0
   5 4209 3471 4 F  3.01555369  0.3907643160 1.8846975 0
   6 4209 3491 4 M  1.32866704 -0.2221653084 1.4428943 0
   7 4209 3491 4 M  1.64194605  0.1969961670 1.4137342 0
   8 4209 3491 4 M  2.30703347  0.1376961003 1.7288224 0
   9 4209 3491 4 M  1.43924579  0.0284850055 1.4614760 0
  10 4209 3491 4 M  1.58459446 -0.4524721314 1.6442192 0
  11 3395 3495 4 F  1.44238062 -0.8247942589 1.8184054 0
  12 3395 3495 4 M  1.87811428 -0.5580935504 1.7160952 0
  13 3395 3495 4 F  2.04633905 -0.5768430942 1.8749676 0
  14 3395 3495 4 F  2.57231046 -0.5768711420 1.9821667 0
  15 3395 3495 4 F  1.28547654 -1.1658612081 1.7161677 0
  16 3395 4255 4 F  2.23469858 -0.2466047551 1.9153798 0
  17 3395 4255 4 M  1.85988483  0.2474228703 1.5114553 0
  18 3395 4255 4 M  2.31035518  0.1275275342 1.7111464 0
  19 3395 4255 4 F  0.82209133 -0.4611319685 1.5317347 0
  20 3395 4255 4 F  3.74770887  1.4367898264 1.8269885 0
  21 3392 3330 4 M  2.26695292 -0.5474097184 1.8839991 0
  22 3392 3330 4 F  3.85758809  1.2519093302 1.7391370 0
  23 3392 3330 4 F  1.51250089 -0.4232964614 1.6817004 0
  24 3392 3330 4 F  3.59810995  0.0070117189 2.0763909 0
  25 3392 3330 4 M  0.83587195 -1.4385693902 1.7445933 0
  26 3392 3429 4 F  2.44512720 -0.2224814042 1.7364077 0
  27 3392 3429 4 F  1.14591838 -0.7702716339 1.4734816 0
  28 3392 3429 4 F  1.79809746  0.3437810506 1.4576479 0
  29 3392 3429 4 F  1.44598132 -1.2386682242 1.8219305 0
  30 3392 3429 4 M  3.10065678  0.5004412069 1.7590867 0
  31 3664 3492 4 F  0.27995708 -0.5918432765 1.2334710 0
  32 3664 3492 4 F  1.44971761 -0.2678745857 1.5886769 0
  33 3664 3492 4 M  2.06106350  0.2335629638 1.5800729 0
  34 3664 3492 4 F -0.17987666 -1.3209243961 1.3386829 0
  35 3664 3492 4 F  0.43816332 -0.3920747647 1.2580132 0
  36 3664 3797 4 M  1.53950801 -0.7361178171 1.6242303 0
  37 3664 3797 4 M  3.07453205  0.2999272597 1.7331074 0
  38 3664 3797 4 M  1.16400213 -0.3715570624 1.4142182 0
  39 3664 3797 4 M  3.24484303 -0.0555362358 1.9317548 0
  40 3664 3797 4 F  1.25673190  0.1020589925 1.2967146 0
  41 3435 3728 4 M -0.35199465 -0.3991152941 0.8824566 0
  42 3435 3728 4 F -1.70333256 -0.6522445016 0.5418568 0
  43 3435 3728 4 M -0.68490267 -0.4701126203 0.7991738 0
  44 3435 3728 4 F -0.26335597  0.2842372244 0.6621517 0
  45 3435 3728 4 F -1.20144383 -1.1715321091 0.8312742 0
  46 3435 3908 4 F  2.38656924  0.5569939504 1.4277657 0
  47 3435 3908 4 M  2.31922085  1.0032181085 1.3089262 0
  48 3435 3908 4 M  2.09265267 -0.6191652739 1.7148667 0
  49 3435 3908 4 M  1.65755843  0.1373765984 1.4120132 0
  50 3435 3908 4 M  1.27435840 -0.3533778157 1.3845154 0
  51 4112 3995 4 F  2.10569803  0.5235071106 1.4089327 0
  52 4112 3995 4 F  2.40900894 -0.2432651897 1.7525486 0
  53 4112 3995 4 F  3.05195138 -0.1683270827 1.9287326 0
  54 4112 3995 4 F  1.40674503 -0.6201034384 1.6930425 0
  55 4112 3995 4 F  2.26172552  0.3203636448 1.5578592 0
  56 4112 3676 4 F  2.99874175  1.3111516796 1.4705649 0
  57 4112 3676 4 M  3.07320349  1.0964830762 1.4975724 0
  58 4112 3676 4 M  1.48239400 -0.8274458643 1.6958013 0
  59 4112 3676 4 F  2.31393751  0.2129973347 1.5215437 0
  60 4112 3676 4 M  2.08223358 -0.2494635335 1.6224340 0
  61 3833 3485 4 M  2.28491054  0.1172034606 1.7232033 0
  62 3833 3485 4 M  2.20316434  0.2088248602 1.5946370 0
  63 3833 3485 4 F  3.66314570  1.2097653648 1.7394732 0
  64 3833 3485 4 F  4.23425662  1.8587630869 1.7405531 0
  65 3833 3485 4 F  1.18693516 -0.0875262120 1.3620402 0
  66 3833 3991 4 M  2.58921484  0.3715303835 1.6816985 0
  67 3833 3991 4 F  3.98446817  1.1940508062 1.8321511 0
  68 3833 3991 4 M  1.46583336  0.0848459171 1.4785063 0
  69 3833 3991 4 F  1.57614937 -0.2634075144 1.5161674 0
  70 3833 3991 4 F  2.66573961  0.6904618008 1.6602489 0
  71 3432 4198 4 F  1.86481276 -0.5618045110 1.6715252 0
  72 3432 4198 4 F  2.71514700 -0.2221424886 1.6871431 0
  73 3432 4198 4 M  3.97711680  1.7793558655 1.6316733 0
  74 3432 4198 4 F  2.49981993  0.6763595805 1.5125937 0
  75 3432 4198 4 M  2.18668935 -0.2237922468 1.5675555 0
  76 3432 3792 4 F  2.90139696  0.8110148792 1.6439249 0
  77 3432 3792 4 M  2.93925882  0.5290039076 1.6819048 0
  78 3432 3792 4 F  3.50614673  0.5816163184 1.7684299 0
  79 3432 3792 4 F  2.82739284  1.0311698853 1.4659582 0
  80 3432 3792 4 M  3.29107789  0.6661577942 1.6957461 0
  81 3831 4000 4 F  2.88386143  0.4525578910 1.7427014 0
  82 3831 4000 4 F  1.47386328 -1.3829825478 1.8284722 0
  83 3831 4000 4 M  0.82770081 -0.2257863839 1.1490822 0
  84 3831 4000 4 M  2.70612868  0.7905194117 1.6010051 0
  85 3831 4000 4 F  0.41340592 -1.0488866627 1.2243564 0
  86 3831 3489 4 F  0.36239003 -1.3078577777 1.6621304 0
  87 3831 3489 4 M  1.52552363 -0.4093412228 1.4697450 0
  88 3831 3489 4 F  2.60805466  0.7557598469 1.3630591 0
  89 3831 3489 4 F  2.08904179  0.4368090990 1.3770583 0
  90 3831 3489 4 M  3.37458041  0.8491951644 1.7186706 0
  91 3369 3490 4 F  2.27087403 -0.4459759144 1.6470754 0
  92 3369 3490 4 F  3.27772230  0.0569644967 1.8689358 0
  93 3369 3490 4 F  1.56796694 -0.8528904147 1.5973939 0
  94 3369 3490 4 F  2.05582962 -0.6438899594 1.6947523 0
  95 3369 3490 4 M  4.38588059  1.2664898155 1.7746846 0
  96 3369 3791 4 M  2.44474742  0.5883022453 1.5541799 0
  97 3369 3791 4 M  2.35597754  0.4483540385 1.4845398 0
  98 3369 3791 4 F  1.45083980 -0.6620484180 1.6799185 0
  99 3369 3791 4 F  2.36900499 -0.4780131343 1.8260312 0
 100 3369 3791 4 F  0.88414916 -0.9215119695 1.4540151 0
 101 3803 3960 4 F  2.21860900  0.3658996709 1.5582777 0
 102 3803 3960 4 M  2.01061587 -0.2510765862 1.7342793 0
 103 3803 3960 4 F  1.10738351 -0.6925195215 1.6430703 0
 104 3803 3960 4 F  1.56112271 -0.5105138951 1.6751676 0
 105 3803 3960 4 M  2.04330159  0.4921407680 1.5141146 0
 106 3803 3364 4 M  2.36454591  0.0114281776 1.7190629 0
 107 3803 3364 4 F  3.37062978  1.3652645028 1.5155119 0
 108 3803 3364 4 F  3.16767580 -0.1126777525 1.9021505 0
 109 3803 3364 4 F  3.44961649  0.5850568952 1.8739153 0
 110 3803 3364 4 M  1.92485559  0.2591236510 1.4477853 0
 111 3314 4251 4 M  2.13443836  0.7801700533 1.4853924 0
 112 3314 4251 4 M  2.69337859  0.6035105194 1.5992959 0
 113 3314 4251 4 M  1.49744836 -0.1652955546 1.4696819 0
 114 3314 4251 4 M  1.52254242 -0.0624920970 1.4496367 0
 115 3314 4251 4 M  0.83814264 -0.5634045106 1.4669116 0
 116 3314 3677 4 F -0.44158986 -0.0097462781 0.4443710 0
 117 3314 3677 4 F -1.20553679 -0.4964085698 0.5339670 0
 118 3314 3677 4 F -0.64221332  0.1483969113 0.5019947 0
 119 3314 3677 4 M -0.53310350 -0.0937794550 0.6230262 0
 120 3314 3677 4 M  0.20268627  1.0535556622 0.4872749 0
 121 3393 3801 4 F  2.16553582  0.1396159650 1.6224860 0
 122 3393 3801 4 F  1.95338288 -0.7778965043 1.7839766 0
 123 3393 3801 4 M  1.97920996  0.4403958795 1.5307680 0
 124 3393 3801 4 M  2.42125367  0.0045352006 1.6051158 0
 125 3393 3801 4 M  3.18905236  0.8187394621 1.6188548 0
 126 3393 4187 4 F -1.41496891 -1.6849621354 0.9409261 0
 127 3393 4187 4 F -0.67218389 -0.1204980483 0.7716966 0
 128 3393 4187 4 F  1.52265361  1.0706903800 1.0452915 0
 129 3393 4187 4 F -0.59714547 -0.4735683441 0.8076185 0
 130 3393 4187 4 M -0.36338400 -0.3622513856 0.9067507 0
 131 4094 3448 4 F  2.39191734  0.2749804293 1.5945921 0
 132 4094 3448 4 F  1.27613526 -0.5626377798 1.4982706 0
 133 4094 3448 4 F  0.35398733 -1.1763591174 1.5349907 0
 134 4094 3448 4 M  1.71226001 -0.0336418331 1.6575306 0
 135 4094 3448 4 M  1.33320360 -0.4528228152 1.6601161 0
 136 4094 3738 4 F -0.66508348  0.2310574341 0.5557127 0
 137 4094 3738 4 F -1.01802597 -0.5065786030 0.5380156 0
 138 4094 3738 4 F -0.69822906 -0.5127994025 0.4352072 0
 139 4094 3738 4 F  0.14770545  0.1860408727 0.6881866 0
 140 4094 3738 4 F -0.25571854  0.4142817147 0.4695959 0
 141 4207 4195 4 F -1.13934285 -0.2513014108 0.4427268 0
 142 4207 4195 4 F -1.43487030 -0.8843466392 0.7017852 0
 143 4207 4195 4 M  0.06931331  0.4224374031 0.5658080 0
 144 4207 4195 4 F -0.23533432  0.4479454526 0.5316812 0
 145 4207 4195 4 M -0.10864027  0.3644888764 0.5380743 0
 146 4207 3434 4 M  1.80095892  0.1910041686 1.4502193 0
 147 4207 3434 4 M  1.94095149  0.2375552967 1.4873665 0
 148 4207 3434 4 F  1.28300702 -1.2017179907 1.6990387 0
 149 4207 3434 4 M  3.59459634  1.0768883390 1.6624991 0
 150 4207 3434 4 F  3.50029540  0.7508378608 1.8819384 0
 151 3313 3850 4 M  2.22547057  0.2604644010 1.6735114 0
 152 3313 3850 4 M  2.18254918  0.2621494497 1.7040528 0
 153 3313 3850 4 F  2.26477379  0.5641248218 1.4653100 0
 154 3313 3850 4 M  2.56460564  0.9462693601 1.5695224 0
 155 3313 3850 4 F  1.18130657 -0.3661530080 1.5605792 0
 156 3313 3350 4 F  1.30953778 -0.0754030858 1.5296759 0
 157 3313 3350 4 M  1.57642124 -0.1258800095 1.4782969 0
 158 3313 3350 4 F  2.03557301  0.6579037756 1.4253069 0
 159 3313 3350 4 F  0.40105075 -0.7872198555 1.3974018 0
 160 3313 3350 4 F  1.71241285  0.0792683425 1.5738469 0
 161 4151 3634 4 F  1.75652632 -0.8520995378 1.6957105 0
 162 4151 3634 4 F  2.44652393 -0.0661862817 1.8391270 0
 163 4151 3634 4 F  1.90338503 -0.5158566666 1.5714073 0
 164 4151 3634 4 F  3.66049419  0.9246236903 1.7595022 0
 165 4151 3634 4 F  2.07740028 -0.3671394626 1.6957170 0
 166 4151 3636 4 F  0.62618335 -0.8577977439 1.4942244 0
 167 4151 3636 4 M  1.96622008 -0.1210091680 1.5496269 0
 168 4151 3636 4 M  0.94057546 -0.8998305128 1.5131526 0
 169 4151 3636 4 M  2.65759393  0.7069355702 1.5475851 0
 170 4151 3636 4 F  1.46791151 -0.5430165666 1.5728529 0
 171 4204 3497 4 F  1.83356558 -0.2112805164 1.4840010 0
 172 4204 3497 4 M  2.28700146  0.5569664862 1.4031808 0
 173 4204 3497 4 F  0.94705695 -0.5320905026 1.3525140 0
 174 4204 3497 4 M  2.95267443 -0.1880430241 1.8242472 0
 175 4204 3497 4 M  1.82801543 -1.2286163079 1.8495339 0
 176 4204 3426 4 M  1.70921934 -0.2789323380 1.5819607 0
 177 4204 3426 4 F  2.58652948  0.4619774481 1.4902396 0
 178 4204 3426 4 F  4.25926658  1.1350148052 1.8537444 0
 179 4204 3426 4 M  1.28558876 -0.6681839711 1.4795570 0
 180 4204 3426 4 F  3.45387681  0.0575247383 1.8557978 0
 181 3738 3929 4 M  1.99554207  0.2932169212 1.5876300 0
 182 3738 3929 4 M  2.53523970  0.8385956407 1.6272727 0
 183 3738 3929 4 M  2.34936537 -0.6210429077 1.8919933 0
 184 3738 3929 4 M  1.28988065 -0.5471394210 1.5207854 0
 185 3738 3929 4 F  1.84937150 -0.0009953635 1.5353396 0
 186 3738 3535 4 F  1.50671238 -0.6967164466 1.7678867 0
 187 3738 3535 4 F  2.31212580  0.1335565549 1.6012379 0
 188 3738 3535 4 F  1.26736937 -0.1866507378 1.4474014 0
 189 3738 3535 4 M  2.24426235  0.2667422207 1.5014067 0
 190 3738 3535 4 F  0.41047605 -0.6293435498 1.3275095 0
 191 3389 3862 4 F  0.93114542  1.2668050074 0.6864423 0
 192 3389 3862 4 F -1.18766734 -0.9043611892 0.6441515 0
 193 3389 3862 4 F -0.30645836  0.0644393589 0.5997541 0
 194 3389 3862 4 M -1.63641806 -0.9172207943 0.6197827 0
 195 3389 3862 4 F -0.38684575 -0.0048688118 0.6567930 0
 196 3389 3563 4 F  3.12313148  0.3118571494 1.7887357 0
 197 3389 3563 4 M  1.81457959 -0.9506501595 1.8535913 0
 198 3389 3563 4 M  1.10837100 -1.1176704447 1.8298862 0
 199 3389 3563 4 M  2.92102069 -0.2840102390 1.9453110 0
 200 3389 3563 4 M  3.90397662  0.4174038979 1.9562166 0
 201 3396 3785 4 M  2.13728494  0.2872384486 1.5702343 0
 202 3396 3785 4 F  3.40084970  1.2959552513 1.6248246 0
 203 3396 3785 4 M  1.09517512 -0.4036855214 1.4094161 0
 204 3396 3785 4 M  2.05911061  0.7476823596 1.3708111 0
 205 3396 3785 4 F  1.71271824 -0.0021893716 1.5294680 0
 206 3396 3953 4 M  1.97683328  0.1321802362 1.5351356 0
 207 3396 3953 4 M  1.00970778 -0.6581189770 1.4571385 0
 208 3396 3953 4 F  1.58482824 -0.3278243804 1.5999729 0
 209 3396 3953 4 F  1.87619690  0.5151323653 1.4402571 0
 210 3396 3953 4 F  2.18931321  0.6667472787 1.4247513 0
 211 3360 3531 4 F  2.32947058 -0.4581587886 1.9184615 0
 212 3360 3531 4 M  3.36810018  0.1508044206 1.9595678 0
 213 3360 3531 4 F  0.39668771 -1.3489376418 1.4963395 0
 214 3360 3531 4 F  2.45252681  0.5994464171 1.4746060 0
 215 3360 3531 4 F  1.30283514  0.0282529811 1.4469431 0
 216 3360 3499 4 M  4.13817994  0.7719738832 1.8872606 0
 217 3360 3499 4 M  2.57810024  1.0275498840 1.5143355 0
 218 3360 3499 4 F  3.21301551  0.0637836623 1.9434153 0
 219 3360 3499 4 F  2.31784211  0.2873043280 1.6350684 0
 220 3360 3499 4 F  2.43605819  0.4939645648 1.5697725 0
 221 3422 3799 4 M  0.64945345 -0.8663723567 1.4033776 0
 222 3422 3799 4 F  0.49170780 -1.0171769817 1.4161284 0
 223 3422 3799 4 F  1.92495649  0.3763930831 1.4803552 0
 224 3422 3799 4 M  3.17446426  1.7795993598 1.4030146 0
 225 3422 3799 4 M  2.63118509  1.0722662746 1.5136146 0
 226 3422 3928 4 M  3.33746785  0.8249376269 1.6978189 0
 227 3422 3928 4 M  2.63492516  0.2552003923 1.6827099 0
 228 3422 3928 4 M  2.98144454  0.9307890647 1.6295452 0
 229 3422 3928 4 M  2.07381036 -0.5027950287 1.6390527 0
 230 3422 3928 4 M  2.72928912  0.7057567020 1.6138386 0
 231 3662 3723 4 M  1.66533552  0.0746041700 1.4535838 0
 232 3662 3723 4 M  2.02669253  0.3160996308 1.4976193 0
 233 3662 3723 4 M  2.53187556  0.2721990786 1.6895746 0
 234 3662 3723 4 M  1.47715485 -0.0384299397 1.4366162 0
 235 3662 3723 4 F  2.31132981 -0.2648033898 1.7635284 0
 236 3662 3390 4 M  2.15210557  0.2719041618 1.4489663 0
 237 3662 3390 4 M  2.78241530  0.6333966347 1.5486883 0
 238 3662 3390 4 F  1.50057323 -0.4592698864 1.5164721 0
 239 3662 3390 4 F  3.49610240  1.9316761834 1.4229727 0
 240 3662 3390 4 F  1.14268838 -0.3028313756 1.3212319 0
 241 3431 3488 4 M  1.46354784 -0.8805502192 1.5933613 0
 242 3431 3488 4 F  1.55927711 -0.7437404951 1.5531093 0
 243 3431 3488 4 M  2.81786229  0.7539332835 1.6219775 0
 244 3431 3488 4 F  2.24475400 -0.4547545665 1.6942933 0
 245 3431 3488 4 M  2.37668689  0.1316074663 1.5523863 0
 246 3431 4213 4 F  1.88041216  0.4883816483 1.3210006 0
 247 3431 4213 4 M  2.15901702 -0.6726656420 1.7001296 0
 248 3431 4213 4 F  1.53771313 -0.9217537515 1.5818052 0
 249 3431 4213 4 M  1.59596050 -0.1727353322 1.4753104 0
 250 3431 4213 4 F  2.73411906  0.5541770161 1.6093577 0
 251 3382 3514 4 F  2.21549137 -0.3985213733 1.6415511 0
 252 3382 3514 4 F  1.21551806 -0.5159140398 1.3580877 0
 253 3382 3514 4 M  0.86602074 -0.4219755332 1.3083175 0
 254 3382 3514 4 M  2.80762339  0.8364377731 1.4773306 0
 255 3382 3514 4 M  1.50144890 -0.9116855050 1.5935038 0
 256 3382 3783 4 F  1.00746055 -0.7427854283 1.4988403 0
 257 3382 3783 4 M  0.98296059 -0.7242855025 1.4484010 0
 258 3382 3783 4 F  2.73679809  1.0033038356 1.4644443 0
 259 3382 3783 4 M  0.70081958 -0.8788172508 1.4170030 0
 260 3382 3783 4 M  1.24796236 -0.4962904612 1.5242901 0
 261 4164 4171 4 M  1.94800238  0.1734986402 1.5471758 0
 262 4164 4171 4 M  1.30542650 -0.2147004558 1.7502682 0
 263 4164 4171 4 M  2.20158585  0.6020546010 1.5014960 0
 264 4164 4171 4 M  1.62128572  0.1150100467 1.6279758 0
 265 4164 4171 4 M  2.22240073  0.0952002238 1.7844935 0
 266 4164 3805 4 F -0.41175079 -0.3347488663 0.7212455 0
 267 4164 3805 4 M -0.82176549 -0.9399110114 0.8065372 0
 268 4164 3805 4 M -0.05710318  0.5826878054 0.5950732 0
 269 4164 3805 4 F -0.26437340 -0.4903680820 0.8179695 0
 270 4164 3805 4 F  0.77926770  0.5249893773 0.8616884 0
 271 3312 3998 4 M  0.31180751 -0.7074536150 1.4471205 0
 272 3312 3998 4 F  1.92272985 -0.7053482093 1.7376953 0
 273 3312 3998 4 F  2.65524208  0.8236143880 1.5028557 0
 274 3312 3998 4 F  3.99906954  0.9103189483 2.0099966 0
 275 3312 3998 4 M  2.21778634  0.4432051867 1.5346495 0
 276 3312 3305 4 M  1.68508936  0.5185635252 1.2439269 0
 277 3312 3305 4 F  1.82119434  0.5060051930 1.2239000 0
 278 3312 3305 4 M  1.00086222 -0.0077710735 1.2579864 0
 279 3312 3305 4 F  2.04563127  0.2999470118 1.4772929 0
 280 3312 3305 4 F  2.38649370  1.6148859661 1.2341525 0
 281 3440 3347 4 F  2.33961447  0.9319620517 1.4176991 0
 282 3440 3347 4 F  2.21905229 -0.1090402354 1.5909802 0
 283 3440 3347 4 F  2.06217074  0.1010541584 1.5280695 0
 284 3440 3347 4 M  1.31716131 -0.5918820277 1.4809811 0
 285 3440 3347 4 F  2.93028925  1.2953668594 1.4940801 0
 286 3440 3639 4 M  1.56268484  0.8687898229 1.2566918 0
 287 3440 3639 4 M  2.26876228 -0.3657108035 1.8341851 0
 288 3440 3639 4 F  0.42476575 -0.3281359794 1.3026677 0
 289 3440 3639 4 F -0.15050733 -1.2915502017 1.3817455 0
 290 3440 3639 4 M  0.93037804 -0.0345341786 1.2552393 0
 291 4130 4113 4 M  3.43483331  0.4143191012 1.6813537 0
 292 4130 4113 4 M  2.94644919  0.9672600173 1.5818051 0
 293 4130 4113 4 M  3.54942177  1.2045513974 1.5666478 0
 294 4130 4113 4 F  1.26202482 -0.9085842746 1.4701625 0
 295 4130 4113 4 M  1.14534153 -1.6092286623 1.6998164 0
 296 4130 3961 4 F  1.50612338  0.2475017353 1.4666035 0
 297 4130 3961 4 M  1.98436533  0.2186738629 1.5755353 0
 298 4130 3961 4 M  3.45295982  0.9052983825 1.7367392 0
 299 4130 3961 4 F  0.30632853 -1.0686731459 1.4165143 0
 300 4130 3961 4 F  1.98275047 -0.3757496327 1.7030407 0
 301 3728 3978 4 M  1.04716810 -0.9900200880 1.7644656 0
 302 3728 3978 4 M  1.34502691  0.0887577566 1.5279911 0
 303 3728 3978 4 F  2.57849453  0.8516833258 1.6891115 0
 304 3728 3978 4 F  3.89520060  0.4300826474 2.1036528 0
 305 3728 3978 4 F  1.78514302 -0.1078089582 1.7243049 0
 306 3728 3784 4 F  3.32802584  0.5358350180 1.8611382 0
 307 3728 3784 4 F  1.98530310 -0.5917232284 1.7242466 0
 308 3728 3784 4 F  2.86843127  0.5139395216 1.6786844 0
 309 3728 3784 4 F  2.74331950  1.2012845372 1.4412141 0
 310 3728 3784 4 M  1.62813967 -0.6829059032 1.6662605 0
 311 4168 3576 4 F  3.64059732  1.4043684035 1.6859930 0
 312 4168 3576 4 F  1.69944633 -0.5360496163 1.6380137 0
 313 4168 3576 4 M  3.19313949  1.5330192853 1.5410946 0
 314 4168 3576 4 F  1.82744980 -0.4321210442 1.7252106 0
 315 4168 3576 4 M  1.67253039 -0.4169161040 1.7227840 0
 316 4168 3487 4 M  3.07390294  0.4719888089 1.6016504 0
 317 4168 3487 4 F  2.95987293  0.3620944895 1.7003835 0
 318 4168 3487 4 M  3.14090361  0.1215978177 1.7278361 0
 319 4168 3487 4 F  3.14487066  0.4632696002 1.5995326 0
 320 4168 3487 4 M  1.40476003 -1.1631043116 1.6138525 0
 321 3794 3588 4 M  4.02488268  0.8070138533 2.0077432 0
 322 3794 3588 4 F  0.57521996 -1.4693527206 1.7044562 0
 323 3794 3588 4 M  4.19369430  1.2480587133 1.9729881 0
 324 3794 3588 4 F  3.02128586 -0.8263897825 2.0672257 0
 325 3794 3588 4 M  2.29818087  0.1829560983 1.6569582 0
 326 3794 4273 4 F  2.42572024 -0.7350230613 2.0429683 0
 327 3794 4273 4 F  2.94556705  0.1597065676 1.8848450 0
 328 3794 4273 4 M  2.77088861 -0.8451672120 2.0919470 0
 329 3794 4273 4 F  2.03333826 -0.9600523614 1.8359615 0
 330 3794 4273 4 F  3.05955269 -0.4040665034 1.9848506 0
 331 3341 3500 4 M  0.26684898 -0.9645065341 1.3047155 0
 332 3341 3500 4 M  3.34641774  1.0949267853 1.7271998 0
 333 3341 3500 4 M  0.76186351 -0.3855675483 1.4314308 0
 334 3341 3500 4 M  3.13909166  0.6545951651 1.6392302 0
 335 3341 3500 4 F  1.29403513 -0.1762695282 1.5713817 0
 336 3341 3577 4 M  2.39985432 -0.0180606254 1.5178175 0
 337 3341 3577 4 M  3.25998445  0.5703055284 1.8453388 0
 338 3341 3577 4 M  1.15474005 -0.3885396984 1.3593271 0
 339 3341 3577 4 F  1.11948223 -0.7412323324 1.4579287 0
 340 3341 3577 4 F  1.73408066  0.0759494714 1.3271680 0
 341 3777 3733 4 F  1.14024345 -0.3488989390 1.3237831 0
 342 3777 3733 4 M  0.43678515 -0.7701228171 1.2151878 0
 343 3777 3733 4 M  0.19218441 -1.1738812962 1.3945455 0
 344 3777 3733 4 M  1.65739110  0.2265554849 1.3967072 0
 345 3777 3733 4 M  2.55993321  1.0310129962 1.4153555 0
 346 3777 4276 4 F  2.09146732  0.4780338735 1.4404539 0
 347 3777 4276 4 M  1.92874621 -0.5594787018 1.6807112 0
 348 3777 4276 4 F  2.91569760  0.1326150441 1.7182175 0
 349 3777 4276 4 M  2.01762654 -0.4899175484 1.6885806 0
 350 3777 4276 4 M  2.34684901  0.0603256312 1.6997546 0
 351 3652 3675 4 F  0.74150431 -2.0189585774 1.6706785 0
 352 3652 3675 4 F  3.31457700  0.5626265051 1.6744904 0
 353 3652 3675 4 M  2.01619952 -0.5434821702 1.6285475 0
 354 3652 3675 4 M  2.73900873  0.1007324205 1.6666748 0
 355 3652 3675 4 M  2.96089176  0.2208117086 1.6818296 0
 356 3652 3671 4 F  1.60762411 -1.1717716934 1.7735020 0
 357 3652 3671 4 M  2.63298726  0.1843583414 1.6499137 0
 358 3652 3671 4 F  3.22936696  0.7981614096 1.7035249 0
 359 3652 3671 4 F  1.22732206 -0.2325652587 1.3092759 0
 360 3652 3671 4 M  3.11286472  0.5344814456 1.7136667 0
 361 3318 3349 4 M -0.18044094  0.0775932359 0.6792443 0
 362 3318 3349 4 M -0.92077135 -0.9808726930 0.6553052 0
 363 3318 3349 4 F -0.79577378 -0.0545282659 0.3910750 0
 364 3318 3349 4 M -0.29687677 -0.3342541990 0.7655687 0
 365 3318 3349 4 M -1.56208347 -1.0165000254 0.6764654 0
 366 3318 3559 4 M  2.95355161 -0.4211272709 2.0625606 0
 367 3318 3559 4 M  2.09517747  0.9885992450 1.4534671 0
 368 3318 3559 4 F  3.49576306  0.4739952653 1.8742717 0
 369 3318 3559 4 M  3.18638268  0.0643262135 1.9668972 0
 370 3318 3559 4 F  1.84330097 -1.1955131405 2.0316770 0
 371 3841 4221 4 F  4.14986397  1.2755534070 1.9014267 0
 372 3841 4221 4 M  3.71747862  0.6970385593 1.9264942 0
 373 3841 4221 4 F  4.38010731  1.4614986238 1.8997564 0
 374 3841 4221 4 M  3.40420394  0.5506218040 1.8380706 0
 375 3841 4221 4 F  1.15612047 -1.3233390485 1.7236419 0
 376 3841 3321 4 M -1.00146923 -0.3702054069 0.7053508 0
 377 3841 3321 4 F -0.83154079 -0.5171865826 0.7387693 0
 378 3841 3321 4 F -1.15684220 -0.4118598489 0.6055307 0
 379 3841 3321 4 M -0.01099432 -0.0865619286 0.9971793 0
 380 3841 3321 4 F  0.50665423  0.4011803413 0.9805256 0
 381 3663 3847 4 M  0.71976971  1.1312596722 0.7486937 0
 382 3663 3847 4 F -0.22884943  0.0201484570 0.7440560 0
 383 3663 3847 4 M  0.33489051  0.8438172178 0.5853162 0
 384 3663 3847 4 M -0.58606536 -0.1600401349 0.6888188 0
 385 3663 3847 4 M  0.85182059  0.7529851953 0.7982819 0
 386 3663 4181 4 F  1.38886613 -0.1860476114 1.4257688 0
 387 3663 4181 4 M  3.25196705  1.1495444788 1.5917658 0
 388 3663 4181 4 M  2.06819768  0.1757011758 1.5620128 0
 389 3663 4181 4 F  1.49634599 -0.1307565235 1.4232999 0
 390 3663 4181 4 M  1.61760496 -0.0445515800 1.4349691 0
 391 3384 3840 4 F  2.25731558 -0.4452918528 1.7143732 0
 392 3384 3840 4 M  3.80267935  0.7162689476 1.7854550 0
 393 3384 3840 4 F  2.47955711 -0.4877464414 1.7841053 0
 394 3384 3840 4 M  1.59044132 -1.0817055993 1.7745853 0
 395 3384 3840 4 F  1.06226255 -0.7079397193 1.6191536 0
 396 3384 4293 4 M  3.91197937  1.4577396475 1.7807931 0
 397 3384 4293 4 M  1.79181670  0.1742684706 1.3656613 0
 398 3384 4293 4 F  1.75252038  0.0437513144 1.4588361 0
 399 3384 4293 4 M  3.42704247  1.7390249292 1.3989920 0
 400 3384 4293 4 F  0.33011087 -1.3708446722 1.6029806 0
 401 4169 3994 4 F  1.11794129 -0.4667121604 1.3411090 0
 402 4169 3994 4 F  1.48238944 -0.2941760763 1.4672215 0
 403 4169 3994 4 M  0.36037434 -0.6543222327 1.3291331 0
 404 4169 3994 4 M  1.20723640  0.1929423419 1.3485977 0
 405 4169 3994 4 F  1.11507036 -0.2075276285 1.3146953 0
 406 4169 3947 4 M  1.48586277 -0.0672364887 1.4353895 0
 407 4169 3947 4 M  1.64433080 -0.1779898067 1.4983640 0
 408 4169 3947 4 F  3.12192814  1.5757795876 1.4674303 0
 409 4169 3947 4 F -0.20416096 -0.4343325518 1.1566755 0
 410 4169 3947 4 F  2.67816541  0.6354441898 1.5933103 0
 411 3385 3868 4 M  2.03412185  0.7777028320 1.2423437 0
 412 3385 3868 4 M  1.12415100 -1.0725033919 1.5197062 0
 413 3385 3868 4 M  2.27434068  0.3197607863 1.5006973 0
 414 3385 3868 4 M  2.52422025  0.9917705192 1.3657375 0
 415 3385 3868 4 F  1.88238949  0.2016569799 1.4290226 0
 416 3385 3575 4 M  2.07321084 -1.3138826907 1.9776236 0
 417 3385 3575 4 F  2.23608169  0.3343694867 1.4747481 0
 418 3385 3575 4 M  2.28927032 -0.4766368218 1.7700359 0
 419 3385 3575 4 M  3.15714521  0.8013337079 1.6491395 0
 420 3385 3575 4 F  4.79332127  1.1913666573 1.9316813 0
 421 3892 3905 4 F  1.91166739  0.6411921921 1.2680644 0
 422 3892 3905 4 F  0.06361545 -1.3966018229 1.3569587 0
 423 3892 3905 4 F  2.41722899  0.7307568941 1.4868178 0
 424 3892 3905 4 M  2.65093788  0.3132038953 1.7025876 0
 425 3892 3905 4 M  1.93203576 -0.0185253868 1.5467190 0
 426 3892 3635 4 M  1.48173884 -0.8219994366 1.6095983 0
 427 3892 3635 4 M  2.00954436 -0.5100930738 1.8793736 0
 428 3892 3635 4 M  1.76586866 -0.6141851163 1.7810564 0
 429 3892 3635 4 F  1.65850807 -0.2804833702 1.6975732 0
 430 3892 3635 4 F  2.94640234  0.6176619998 1.7958935 0
 431 3415 4117 4 M  2.96988530  0.2472945168 1.7614201 0
 432 3415 4117 4 F  2.78790130  0.0560886051 1.8891289 0
 433 3415 4117 4 M  3.77951645  1.5678714904 1.6583022 0
 434 3415 4117 4 M  3.60692898  1.3754949198 1.6884651 0
 435 3415 4117 4 M  2.84309137  0.1809350987 1.7488342 0
 436 3415 3516 4 F  3.79966989  0.8788174415 1.9955082 0
 437 3415 3516 4 F  2.61503517 -0.3791973378 1.8819327 0
 438 3415 3516 4 F  3.36034159  0.1437727757 1.9254985 0
 439 3415 3516 4 M  2.72419950 -0.3060808663 1.8316242 0
 440 3415 3516 4 M  2.69215280 -0.5364781125 1.8855180 0
 441 4299 4212 4 F  1.00365724 -0.8571577125 1.5155820 0
 442 4299 4212 4 F  1.69708104  0.0852558678 1.4285501 0
 443 4299 4212 4 M  1.38698153 -0.5441584784 1.5612026 0
 444 4299 4212 4 F  1.72167504 -0.0806132001 1.4440314 0
 445 4299 4212 4 M  3.28950301  1.3673079410 1.5674187 0
 446 4299 3872 4 F  2.50147819  0.6851329495 1.5053567 0
 447 4299 3872 4 M  1.25070132 -0.6710749382 1.5312439 0
 448 4299 3872 4 M  2.69275195  0.3412256849 1.7372423 0
 449 4299 3872 4 F  2.31186900 -0.1401268916 1.7359540 0
 450 4299 3872 4 F  1.55827422 -0.4486132969 1.5451311 0
 451 3665 3674 4 M  1.02729186 -1.4322281803 1.6528686 0
 452 3665 3674 4 M  3.29772929  0.7683928164 1.6511831 0
 453 3665 3674 4 M  3.86195571  1.0744663158 1.7521729 0
 454 3665 3674 4 M  3.15777709  0.6963482872 1.5772167 0
 455 3665 3674 4 M  0.91034760 -0.6258068515 1.3715237 0
 456 3665 4001 4 F  0.49165287 -0.8262109229 1.3793895 0
 457 3665 4001 4 F  1.35716275 -0.2526807481 1.4552262 0
 458 3665 4001 4 F  2.35052719  1.2851149065 1.2383688 0
 459 3665 4001 4 M  1.63660460  1.0455508737 1.2391278 0
 460 3665 4001 4 F  0.20988294 -0.5989868700 1.2094464 0
 461 3805 4259 4 F  1.71897758 -0.2957735149 1.6364810 0
 462 3805 4259 4 M  4.13863121  0.7092811277 1.9206986 0
 463 3805 4259 4 M  2.93020531  0.9465118596 1.6261541 0
 464 3805 4259 4 F  2.80987323 -0.5009565209 1.9629139 0
 465 3805 4259 4 F  1.50892873 -1.1977332295 1.7912447 0
 466 3805 3871 4 F  3.26356535 -0.0990224417 2.0358753 0
 467 3805 3871 4 M  3.79324469  0.3642736763 2.0961153 0
 468 3805 3871 4 M  3.25437556  0.1932609284 2.0099807 0
 469 3805 3871 4 M  2.65197292 -0.6662568209 2.0877921 0
 470 3805 3871 4 F  2.92982819 -0.5005807565 2.1641954 0
 471 4214 3906 4 M  1.51850856 -1.1455809425 1.7510009 0
 472 4214 3906 4 M  2.63403340  0.7090987949 1.5479825 0
 473 4214 3906 4 F  0.89904350 -0.4928290009 1.4059018 0
 474 4214 3906 4 M  3.24864953  0.7323879281 1.6992970 0
 475 4214 3906 4 M  2.94362836  0.6472331280 1.6987263 0
 476 4214 4202 4 M  2.07028147  0.1347420540 1.5051801 0
 477 4214 4202 4 F -0.08081824 -0.9493322619 1.1449654 0
 478 4214 4202 4 F  1.79034581  0.7208423743 1.2077593 0
 479 4214 4202 4 F  1.25840401  0.0350358195 1.3342493 0
 480 4214 4202 4 M  0.69387805 -0.2964948731 1.1631705 0
 481 3954 4104 4 M  2.41731351  0.5892220026 1.4945225 0
 482 3954 4104 4 M  1.51713256  0.7025273085 1.3002572 0
 483 3954 4104 4 M  1.86637138 -0.2444156390 1.5965280 0
 484 3954 4104 4 F  1.66126846 -0.0640324088 1.5018081 0
 485 3954 4104 4 M  1.70199959  0.3757553060 1.4188197 0
 486 3954 3532 4 M  2.58100982 -0.4396367504 1.8019784 0
 487 3954 3532 4 M  2.05834869  0.1797360184 1.5677002 0
 488 3954 3532 4 F  1.20843787 -0.0705893273 1.3782439 0
 489 3954 3532 4 F  2.66647520  0.1123092418 1.7312989 0
 490 3954 3532 4 M  1.27274431  0.6071364117 1.2142095 0
 491 4028 4126 4 F  0.50451470 -0.7228134421 1.3178093 0
 492 4028 4126 4 F  0.38098164 -0.5479811692 1.2691667 0
 493 4028 4126 4 F  1.04052763 -0.4773995926 1.4392047 0
 494 4028 4126 4 M  1.69358827 -0.2150779575 1.5053347 0
 495 4028 4126 4 F  1.13151176  0.1266238852 1.2672295 0
 496 4028 3992 4 F -0.17327719 -1.5981472482 1.3329680 0
 497 4028 3992 4 F  1.29698538  0.1215004093 1.2552244 0
 498 4028 3992 4 M  1.23964115 -0.1892988664 1.4992315 0
 499 4028 3992 4 M  1.07477193 -0.2625032247 1.4315114 0
 500 4028 3992 4 M  0.34343428 -0.3509272397 1.1644823 0
 501 4026 4109 4 M  0.81703462 -0.2934878986 1.4251981 0
 502 4026 4109 4 M  1.96822274 -0.4709621454 1.7158206 0
 503 4026 4109 4 M  2.19718792  0.2556015991 1.5267903 0
 504 4026 4109 4 F  2.04083217 -0.5150398759 1.7022455 0
 505 4026 4109 4 M  3.11448685  0.6273726013 1.6542134 0
 506 4026 3891 4 F  0.87753813 -0.2662912360 1.2808613 0
 507 4026 3891 4 F  1.01967730 -0.0748995223 1.4105314 0
 508 4026 3891 4 F  0.81887679 -0.6832563586 1.4577616 0
 509 4026 3891 4 M  0.67282341  0.0042479562 1.1235016 0
 510 4026 3891 4 F  0.53465293  0.0701239141 1.0823746 0
 511 3736 3459 4 M  1.60960869 -0.7707164469 1.6504749 0
 512 3736 3459 4 F  2.05328255  0.0093169006 1.6293649 0
 513 3736 3459 4 M  2.47875352  0.4724839258 1.6046392 0
 514 3736 3459 4 M  0.74806578 -0.8774936079 1.4318742 0
 515 3736 3459 4 M  1.16665086 -0.0029926475 1.3728962 0
 516 3736 3327 4 M  0.13688070 -1.7643770119 1.5854815 0
 517 3736 3327 4 F  2.51643188  1.3220849524 1.2023024 0
 518 3736 3327 4 F  0.60433580 -0.6460933114 1.3708633 0
 519 3736 3327 4 F  0.89834454 -0.7741341455 1.3829339 0
 520 3736 3327 4 F  1.20705822  0.1250267109 1.3298454 0
 521 4163 4124 4 M  1.86084398  0.8269081231 1.2386599 0
 522 4163 4124 4 F  1.15459208 -0.2239760435 1.4158355 0
 523 4163 4124 4 F  1.55847811  0.1954769076 1.3380042 0
 524 4163 4124 4 F  3.69395805  1.8140933993 1.4728849 0
 525 4163 4124 4 M  0.98057289 -1.0353519356 1.5895363 0
 526 4163 3370 4 M -0.80263240 -1.5357679765 1.4147893 0
 527 4163 3370 4 M  1.32668245 -0.5699891607 1.5831595 0
 528 4163 3370 4 M  2.81015567  0.7164299477 1.5439470 0
 529 4163 3370 4 M  1.39140515  0.2624507251 1.4734151 0
 530 4163 3370 4 F  2.90700109  0.6892232823 1.5708922 0
 531 3919 3652 4 M -1.69843056 -0.5242605353 0.5346692 0
 532 3919 3652 4 M -0.93418899 -0.5121676896 0.4578547 0
 533 3919 3652 4 M  0.06504622  1.0323656949 0.4044077 0
 534 3919 3652 4 M -0.16943995  0.0344990575 0.6889927 0
 535 3919 3652 4 F -0.39770628  0.2733099069 0.5392759 0
 536 3919 3451 4 F  0.17113031 -1.6684894324 1.4383123 0
 537 3919 3451 4 M  0.25362000 -1.0064068525 1.3156585 0
 538 3919 3451 4 F  2.00386626  0.5130380687 1.3450349 0
 539 3919 3451 4 M  2.25824652  0.9384593506 1.3564887 0
 540 3919 3451 4 F  1.77891760 -0.2327478305 1.4470813 0
 541 3943 3904 4 F  2.13981014 -0.2622261472 1.6554003 0
 542 3943 3904 4 F  1.08306463 -0.4184807870 1.4531353 0
 543 3943 3904 4 F  2.56255698  1.2517479564 1.3905093 0
 544 3943 3904 4 F  2.32651086 -0.1835121316 1.6383659 0
 545 3943 3904 4 F  2.99039286  1.1607568369 1.5160666 0
 546 3943 3525 4 F  3.80560927  0.9396752125 1.6707150 0
 547 3943 3525 4 F  3.17122826  0.4573924103 1.6529953 0
 548 3943 3525 4 M  2.46247425  0.6770043847 1.3834978 0
 549 3943 3525 4 F  1.40768832 -0.9335443094 1.7053905 0
 550 3943 3525 4 F  2.96467467  0.4803190987 1.7053653 0
 551 3655 4294 4 F  1.45734944 -0.2415711499 1.5300128 0
 552 3655 4294 4 F  3.33096433  0.8390157825 1.6708590 0
 553 3655 4294 4 M  2.33536734  0.1548199335 1.5580088 0
 554 3655 4294 4 F  2.83383953  0.3874931131 1.6277515 0
 555 3655 4294 4 M  1.76433638 -0.7428775593 1.6926575 0
 556 3655 3740 4 F  0.60407760 -0.6895449800 1.3323660 0
 557 3655 3740 4 F  2.69693096  0.3559488762 1.7489653 0
 558 3655 3740 4 F  2.54485925 -0.1240054357 1.7227583 0
 559 3655 3740 4 F  1.57967452  0.4077340699 1.3037851 0
 560 3655 3740 4 F  1.54513041  0.2266783344 1.3580910 0
 561 4155 3769 4 F  1.45303841 -0.3395528345 1.5196136 0
 562 4155 3769 4 F  0.91305142 -1.0687749824 1.5670274 0
 563 4155 3769 4 M  2.02476890 -0.6190614677 1.7944008 0
 564 4155 3769 4 F  1.33370187 -0.4074102760 1.4763405 0
 565 4155 3769 4 M  4.36670905  1.2045100704 1.8604563 0
 566 4155 3519 4 M  2.63588661  0.0288181406 1.6387935 0
 567 4155 3519 4 M  4.44771225  1.7520582050 1.6324910 0
 568 4155 3519 4 F  2.56271427 -0.0770338902 1.7242044 0
 569 4155 3519 4 F  1.74361853 -1.1453092409 1.6856184 0
 570 4155 3519 4 M  2.49373921 -0.2863390419 1.7116929 0
 571 4229 3952 4 M  1.70169531  0.4706826676 1.3548992 0
 572 4229 3952 4 F  2.06409599  0.5635611943 1.4372096 0
 573 4229 3952 4 M  1.96971106 -0.1702021047 1.5714894 0
 574 4229 3952 4 F  2.45773102  0.2357922486 1.5533543 0
 575 4229 3952 4 F  3.29812316  1.0347466296 1.5581213 0
 576 4229 3688 4 M  1.79874813 -0.5292956826 1.6532803 0
 577 4229 3688 4 F  1.74091248  0.6020305689 1.3868041 0
 578 4229 3688 4 M  3.41055641  1.6699696944 1.4539755 0
 579 4229 3688 4 F  0.83839524 -0.9506036143 1.5147524 0
 580 4229 3688 4 F  3.09224489  0.3555257490 1.8141695 0
 581 3914 3775 4 M  3.25686582  0.4213527145 1.7145522 0
 582 3914 3775 4 F  3.71552181  0.2634366507 1.9786480 0
 583 3914 3775 4 F  2.62424190 -0.4512285509 1.8735110 0
 584 3914 3775 4 M  2.90062283 -0.0996404886 1.8641934 0
 585 3914 3775 4 F  2.50314569 -0.2100809153 1.6017858 0
 586 3914 4121 4 F  2.57405475  0.1118048320 1.6693206 0
 587 3914 4121 4 M  3.12159919  0.5155682159 1.8106735 0
 588 3914 4121 4 F  2.58876303  0.3540111364 1.6814213 0
 589 3914 4121 4 F  0.94240590 -1.0884940238 1.4959995 0
 590 3914 4121 4 M  2.74432766  0.2246301164 1.7541425 0
 591 3911 3739 4 F  3.85661852  1.0700367178 1.7953598 0
 592 3911 3739 4 F  2.93492316  0.1184226583 1.7833528 0
 593 3911 3739 4 F  4.06817783  0.7704576032 1.8905733 0
 594 3911 3739 4 M  2.13239737 -0.8339535793 1.8744375 0
 595 3911 3739 4 F  2.74111640 -0.2179296405 1.7633360 0
 596 3911 4095 4 F  1.38237263 -0.7069695853 1.6122307 0
 597 3911 4095 4 F  2.14749214 -0.4224824583 1.6957565 0
 598 3911 4095 4 F  1.87147128 -0.2175481015 1.6083114 0
 599 3911 4095 4 M  2.60454530 -0.1906581556 1.8351314 0
 600 3911 4095 4 F  3.89139781  0.8616107783 1.9483955 0
 601 3358 3453 4 F  2.10566123 -0.2782314735 1.6724223 0
 602 3358 3453 4 M  1.60946970 -0.7396309411 1.6420750 0
 603 3358 3453 4 M  2.08783509  0.1053517100 1.4949234 0
 604 3358 3453 4 M  2.61019252  0.8899828020 1.5138526 0
 605 3358 3453 4 M  1.38066016 -0.1731856582 1.4433841 0
 606 3358 4154 4 F  3.36693573  0.5928468164 1.7658410 0
 607 3358 4154 4 F  1.04964545 -0.7399822711 1.4701634 0
 608 3358 4154 4 M  1.40703861 -0.1955990473 1.3817673 0
 609 3358 4154 4 M  2.12525931 -1.2469321287 1.8503251 0
 610 3358 4154 4 F  1.71511350 -0.3458041699 1.5606611 0
 611 3862 3302 4 M  1.17769321 -0.7994732318 1.5479134 0
 612 3862 3302 4 M  2.39026396  0.8790542182 1.5232147 0
 613 3862 3302 4 M  0.90735363 -0.4354751596 1.4503721 0
 614 3862 3302 4 M  0.22108342 -0.8407868546 1.3643154 0
 615 3862 3302 4 F  2.25291434  1.0830196231 1.3025702 0
 616 3862 3954 4 M -0.56114236  0.2839402788 0.5645375 0
 617 3862 3954 4 F  1.00307901  1.3655565805 0.6102562 0
 618 3862 3954 4 F -0.69192483  0.0136465025 0.4752847 0
 619 3862 3954 4 M -1.41767061 -0.6897423579 0.6407868 0
 620 3862 3954 4 F  0.49697683  1.3897054746 0.6444748 0
 621 3945 3903 4 M  1.76454598 -0.1950437754 1.5194713 0
 622 3945 3903 4 F  2.78891055  1.3693707550 1.4159885 0
 623 3945 3903 4 M  2.14701544  0.5388501409 1.3861159 0
 624 3945 3903 4 M  1.64756421  0.3140102774 1.2613792 0
 625 3945 3903 4 F  1.90016560  0.2362653076 1.3614503 0
 626 3945 3849 4 F  2.17865936  0.6707796653 1.4723423 0
 627 3945 3849 4 M  1.71890404  0.4693897573 1.2349811 0
 628 3945 3849 4 F  3.20739729  0.4515267825 1.7455481 0
 629 3945 3849 4 M  2.18547795  0.8484678963 1.3341801 0
 630 3945 3849 4 M  0.55037644 -1.1537025105 1.4983875 0
 631 4188 3697 4 F  1.94607223 -0.6520210131 1.8378244 0
 632 4188 3697 4 M  2.82733478 -0.3767872309 2.0443024 0
 633 4188 3697 4 M  2.67130112 -0.3407467620 1.7983502 0
 634 4188 3697 4 M  3.21930925  0.4017588071 1.8727704 0
 635 4188 3697 4 M  2.95807340  0.3700071660 1.7498733 0
 636 4188 3736 4 F -0.75661975  0.0548890379 0.7178787 0
 637 4188 3736 4 M -1.37897173 -0.2405051926 0.4757897 0
 638 4188 3736 4 M -0.86891956  0.2785103650 0.5110954 0
 639 4188 3736 4 M -1.80352795 -1.2417671922 0.7657383 0
 640 4188 3736 4 F -0.03436537  0.7269273285 0.4997797 0
 641 3381 3359 4 M  0.33149788 -0.5211210137 1.2368323 0
 642 3381 3359 4 F  2.46101483  0.2879192664 1.6250872 0
 643 3381 3359 4 M  0.04998246 -1.2823379548 1.4419119 0
 644 3381 3359 4 M  2.23116189  0.2658500173 1.5489845 0
 645 3381 3359 4 M  1.84863269  0.3025174242 1.3989919 0
 646 3381 3406 4 M  1.96043439  0.3955595523 1.4063274 0
 647 3381 3406 4 F  2.41868517  0.1752476212 1.5971556 0
 648 3381 3406 4 M  1.50878082  0.4050563171 1.2739084 0
 649 3381 3406 4 M  1.42228827 -0.7876390611 1.5328016 0
 650 3381 3406 4 M  2.97609530  0.5005622691 1.6938841 0
 651 4187 3381 4 F -0.52638536  0.0934546618 0.7864752 0
 652 4187 3381 4 M -1.09684982 -0.3098543558 0.6459822 0
 653 4187 3381 4 M -1.53442523 -0.7801161113 0.5146639 0
 654 4187 3381 4 F -0.79405168 -0.5021375949 0.7899547 0
 655 4187 3381 4 F -0.74371491 -0.3855353542 0.7742582 0
 656 4187 3959 4 M  2.95537728  1.1551029815 1.3582175 0
 657 4187 3959 4 M  2.15628085  0.0880380278 1.4350266 0
 658 4187 3959 4 M  0.72822927 -0.2437322947 1.3114243 0
 659 4187 3959 4 M  1.20329360 -0.6280453997 1.4042985 0
 660 4187 3959 4 F  0.13230839 -1.0178914236 1.3039833 0
 661 3326 4275 4 M  2.49365369 -0.0187867065 1.9314303 0
 662 3326 4275 4 M  1.50427870 -1.0180753872 1.8787270 0
 663 3326 4275 4 F  1.21407700 -1.0640734926 1.8354126 0
 664 3326 4275 4 M  2.16317309 -0.7572308718 2.0028510 0
 665 3326 4275 4 M  3.08444863  0.3310227992 1.9779535 0
 666 3326 3745 4 M  1.74223426 -0.6203596527 1.7142789 0
 667 3326 3745 4 M  3.12439300  0.7136124887 1.7738353 0
 668 3326 3745 4 F  2.48654018 -0.4066203902 1.8603585 0
 669 3326 3745 4 M  2.54348074 -0.3111850980 1.9510481 0
 670 3326 3745 4 M  2.98104170  0.0322657472 1.9112038 0
 671 3383 3865 4 M  2.95031542  0.8840518735 1.5532419 0
 672 3383 3865 4 M  0.80269049 -0.1624141961 1.2461231 0
 673 3383 3865 4 F  2.07473827 -0.7266998618 1.7861765 0
 674 3383 3865 4 M  2.64163748 -0.0165144919 1.7309161 0
 675 3383 3865 4 M  4.46810423  1.1472608435 1.9445313 0
 676 3383 3879 4 F  2.31097387  0.0639477939 1.7048880 0
 677 3383 3879 4 M  2.93703284  1.3195520645 1.5581849 0
 678 3383 3879 4 M  2.62321160  0.6255427927 1.5627922 0
 679 3383 3879 4 F  2.15763256  0.4133502453 1.6463085 0
 680 3383 3879 4 F  0.92280065 -1.1178653786 1.5563687 0
 681 3414 4188 4 F -1.46482310 -0.6669740554 0.7651762 0
 682 3414 4188 4 M -1.36745812 -0.8503129379 0.6597515 0
 683 3414 4188 4 F -1.33263478 -0.6188495433 0.6594737 0
 684 3414 4188 4 F -0.62198346 -0.3658147779 0.8005553 0
 685 3414 4188 4 M -0.06116128 -0.1475081557 0.8322099 0
 686 3414 4299 4 M  0.38808611  0.3267245876 0.6541828 0
 687 3414 4299 4 F  0.12089873  0.0553671957 0.7670361 0
 688 3414 4299 4 M -0.38585035  0.0962699971 0.6006312 0
 689 3414 4299 4 M -0.42850183 -0.0262631218 0.6767525 0
 690 3414 4299 4 M -1.35484598 -0.9188109648 0.6426378 0
 691 3806 3454 4 F  0.96839412 -0.3533617677 1.4174278 0
 692 3806 3454 4 M  1.56624020  0.3257222928 1.3401719 0
 693 3806 3454 4 M  2.29283888  0.1090062900 1.5485293 0
 694 3806 3454 4 F  2.73025190 -0.1321211296 1.8027583 0
 695 3806 3454 4 M  2.38768004  0.9298086299 1.3922744 0
 696 3806 3578 4 M  2.58793088  0.1432005215 1.6872885 0
 697 3806 3578 4 M  2.65252994 -0.0198167711 1.7665412 0
 698 3806 3578 4 M  2.50281539  0.1539723875 1.6203698 0
 699 3806 3578 4 F  3.25251169  0.6277338584 1.7308799 0
 700 3806 3578 4 M  1.15080810 -1.0073344921 1.5401037 0
 701 4150 3786 4 F -0.18074340 -1.2452236872 1.2702683 0
 702 4150 3786 4 M  2.53068026  0.7875559793 1.3763670 0
 703 4150 3786 4 F  1.94723341 -0.8733299944 1.7228673 0
 704 4150 3786 4 M  2.24351719  0.7628066703 1.4344033 0
 705 4150 3786 4 M  0.56703590 -0.9573209945 1.3185381 0
 706 4150 3722 4 M  3.85315628  0.8139929352 1.8720378 0
 707 4150 3722 4 M  1.06578720 -1.8783945076 1.8382682 0
 708 4150 3722 4 F  2.01463233  0.6850955723 1.2953388 0
 709 4150 3722 4 M  0.56898912 -1.9236468007 1.6655552 0
 710 4150 3722 4 M  1.44489893 -0.8367218627 1.5440654 0
 711 3847 3436 4 F  1.26315099 -1.0043060419 1.5910796 0
 712 3847 3436 4 F  1.92872782  0.7271830948 1.3643106 0
 713 3847 3436 4 F  2.96461017 -0.0062909647 1.8539312 0
 714 3847 3436 4 F  1.95990828 -0.5961869981 1.7573522 0
 715 3847 3436 4 M  1.65362939 -1.2884405239 1.9217303 0
 716 3847 3352 4 M  2.91586913  1.0287656307 1.5691255 0
 717 3847 3352 4 M  2.82598045  0.9672747147 1.5338014 0
 718 3847 3352 4 M  3.20024496  0.2130473514 1.8037620 0
 719 3847 3352 4 F  2.98232815  0.9222070586 1.6914183 0
 720 3847 3352 4 F  2.87655735 -0.2156252715 1.9165582 0
 721 3834 3926 4 F  2.81222876  0.3881474250 1.7330737 0
 722 3834 3926 4 M  2.13145347 -0.1466503694 1.5526318 0
 723 3834 3926 4 F  3.18701050  1.0437338635 1.4647686 0
 724 3834 3926 4 M  1.31078110  0.0225878602 1.5629319 0
 725 3834 3926 4 F  2.43126285  0.7376449609 1.4611846 0
 726 3834 4193 4 F  2.64479195  0.2235778311 1.7543541 0
 727 3834 4193 4 M  2.63084362  0.8600500430 1.4426874 0
 728 3834 4193 4 F -0.21192662 -1.3575907039 1.1922464 0
 729 3834 4193 4 M  2.11585063 -0.1063412590 1.5068620 0
 730 3834 4193 4 F  1.19552269 -0.1967877043 1.2302208 0
 731 4236 4092 4 F  2.76916189  0.2811606941 1.5827179 0
 732 4236 4092 4 F  0.13736116 -1.4722638934 1.4477325 0
 733 4236 4092 4 F  2.13907290  0.0577929283 1.4857254 0
 734 4236 4092 4 M  1.69359455 -0.0871438783 1.4477497 0
 735 4236 4092 4 M  1.92429599 -0.2981021528 1.4586264 0
 736 4236 4130 4 F -0.85951104 -0.1332549088 0.4762570 0
 737 4236 4130 4 F -0.90038727  0.1069046148 0.3905961 0
 738 4236 4130 4 F -0.09868575  0.5292315923 0.5046566 0
 739 4236 4130 4 M -1.44661970 -0.5810726776 0.4765501 0
 740 4236 4130 4 M -1.29397591 -0.5086935337 0.4484471 0
 741 3438 3461 4 F  2.81691216  1.0407504644 1.5543936 0
 742 3438 3461 4 F  2.89102909  0.2573893503 1.9426118 0
 743 3438 3461 4 M  1.36116854 -1.4587756340 1.7547002 0
 744 3438 3461 4 F  4.09195711  1.4036288964 1.7144120 0
 745 3438 3461 4 F  2.70540849 -0.2776397845 1.8481090 0
 746 3438 3309 4 F  1.84743667 -0.0050881034 1.4909013 0
 747 3438 3309 4 F  2.33032051 -0.3740684940 1.8555907 0
 748 3438 3309 4 F  1.55230196 -0.7043472306 1.8128532 0
 749 3438 3309 4 F  1.64386850 -0.6417155624 1.7791157 0
 750 3438 3309 4 M  0.29624863 -0.9651853990 1.4615458 0
 751 3814 3963 4 M  2.83571165 -0.1351128696 1.8063449 0
 752 3814 3963 4 F  1.29290036 -1.0529330401 1.5562984 0
 753 3814 3963 4 M  2.69198762 -0.3928280972 1.8197323 0
 754 3814 3963 4 M  2.81812318  0.1875363632 1.7254009 0
 755 3814 3963 4 F  2.28827367 -0.2180500363 1.7111018 0
 756 3814 3420 4 F  2.73898261  0.1554057484 1.6796353 0
 757 3814 3420 4 M  1.26291718 -0.6571019445 1.5093192 0
 758 3814 3420 4 M  2.23605250 -0.6059306542 1.8465094 0
 759 3814 3420 4 F  3.32880978  0.8984056710 1.7681803 0
 760 3814 3420 4 M  0.81261480 -1.0879141787 1.6167124 0
 761 3711 4045 4 M  3.67411293  1.2353641329 1.5830914 0
 762 3711 4045 4 F  1.87876354 -0.2242942306 1.5124222 0
 763 3711 4045 4 F  2.20429103  1.1051384240 1.2458722 0
 764 3711 4045 4 F  3.29418257  0.9145245600 1.6535421 0
 765 3711 4045 4 F  1.38496939  0.0553902718 1.3329684 0
 766 3711 3842 4 M  2.61106038 -0.2437713340 1.8783109 0
 767 3711 3842 4 M  2.83269521  0.7427308630 1.6141203 0
 768 3711 3842 4 F  1.69071833  0.4944376389 1.4540851 0
 769 3711 3842 4 F  1.70549246  0.1879182463 1.3996272 0
 770 3711 3842 4 M  2.84053738 -0.3679968942 1.9793704 0
 771 3788 4210 4 M  2.62622448  1.0000859678 1.4758896 0
 772 3788 4210 4 F  1.07672272 -0.4947195315 1.4812116 0
 773 3788 4210 4 F  1.73435047 -0.0174094650 1.4809936 0
 774 3788 4210 4 F  2.32037305  0.1357952592 1.4616203 0
 775 3788 4210 4 F  1.47478660 -0.1548263913 1.5524620 0
 776 3788 4125 4 M  0.63075131 -0.5460251124 1.2985887 0
 777 3788 4125 4 M  1.54476711 -0.2332660077 1.5842441 0
 778 3788 4125 4 M  2.00747027  1.0928048817 1.4042934 0
 779 3788 4125 4 F  0.74174173 -0.4025066458 1.2936294 0
 780 3788 4125 4 M  0.09185146 -1.1346830320 1.2783273 0
 781 4195 3554 4 F  2.20387536  0.3497794199 1.6742986 0
 782 4195 3554 4 F  3.89776946  0.9272506318 1.7520785 0
 783 4195 3554 4 M  1.83673038 -0.1777451579 1.5093349 0
 784 4195 3554 4 M  1.84142602 -0.1788282472 1.6255496 0
 785 4195 3554 4 F  0.91515759 -0.6819813543 1.3406973 0
 786 4195 3371 4 M  2.04835482  1.0918965733 1.3166052 0
 787 4195 3371 4 F  2.08554270  0.1652556130 1.4425772 0
 788 4195 3371 4 M  2.59822268  0.4086062805 1.5524150 0
 789 4195 3371 4 M  1.81509286 -0.1623415500 1.6580646 0
 790 4195 3371 4 M  3.06842066  0.7472181765 1.6792207 0
 791 4153 3729 4 M  3.31460513 -0.1695260677 1.9307262 0
 792 4153 3729 4 F  3.25476312  0.2909782894 1.8809584 0
 793 4153 3729 4 F  3.34866486  0.0566609399 1.8763962 0
 794 4153 3729 4 F  2.73080360  0.0133867182 1.8610445 0
 795 4153 3729 4 F  2.08200568 -0.4287662855 1.7013419 0
 796 4153 3501 4 F  2.13584215  0.7441765282 1.3931947 0
 797 4153 3501 4 M  1.94610639 -0.7151047836 1.7520360 0
 798 4153 3501 4 F  1.47087056  0.8071843734 1.1156243 0
 799 4153 3501 4 M  1.66880174 -0.1901117067 1.5874894 0
 800 4153 3501 4 F  2.06698250  0.4108011843 1.4655462 0
 801 4280 4118 4 M  1.94161690  0.1595625325 1.4738144 0
 802 4280 4118 4 M  3.83994578  1.6585707726 1.5702272 0
 803 4280 4118 4 M  0.33262912 -1.4552119888 1.4178086 0
 804 4280 4118 4 F  2.32565093  0.9295165106 1.3367068 0
 805 4280 4118 4 M  2.12196883  1.0431860922 1.2442694 0
 806 4280 4091 4 F  1.84361026 -0.3719906822 1.6248730 0
 807 4280 4091 4 M  0.49770347 -0.8913338528 1.4115897 0
 808 4280 4091 4 F  1.68007864  0.4716783802 1.4074342 0
 809 4280 4091 4 F  1.79085749 -0.4830068229 1.6724176 0
 810 4280 4091 4 F  2.10041296  0.2193281628 1.5454858 0
 811 4222 3848 4 M  2.19734939 -0.5407780335 1.6791664 0
 812 4222 3848 4 M  2.30250920  0.1075218024 1.4720100 0
 813 4222 3848 4 F  2.33986312 -0.1562695275 1.5621691 0
 814 4222 3848 4 F  2.67662077  0.3496850036 1.4886100 0
 815 4222 3848 4 F  3.53392015  0.6298406833 1.7380359 0
 816 4222 4021 4 M  1.08337718 -0.8551241341 1.5148475 0
 817 4222 4021 4 M  1.69438122 -0.3581708624 1.6130761 0
 818 4222 4021 4 M  1.79830528  0.1415992131 1.4275934 0
 819 4222 4021 4 F  1.79472446 -0.7744217608 1.6914552 0
 820 4222 4021 4 F  3.23890123  0.6211805513 1.6949414 0
 821 3386 4272 4 F  3.14060722  0.1261972569 1.8118775 0
 822 3386 4272 4 F  2.60256933  0.1058377882 1.6733309 0
 823 3386 4272 4 M  2.39240628 -0.4961100643 1.7802468 0
 824 3386 4272 4 F  1.39109100 -1.3397393635 1.7815973 0
 825 3386 4272 4 M  2.22196633 -0.6642570520 1.8666725 0
 826 3386 3958 4 M  1.94051111  0.0663126119 1.4269781 0
 827 3386 3958 4 M  0.51610939 -0.4192203704 1.2110246 0
 828 3386 3958 4 M  1.44852524 -1.2415370326 1.6082352 0
 829 3386 3958 4 M  3.02561030  0.1106984051 1.7322555 0
 830 3386 3958 4 F -0.17488936 -1.4948723760 1.3614341 0
 831 4025 3549 4 F  2.30580906  0.6702412424 1.4503856 0
 832 4025 3549 4 F  1.06655768  0.2056029957 1.4927778 0
 833 4025 3549 4 M  1.12003378 -0.5330767158 1.7370250 0
 834 4025 3549 4 M  0.89058098 -0.3250050393 1.2993708 0
 835 4025 3549 4 F -0.42509700 -0.5507036027 1.2581439 0
 836 4025 3372 4 M  2.16359163 -0.3695902190 1.6537750 0
 837 4025 3372 4 M  1.07044385 -1.0756747386 1.6432580 0
 838 4025 3372 4 F  3.25768399  0.6497309647 1.6445466 0
 839 4025 3372 4 M  2.11875690 -0.3585769010 1.6524538 0
 840 4025 3372 4 M  1.12208147 -1.9694584898 1.8888515 0
 841 3637 4217 4 F  1.62438183 -0.4651295165 1.6027261 0
 842 3637 4217 4 F  1.35763179 -0.3191466904 1.6397226 0
 843 3637 4217 4 M  1.66946293 -0.1184633962 1.4691280 0
 844 3637 4217 4 F  2.03028208  0.0826581684 1.7324024 0
 845 3637 4217 4 F  1.85899672  0.4222243142 1.3823744 0
 846 3637 3893 4 M  1.72117256  0.3432133681 1.5172217 0
 847 3637 3893 4 M  1.98490535  0.4290625289 1.3056367 0
 848 3637 3893 4 F  0.30156266 -1.1476072531 1.5187344 0
 849 3637 3893 4 M  1.58845854  0.0525116901 1.5716549 0
 850 3637 3893 4 F  1.22745084 -0.4070442129 1.4337043 0
 851 4287 3996 4 M  1.55685151 -0.0857611069 1.3810325 0
 852 4287 3996 4 F -0.25369901 -1.4936520434 1.2605282 0
 853 4287 3996 4 M  1.75548195  0.3859466417 1.3525128 0
 854 4287 3996 4 F  0.32848639 -1.0173793246 1.3180307 0
 855 4287 3996 4 M  2.14638888  0.6368082174 1.3447551 0
 856 4287 4223 4 M  2.30383046  0.2855770007 1.6094648 0
 857 4287 4223 4 F  1.72215382  0.3470014226 1.3840968 0
 858 4287 4223 4 F  0.99130539 -1.2930056855 1.6393821 0
 859 4287 4223 4 F  2.55297781  0.2252032401 1.5819600 0
 860 4287 4223 4 F  1.74444864 -0.7556723685 1.7363795 0
 861 4056 4208 4 M  1.94080182 -0.1315058995 1.6084144 0
 862 4056 4208 4 M  2.75164282  0.2880319571 1.6646654 0
 863 4056 4208 4 F  1.27091996 -0.5351028353 1.4721104 0
 864 4056 4208 4 F  1.66679116  0.1675402801 1.4316209 0
 865 4056 4208 4 F  2.71507202  0.3327045001 1.6464648 0
 866 4056 3877 4 M  3.23781452  1.3409867161 1.4683614 0
 867 4056 3877 4 M  1.44544372 -0.1308846445 1.5240293 0
 868 4056 3877 4 M  1.44734005 -0.2656589212 1.5334858 0
 869 4056 3877 4 M  1.24388404 -0.1395493367 1.4435770 0
 870 4056 3877 4 M  1.38721685  0.1300102818 1.4017922 0
 871 3936 3768 4 M  1.62277372 -0.7982345358 1.7779433 0
 872 3936 3768 4 M  1.49259626  0.4319277252 1.3428155 0
 873 3936 3768 4 M  1.79105682 -0.5661694815 1.7499535 0
 874 3936 3768 4 F  2.31394850  0.7394559819 1.4849208 0
 875 3936 3768 4 M  3.07689828  0.9437154173 1.7661075 0
 876 3936 4145 4 F  2.29050901  1.2659572919 1.2306363 0
 877 3936 4145 4 M  1.48679415  0.5118734522 1.2380930 0
 878 3936 4145 4 M  1.65012519 -0.1067212301 1.4508470 0
 879 3936 4145 4 M  2.19947902  0.8878241688 1.2054642 0
 880 3936 4145 4 F  0.42925353 -1.0224375893 1.3675883 0
 881 3643 3902 4 F  0.11750749 -1.4052217289 1.4135660 0
 882 3643 3902 4 M  0.96939170 -0.0089433364 1.2158293 0
 883 3643 3902 4 M  2.19308680  0.2342698431 1.5233178 0
 884 3643 3902 4 M  1.94589897  0.3769008445 1.5065718 0
 885 3643 3902 4 F  1.35741594 -0.0238428938 1.3166943 0
 886 3643 4256 4 F  3.35410179  1.8117353762 1.4085659 0
 887 3643 4256 4 F  2.10074530  0.5972017832 1.3635715 0
 888 3643 4256 4 M  1.70876285  0.2165456743 1.3109519 0
 889 3643 4256 4 F  2.21691787 -0.3929760949 1.5671151 0
 890 3643 4256 4 F  1.59172554  0.0360195503 1.3602744 0
 891 3948 3813 4 M  1.46976034  0.0383287369 1.4956113 0
 892 3948 3813 4 F  2.16817469  0.5247593323 1.5746631 0
 893 3948 3813 4 M  2.99290272  1.0649032131 1.5890962 0
 894 3948 3813 4 M  1.45894461 -0.3732822114 1.5017804 0
 895 3948 3813 4 M  1.75976486 -0.2156018553 1.6349357 0
 896 3948 3363 4 M  2.50265939 -0.1718624615 1.8530514 0
 897 3948 3363 4 F  1.89745297  0.1919905377 1.5602111 0
 898 3948 3363 4 F  1.65038330 -0.2241829842 1.5552994 0
 899 3948 3363 4 M  1.65326823 -0.5784296703 1.5765932 0
 900 3948 3363 4 F  1.85617504 -0.7646992261 1.7607010 0
 901 3781 3726 4 M  0.42535968 -0.7140917111 1.3121325 0
 902 3781 3726 4 M  1.87821611  0.3987730778 1.4645263 0
 903 3781 3726 4 F  1.02216213 -0.5669593866 1.3697560 0
 904 3781 3726 4 F  1.23819171 -0.4628095243 1.4543472 0
 905 3781 3726 4 F  1.70749599  0.1999629117 1.4290136 0
 906 3781 3301 4 F  1.94334348  0.1362008578 1.3720067 0
 907 3781 3301 4 M  0.76472914 -0.0966154830 1.1320677 0
 908 3781 3301 4 M  0.34951097 -0.5584266156 1.1266858 0
 909 3781 3301 4 M  1.30666185 -0.5311097241 1.3798580 0
 910 3781 3301 4 M -0.21220488 -1.1094762328 1.1396560 0
 911 3349 3983 4 M  1.63623183 -0.9426424284 1.7062778 0
 912 3349 3983 4 M  1.64559115 -0.2249264735 1.5579467 0
 913 3349 3983 4 M  3.10863261  0.7082608103 1.6928220 0
 914 3349 3983 4 F  1.43899957 -0.4814573157 1.6681273 0
 915 3349 3983 4 F  1.78508029 -0.5804405049 1.6727042 0
 916 3349 4043 4 F  2.22229031  0.0223355546 1.5655705 0
 917 3349 4043 4 F  2.04857345  0.6200843092 1.3891970 0
 918 3349 4043 4 F  1.43400085  0.0076395315 1.2761620 0
 919 3349 4043 4 F  1.46274803 -0.2916249656 1.5640985 0
 920 3349 4043 4 F  2.25989357 -0.3388832110 1.7296275 0
 921 3508 3668 4 F  1.48354624 -0.8853030928 1.7138896 0
 922 3508 3668 4 F  3.45645508  0.8652868149 1.7393152 0
 923 3508 3668 4 M  1.76390043 -0.3803750416 1.6280951 0
 924 3508 3668 4 M  2.72559121 -0.2865569828 1.8296307 0
 925 3508 3668 4 F  2.52542638 -0.0437582715 1.6672988 0
 926 3508 3898 4 M -0.22277448 -1.8058516733 1.4303574 0
 927 3508 3898 4 M  0.58860109 -0.6645605684 1.2847332 0
 928 3508 3898 4 F  1.64283261  0.6092441301 1.2085675 0
 929 3508 3898 4 F  1.19604370  0.4760917212 1.1810159 0
 930 3508 3898 4 M  1.63929773  0.0674937166 1.3492983 0
 931 3677 3788 4 F  0.82637067  1.2376753842 0.5583091 0
 932 3677 3788 4 F -0.73810139 -0.2506980814 0.5605903 0
 933 3677 3788 4 F  0.21986388  0.8727219898 0.5514151 0
 934 3677 3788 4 F  0.68681595  0.9661713033 0.5979721 0
 935 3677 3788 4 F -0.52492697  0.5948291832 0.4072218 0
 936 3677 3308 4 M  2.14546997  1.0835519454 1.1669040 0
 937 3677 3308 4 M  2.50940654  0.0229951099 1.6222662 0
 938 3677 3308 4 F  2.06020259 -0.5543561225 1.6063474 0
 939 3677 3308 4 F  3.85460373  1.3595047286 1.6337595 0
 940 3677 3308 4 F  2.69442019  0.0307589141 1.7321723 0
 941 4216 4292 4 M  0.43285758 -1.0369572665 1.3330812 0
 942 4216 4292 4 M  3.66471607  1.1060340036 1.6713497 0
 943 4216 4292 4 M  4.11149489  1.7177168881 1.6310848 0
 944 4216 4292 4 M  2.82726951  0.2418599290 1.6735365 0
 945 4216 4292 4 F  3.33616509  0.8633344596 1.6870009 0
 946 4216 4074 4 F  3.21280950  0.3139146964 1.7559667 0
 947 4216 4074 4 F  1.40329946 -0.6773642325 1.5672771 0
 948 4216 4074 4 F  1.22500088 -0.4865410093 1.5575307 0
 949 4216 4074 4 F  1.58537343 -0.8694315024 1.7638718 0
 950 4216 4074 4 F  2.66056158 -0.2232220742 1.7448317 0
 951 3361 3512 4 M  1.63025767 -0.5808835119 1.6290146 0
 952 3361 3512 4 M  1.78188352 -0.5659165565 1.7642202 0
 953 3361 3512 4 M  1.91332132 -0.6199821989 1.5965730 0
 954 3361 3512 4 M  2.55812510  0.6789055877 1.5077847 0
 955 3361 3512 4 F  0.95638995 -1.2489932503 1.5954544 0
 956 3361 3610 4 M  1.41523991  0.3534185566 1.2779586 0
 957 3361 3610 4 M  0.43762798 -0.7438643600 1.3922178 0
 958 3361 3610 4 F  2.20123312 -0.5355419486 1.6675648 0
 959 3361 3610 4 M  1.56118385 -0.0913204650 1.5208976 0
 960 3361 3610 4 M  2.71086206  0.1561834541 1.7903387 0
 961 4218 3520 4 M  1.23633164 -1.7141520623 1.7888767 0
 962 4218 3520 4 F  3.08639666  0.1207397481 1.7357130 0
 963 4218 3520 4 F  3.52123729  0.3175968750 1.8543599 0
 964 4218 3520 4 M  1.68828778 -1.4916360379 1.8495862 0
 965 4218 3520 4 F  3.67963963  0.3955424636 1.8645035 0
 966 4218 4102 4 F -0.06107879 -0.5501100946 1.1977927 0
 967 4218 4102 4 F  1.17911554 -0.2585007804 1.4364653 0
 968 4218 4102 4 M  2.32526563  0.3688328871 1.5308447 0
 969 4218 4102 4 F  0.35296415 -0.2682123781 1.2674558 0
 970 4218 4102 4 F  2.15623265  0.4294370341 1.5131486 0
 971 3321 3580 4 M  2.79410897  0.0159711111 1.6902269 0
 972 3321 3580 4 F  2.16929710  0.0759287079 1.5574646 0
 973 3321 3580 4 M  2.67881805  0.2340819287 1.6204119 0
 974 3321 3580 4 M  3.49371066  0.7425363035 1.8351516 0
 975 3321 3580 4 F  3.04876409  0.3269527358 1.7150128 0
 976 3321 3686 4 M  2.11838000  0.6213710330 1.5436994 0
 977 3321 3686 4 F  0.57204583 -0.8031957754 1.4832661 0
 978 3321 3686 4 M  0.56990932 -1.0091902242 1.5920996 0
 979 3321 3686 4 F  1.52775363 -0.6520083304 1.7298665 0
 980 3321 3686 4 F  3.16103915  1.4831243931 1.4806829 0
 981 3917 4080 4 M  2.97026399  0.1310781362 1.7632683 0
 982 3917 4080 4 M  2.45769399 -0.5951689606 1.8123119 0
 983 3917 4080 4 M  4.06109034  1.0702105008 1.8104510 0
 984 3917 4080 4 M  2.27731457 -0.8119723028 1.9502664 0
 985 3917 4080 4 M  2.76212530  0.0624609375 1.8546802 0
 986 3917 3909 4 F  2.49904780  0.3890319470 1.6269252 0
 987 3917 3909 4 F  0.70934953 -0.5953952993 1.3976916 0
 988 3917 3909 4 M  1.91986434 -0.4723763213 1.7708985 0
 989 3917 3909 4 F  0.57770766 -1.0707837112 1.3548567 0
 990 3917 3909 4 M  3.08914078  0.0564583313 1.7868713 0
 991 3644 3529 4 F  1.04093280  0.2202444758 1.2912412 0
 992 3644 3529 4 M  0.97983519 -0.0120398781 1.3107335 0
 993 3644 3529 4 F  2.40710684 -0.4329316283 1.6921551 0
 994 3644 3529 4 F  0.24472253 -0.5665194457 1.2435945 0
 995 3644 3529 4 M  0.06470756 -1.2664087314 1.3417598 0
 996 3644 3415 4 M -0.49960757 -0.2599254032 0.6520029 0
 997 3644 3415 4 F -0.29714310  0.2795652343 0.5821174 0
 998 3644 3415 4 F -0.49836270 -0.3162005647 0.7244810 0
 999 3644 3415 4 M -0.36061782 -0.0150891049 0.6551634 0
1000 3644 3415 4 M -0.59846802  0.4546099227 0.4847141 0
