ID sire dam generation sex phen env tbvp gebvp
   1 3867 3429 4 M  2.901639138  0.5483473521 1.7397082 0
   2 3867 3429 4 F  3.914109784  0.7611954623 1.9352963 0
   3 3867 3429 4 F  1.471719258 -0.0353116528 1.5303285 0
   4 3867 3429 4 F  2.298258318  0.0117858529 1.7976765 0
   5 3867 3429 4 F  1.771889550  0.3907643160 1.4749885 0
   6 3867 3801 4 M  3.105864142 -0.2221653084 1.8888166 0
   7 3867 3801 4 M  3.065592893  0.1969961670 1.8340515 0
   8 3867 3801 4 M  2.630673508  0.1376961003 1.8250632 0
   9 3867 3801 4 M  3.103519600  0.0284850055 1.9124598 0
  10 3867 3801 4 M  1.682056652 -0.4524721314 1.6454903 0
  11 3312 3947 4 F  2.212082955 -0.8247942589 1.8062884 0
  12 3312 3947 4 M  2.569102859 -0.5580935504 1.8503884 0
  13 3312 3947 4 F  2.325059890 -0.5768430942 1.8395216 0
  14 3312 3947 4 F  2.134921524 -0.5768711420 1.7370830 0
  15 3312 3947 4 F  1.870367385 -1.1658612081 1.9096625 0
  16 3312 3438 4 F  1.608864492 -0.2466047551 1.5977652 0
  17 3312 3438 4 M  2.625372665  0.2474228703 1.7120592 0
  18 3312 3438 4 M  1.275425620  0.1275275342 1.4242425 0
  19 3312 3438 4 F  1.815161837 -0.4611319685 1.6414791 0
  20 3312 3438 4 F  3.297524961  1.4367898264 1.5671639 0
  21 3318 3504 4 M  1.369788226 -0.5474097184 1.5795063 0
  22 3318 3504 4 F  3.846386993  1.2519093302 1.7569457 0
  23 3318 3504 4 F  1.076987459 -0.4232964614 1.5012294 0
  24 3318 3504 4 F  1.867556374  0.0070117189 1.5599164 0
  25 3318 3504 4 M  0.014474787 -1.4385693902 1.5166868 0
  26 3318 3497 4 F  2.634012156 -0.2224814042 1.7735250 0
  27 3318 3497 4 F  2.054227493 -0.7702716339 1.8315603 0
  28 3318 3497 4 F  3.090985199  0.3437810506 1.7766213 0
  29 3318 3497 4 F  1.781912961 -1.2386682242 1.7506096 0
  30 3318 3497 4 M  3.219990710  0.5004412069 1.7086339 0
  31 3815 3559 4 F  1.670985245 -0.5918432765 1.7793505 0
  32 3815 3559 4 F  1.985452135 -0.2678745857 1.7637386 0
  33 3815 3559 4 M  3.498858790  0.2335629638 1.9254004 0
  34 3815 3559 4 F  0.754147259 -1.3209243961 1.7280225 0
  35 3815 3559 4 F  2.154342267 -0.3920747647 1.8194035 0
  36 3815 3944 4 M  2.372191751 -0.7361178171 2.0082697 0
  37 3815 3944 4 M  3.379430677  0.2999272597 1.9811293 0
  38 3815 3944 4 M  2.718187369 -0.3715570624 2.0526294 0
  39 3815 3944 4 M  3.100193152 -0.0555362358 2.0762272 0
  40 3815 3944 4 F  3.012317531  0.1020589925 1.9449327 0
  41 3314 3804 4 M  1.877088589 -0.3991152941 1.6976744 0
  42 3314 3804 4 F  1.737870469 -0.6522445016 1.7250437 0
  43 3314 3804 4 M  1.601443430 -0.4701126203 1.6421370 0
  44 3314 3804 4 F  2.484256279  0.2842372244 1.7360472 0
  45 3314 3804 4 F  1.210718274 -1.1715321091 1.7290296 0
  46 3314 4074 4 F  2.266950681  0.5569939504 1.5351850 0
  47 3314 4074 4 M  2.554389836  1.0032181085 1.4514974 0
  48 3314 4074 4 M  2.310291252 -0.6191652739 1.8017481 0
  49 3314 4074 4 M  1.491612671  0.1373765984 1.3901273 0
  50 3314 4074 4 M  1.257641307 -0.3533778157 1.4758800 0
  51 3818 4294 4 F  3.648014173  0.5235071106 2.0208957 0
  52 3818 4294 4 F  2.862777513 -0.2432651897 2.1197870 0
  53 3818 4294 4 F  2.361362687 -0.1683270827 1.8408818 0
  54 3818 4294 4 F  1.749564176 -0.6201034384 1.9404140 0
  55 3818 4294 4 F  2.781241678  0.3203636448 1.8877925 0
  56 3818 4048 4 F  2.732945179  1.3111516796 1.5875114 0
  57 3818 4048 4 M  4.049682104  1.0964830762 1.9518874 0
  58 3818 4048 4 M  1.957907012 -0.8274458643 1.9820175 0
  59 3818 4048 4 F  2.624629254  0.2129973347 1.7688970 0
  60 3818 4048 4 M  1.916052440 -0.2494635335 1.6600569 0
  61 3619 3348 4 M  2.636950273  0.1172034606 1.8497921 0
  62 3619 3348 4 M  1.731880578  0.2088248602 1.5723596 0
  63 3619 3348 4 F  2.865027539  1.2097653648 1.6137186 0
  64 3619 3348 4 F  3.668246335  1.8587630869 1.6889400 0
  65 3619 3348 4 F  1.653322637 -0.0875262120 1.6173813 0
  66 3619 3501 4 M  2.717520134  0.3715303835 1.6328265 0
  67 3619 3501 4 F  4.160923560  1.1940508062 1.8356041 0
  68 3619 3501 4 M  1.664462529  0.0848459171 1.5622411 0
  69 3619 3501 4 F  1.677234507 -0.2634075144 1.6460718 0
  70 3619 3501 4 F  2.027168041  0.6904618008 1.4882513 0
  71 4188 4299 4 F  2.095954037 -0.5618045110 1.6827652 0
  72 4188 4299 4 F  1.399109125 -0.2221424886 1.4330968 0
  73 4188 4299 4 M  3.317292338  1.7793558655 1.4766971 0
  74 4188 4299 4 F  2.025311697  0.6763595805 1.4888561 0
  75 4188 4299 4 M  0.888997479 -0.2237922468 1.2708765 0
  76 4188 3655 4 F  0.255408798  0.8110148792 0.8286167 0
  77 4188 3655 4 M  0.063504901  0.5290039076 0.8297680 0
  78 4188 3655 4 F  0.028984339  0.5816163184 0.7112739 0
  79 4188 3655 4 F  0.781908511  1.0311698853 0.8381953 0
  80 4188 3655 4 M -0.086869422  0.6661577942 0.6519766 0
  81 3489 4109 4 F  3.315845675  0.4525578910 1.8908954 0
  82 3489 4109 4 F  0.924296336 -1.3829825478 1.7969911 0
  83 3489 4109 4 M  1.587511473 -0.2257863839 1.6632548 0
  84 3489 4109 4 M  3.590328224  0.7905194117 1.8767859 0
  85 3489 4109 4 F  1.080239498 -1.0488866627 1.8533723 0
  86 3489 3363 4 F  1.938964964 -1.3078577777 2.0420306 0
  87 3489 3363 4 M  0.693023928 -0.4093412228 1.5524014 0
  88 3489 3363 4 F  2.124636180  0.7557598469 1.6583814 0
  89 3489 3363 4 F  3.730005259  0.4368090990 2.0555567 0
  90 3489 3363 4 M  3.188468196  0.8491951644 1.7446521 0
  91 3451 3487 4 F -0.570743623 -0.4459759144 0.7800869 0
  92 3451 3487 4 F  0.396291961  0.0569644967 1.0288117 0
  93 3451 3487 4 F -0.404219835 -0.8528904147 0.9696616 0
  94 3451 3487 4 F -0.460627691 -0.6438899594 0.8678434 0
  95 3451 3487 4 M  1.084991367  1.2664898155 0.7673691 0
  96 3451 3987 4 M  1.435856284  0.5883022453 1.5012411 0
  97 3451 3987 4 M  2.188199749  0.4483540385 1.7486446 0
  98 3451 3987 4 F  0.521026373 -0.6620484180 1.5115155 0
  99 3451 3987 4 F  1.190592381 -0.4780131343 1.6692208 0
 100 3451 3987 4 F  0.760879298 -0.9215119695 1.8076929 0
 101 4101 4255 4 F  2.670154410  0.3658996709 1.7472690 0
 102 4101 4255 4 M  2.120354274 -0.2510765862 1.7741532 0
 103 4101 4255 4 F  2.252861900 -0.6925195215 1.8162884 0
 104 4101 4255 4 F  2.337929649 -0.5105138951 1.7447952 0
 105 4101 4255 4 M  3.052421172  0.4921407680 1.7391916 0
 106 4101 3906 4 M  0.793118247  0.0114281776 1.2660997 0
 107 4101 3906 4 F  3.515029478  1.3652645028 1.7199978 0
 108 4101 3906 4 F  0.739953328 -0.1126777525 1.3752954 0
 109 4101 3906 4 F  1.670099609  0.5850568952 1.4537256 0
 110 4101 3906 4 M  2.824520434  0.2591236510 1.7992548 0
 111 3712 3716 4 M  2.969548717  0.7801700533 1.7117503 0
 112 3712 3716 4 M  3.154868606  0.6035105194 1.8842521 0
 113 3712 3716 4 M  2.534891065 -0.1652955546 1.9456020 0
 114 3712 3716 4 M  2.869682832 -0.0624920970 1.8815014 0
 115 3712 3716 4 M  1.593149755 -0.5634045106 1.7702243 0
 116 3712 4277 4 F  2.073723573 -0.0097462781 1.7191361 0
 117 3712 4277 4 F  2.157715620 -0.4964085698 1.7452659 0
 118 3712 4277 4 F  2.746169009  0.1483969113 1.8231796 0
 119 3712 4277 4 M  3.137764818 -0.0937794550 1.9565114 0
 120 3712 4277 4 M  4.152006773  1.0535556622 1.8042804 0
 121 4094 4072 4 F  1.250340484  0.1396159650 1.2751399 0
 122 4094 4072 4 F  0.367903618 -0.7778965043 1.2953357 0
 123 4094 4072 4 M  1.965850532  0.4403958795 1.3800550 0
 124 4094 4072 4 M  1.412113558  0.0045352006 1.3968456 0
 125 4094 4072 4 M  2.669600016  0.8187394621 1.4419799 0
 126 4094 4110 4 F -0.545073964 -1.6849621354 1.3332328 0
 127 4094 4110 4 F  2.570729873 -0.1204980483 1.7208535 0
 128 4094 4110 4 F  3.381959889  1.0706903800 1.6390560 0
 129 4094 4110 4 F  1.436423140 -0.4735683441 1.5398586 0
 130 4094 4110 4 M  1.397695804 -0.3622513856 1.5615226 0
 131 3975 3879 4 F  1.501243925  0.2749804293 1.3833812 0
 132 3975 3879 4 F  0.948724175 -0.5626377798 1.4185072 0
 133 3975 3879 4 F  0.714676559 -1.1763591174 1.4697172 0
 134 3975 3879 4 M  2.293597523 -0.0336418331 1.6790263 0
 135 3975 3879 4 M  0.566102304 -0.4528228152 1.1898886 0
 136 3975 3908 4 F  0.975472060  0.2310574341 1.2666918 0
 137 3975 3908 4 F  1.305455965 -0.5065786030 1.4903144 0
 138 3975 3908 4 F  1.856082094 -0.5127994025 1.6251527 0
 139 3975 3908 4 F  2.041922382  0.1860408727 1.4470504 0
 140 3975 3908 4 F  2.204723047  0.4142817147 1.5799339 0
 141 3338 4292 4 F  1.874713970 -0.2513014108 1.7760086 0
 142 3338 4292 4 F  1.339374840 -0.8843466392 1.7980643 0
 143 3338 4292 4 M  2.629528114  0.4224374031 1.8153196 0
 144 3338 4292 4 F  2.842035985  0.4479454526 1.8219389 0
 145 3338 4292 4 M  2.776906706  0.3644888764 1.8212528 0
 146 3338 3308 4 M -0.130965190  0.1910041686 0.8391335 0
 147 3338 3308 4 M  0.172348074  0.2375552967 1.0758760 0
 148 3338 3308 4 F -1.343193431 -1.2017179907 0.9063619 0
 149 3338 3308 4 M  0.832904182  1.0768883390 0.9490358 0
 150 3338 3308 4 F  0.697725079  0.7508378608 0.9112436 0
 151 3488 3488 4 M  0.122947443  0.2604644010 0.9409015 0
 152 3488 3488 4 M -0.005189273  0.2621494497 1.0434938 0
 153 3488 3488 4 F  0.489481649  0.5641248218 0.9859273 0
 154 3488 3488 4 M  0.853507571  0.9462693601 0.9520838 0
 155 3488 3488 4 F -0.528301377 -0.3661530080 0.9731560 0
 156 3488 3576 4 F  3.366313807 -0.0754030858 2.0106923 0
 157 3488 3576 4 M  2.822503126 -0.1258800095 1.8693299 0
 158 3488 3576 4 F  4.195871847  0.6579037756 2.0060654 0
 159 3488 3576 4 F  2.152812391 -0.7872198555 1.8272364 0
 160 3488 3576 4 F  3.459692462  0.0792683425 1.9923441 0
 161 4206 3390 4 F  1.627845076 -0.8520995378 1.8051854 0
 162 4206 3390 4 F  2.986119655 -0.0661862817 1.8666961 0
 163 4206 3390 4 F  1.625495568 -0.5158566666 1.6738144 0
 164 4206 3390 4 F  3.088916844  0.9246236903 1.5843860 0
 165 4206 3390 4 F  1.842468509 -0.3671394626 1.6695191 0
 166 4206 3489 4 F -0.804071554 -0.8577977439 0.9056643 0
 167 4206 3489 4 M -0.400757117 -0.1210091680 0.7728988 0
 168 4206 3489 4 M -0.975869208 -0.8998305128 0.8242328 0
 169 4206 3489 4 M  0.762761624  0.7069355702 0.8999647 0
 170 4206 3489 4 F -0.855426557 -0.5430165666 0.7754568 0
 171 4076 4043 4 F  2.135412415 -0.2112805164 1.5504199 0
 172 4076 4043 4 M  2.399878123  0.5569664862 1.5614923 0
 173 4076 4043 4 F  1.142164180 -0.5320905026 1.5368050 0
 174 4076 4043 4 M  1.954809777 -0.1880430241 1.6323310 0
 175 4076 4043 4 M  1.351006131 -1.2286163079 1.7187163 0
 176 4076 3799 4 M  1.818525654 -0.2789323380 1.5857297 0
 177 4076 3799 4 F  3.308199723  0.4619774481 1.8273169 0
 178 4076 3799 4 F  2.828822431  1.1350148052 1.4537938 0
 179 4076 3799 4 M  1.519106191 -0.6681839711 1.6369336 0
 180 4076 3799 4 F  2.086293419  0.0575247383 1.6030545 0
 181 3457 3846 4 M  2.728546715  0.2932169212 1.8140877 0
 182 3457 3846 4 M  3.770260066  0.8385956407 1.8898969 0
 183 3457 3846 4 M  1.351219341 -0.6210429077 1.6908580 0
 184 3457 3846 4 M  2.517983387 -0.5471394210 1.8021135 0
 185 3457 3846 4 F  3.125169472 -0.0009953635 1.8565942 0
 186 3457 3949 4 F  2.306168797 -0.6967164466 1.8496718 0
 187 3457 3949 4 F  3.358253979  0.1335565549 1.9897529 0
 188 3457 3949 4 F  2.968374595 -0.1866507378 1.9431561 0
 189 3457 3949 4 M  3.416326127  0.2667422207 1.8698428 0
 190 3457 3949 4 F  2.792827798 -0.6293435498 2.0066026 0
 191 4187 4251 4 F  3.044600878  1.2668050074 1.4939575 0
 192 4187 4251 4 F  1.825327344 -0.9043611892 1.7181656 0
 193 4187 4251 4 F  1.109162528  0.0644393589 1.3445086 0
 194 4187 4251 4 M  1.035208292 -0.9172207943 1.4859375 0
 195 4187 4251 4 F  1.896230793 -0.0048688118 1.4836096 0
 196 4187 3761 4 F  2.342112793  0.3118571494 1.5943574 0
 197 4187 3761 4 M  0.177996400 -0.9506501595 1.4062539 0
 198 4187 3761 4 M  1.157850941 -1.1176704447 1.6391813 0
 199 4187 3761 4 M  0.902662396 -0.2840102390 1.4274296 0
 200 4187 3761 4 M  1.525609735  0.4174038979 1.3028578 0
 201 3667 3784 4 M  2.226616652  0.2872384486 1.5478207 0
 202 3667 3784 4 F  2.321069337  1.2959552513 1.2718164 0
 203 3667 3784 4 M  1.323804121 -0.4036855214 1.4413799 0
 204 3667 3784 4 M  1.910299564  0.7476823596 1.3650258 0
 205 3667 3784 4 F  1.705916452 -0.0021893716 1.4626713 0
 206 3667 3612 4 M  2.896804422  0.1321802362 1.7547019 0
 207 3667 3612 4 M  2.211841984 -0.6581189770 1.7676832 0
 208 3667 3612 4 F  2.410797092 -0.3278243804 1.6447564 0
 209 3667 3612 4 F  3.727102787  0.5151323653 1.9481750 0
 210 3667 3612 4 F  3.827633564  0.6667472787 1.7975301 0
 211 4026 3986 4 F  0.712197308 -0.4581587886 1.6210499 0
 212 4026 3986 4 M  1.177174996  0.1508044206 1.4167366 0
 213 4026 3986 4 F  0.510206483 -1.3489376418 1.6573251 0
 214 4026 3986 4 F  1.783781915  0.5994464171 1.4491538 0
 215 4026 3986 4 F  1.846169533  0.0282529811 1.5794527 0
 216 4026 4188 4 M  0.358163221  0.7719738832 0.4689568 0
 217 4026 4188 4 M  0.728096207  1.0275498840 0.7893368 0
 218 4026 4188 4 F -0.270664422  0.0637836623 0.6005171 0
 219 4026 4188 4 F  0.119542318  0.2873043280 0.7510568 0
 220 4026 4188 4 F  0.162275745  0.4939645648 0.4853725 0
 221 3487 3915 4 M  0.925829613 -0.8663723567 1.6828160 0
 222 3487 3915 4 F  0.372620309 -1.0171769817 1.5229221 0
 223 3487 3915 4 F  3.119877822  0.3763930831 1.8085561 0
 224 3487 3915 4 M  3.674634125  1.7795993598 1.5995456 0
 225 3487 3915 4 M  2.889453333  1.0722662746 1.6971846 0
 226 3487 3495 4 M  3.710374796  0.8249376269 1.8943081 0
 227 3487 3495 4 M  3.566562480  0.2552003923 1.8998610 0
 228 3487 3495 4 M  4.137086079  0.9307890647 1.8422212 0
 229 3487 3495 4 M  2.231617342 -0.5027950287 1.8655935 0
 230 3487 3495 4 M  3.487989986  0.7057567020 1.7510248 0
 231 3974 3520 4 M  2.500630954  0.0746041700 1.6681419 0
 232 3974 3520 4 M  2.686275285  0.3160996308 1.6300616 0
 233 3974 3520 4 M  1.386549303  0.2721990786 1.3239230 0
 234 3974 3520 4 M  2.339821495 -0.0384299397 1.6754498 0
 235 3974 3520 4 F  1.184766452 -0.2648033898 1.3599553 0
 236 3974 3364 4 M  2.525077371  0.2719041618 1.5539742 0
 237 3974 3364 4 M  3.517831083  0.6333966347 1.7734270 0
 238 3974 3364 4 F  1.872733222 -0.4592698864 1.5494685 0
 239 3974 3364 4 F  4.360276980  1.9316761834 1.5788380 0
 240 3974 3364 4 F  2.329464360 -0.3028313756 1.6528119 0
 241 3796 3554 4 M  0.707920338 -0.8805502192 1.4780686 0
 242 3796 3554 4 F  1.337671225 -0.7437404951 1.5128413 0
 243 3796 3554 4 M  3.272034826  0.7539332835 1.6155741 0
 244 3796 3554 4 F  2.309694699 -0.4547545665 1.7732811 0
 245 3796 3554 4 M  2.602958186  0.1316074663 1.6723449 0
 246 3796 3805 4 F  2.552896527  0.4883816483 1.5439729 0
 247 3796 3805 4 M  1.262030463 -0.6726656420 1.3801510 0
 248 3796 3805 4 F  2.044847740 -0.9217537515 1.7252179 0
 249 3796 3805 4 M  2.052981699 -0.1727353322 1.5619186 0
 250 3796 3805 4 F  3.084022583  0.5541770161 1.7480674 0
 251 3435 3436 4 F  1.354951749 -0.3985213733 1.6066545 0
 252 3435 3436 4 F  2.263524313 -0.5159140398 1.8903108 0
 253 3435 3436 4 M  2.087729544 -0.4219755332 1.7380144 0
 254 3435 3436 4 M  3.026472879  0.8364377731 1.6998910 0
 255 3435 3436 4 M  0.802646433 -0.9116855050 1.5029337 0
 256 3435 3862 4 F -1.273584860 -0.7427854283 0.7013298 0
 257 3435 3862 4 M -0.970451294 -0.7242855025 0.7072389 0
 258 3435 3862 4 F  0.786536166  1.0033038356 0.8752407 0
 259 3435 3862 4 M -1.210218546 -0.8788172508 0.8673472 0
 260 3435 3862 4 M -0.815925098 -0.4962904612 0.7924180 0
 261 3655 3797 4 M  3.204564300  0.1734986402 1.9706000 0
 262 3655 3797 4 M  3.247951229 -0.2147004558 1.9974915 0
 263 3655 3797 4 M  3.621833844  0.6020546010 1.8344909 0
 264 3655 3797 4 M  3.015125791  0.1150100467 1.7940526 0
 265 3655 3797 4 M  1.906078567  0.0952002238 1.6278889 0
 266 3655 4264 4 F -0.336646573 -0.3347488663 1.0145067 0
 267 3655 4264 4 M -0.783090499 -0.9399110114 0.9688024 0
 268 3655 4264 4 M  0.470193743  0.5826878054 0.9264647 0
 269 3655 4264 4 F -0.758826260 -0.4903680820 0.8787105 0
 270 3655 4264 4 F  0.724098550  0.5249893773 1.0519280 0
 271 3490 4162 4 M  1.672200328 -0.7074536150 1.6300084 0
 272 3490 4162 4 F  1.279915236 -0.7053482093 1.5768874 0
 273 3490 4162 4 F  3.601794301  0.8236143880 2.0106295 0
 274 3490 4162 4 F  3.036690637  0.9103189483 1.8200372 0
 275 3490 4162 4 M  2.977499428  0.4432051867 1.8923653 0
 276 3490 3914 4 M  3.878671142  0.5185635252 1.9792512 0
 277 3490 3914 4 F  2.828319639  0.5060051930 1.7932929 0
 278 3490 3914 4 M  2.145602313 -0.0077710735 1.7670038 0
 279 3490 3914 4 F  3.283739192  0.2999470118 1.8961469 0
 280 3490 3914 4 F  4.871486979  1.6148859661 1.9259366 0
 281 4112 3525 4 F  2.245961573  0.9319620517 1.4201419 0
 282 4112 3525 4 F  1.982259683 -0.1090402354 1.6139545 0
 283 4112 3525 4 F  2.358742495  0.1010541584 1.6284174 0
 284 4112 3525 4 M  0.642415603 -0.5918820277 1.3722565 0
 285 4112 3525 4 F  3.741007013  1.2953668594 1.6837477 0
 286 4112 3391 4 M  2.239293468  0.8687898229 1.3645865 0
 287 4112 3391 4 M  0.607626330 -0.3657108035 1.2558619 0
 288 4112 3391 4 F  0.910079244 -0.3281359794 1.3843878 0
 289 4112 3391 4 F -0.038438706 -1.2915502017 1.3023620 0
 290 4112 3391 4 M  1.413792930 -0.0345341786 1.4057022 0
 291 3780 3426 4 M  1.463536981  0.4143191012 1.3525012 0
 292 3780 3426 4 M  3.062906884  0.9672600173 1.5626418 0
 293 3780 3426 4 M  3.491121593  1.2045513974 1.6792800 0
 294 3780 3426 4 F  1.312864854 -0.9085842746 1.6220370 0
 295 3780 3426 4 M -0.513963902 -1.6092286623 1.3699840 0
 296 3780 3423 4 F  1.782435396  0.2475017353 1.5168147 0
 297 3780 3423 4 M  1.820708825  0.2186738629 1.5355962 0
 298 3780 3423 4 M  2.221641648  0.9052983825 1.4223116 0
 299 3780 3423 4 F  0.587184905 -1.0686731459 1.5453546 0
 300 3780 3423 4 F  1.092363721 -0.3757496327 1.5119184 0
 301 3819 4036 4 M  0.982295483 -0.9900200880 1.7074526 0
 302 3819 4036 4 M  2.870632416  0.0887577566 1.8580057 0
 303 3819 4036 4 F  3.655697870  0.8516833258 1.9502201 0
 304 3819 4036 4 F  2.642022179  0.4300826474 1.8589837 0
 305 3819 4036 4 F  2.816826345 -0.1078089582 1.9123009 0
 306 3819 3471 4 F  3.610927204  0.5358350180 1.9037679 0
 307 3819 3471 4 F  2.510935381 -0.5917232284 2.0307408 0
 308 3819 3471 4 F  3.490904608  0.5139395216 1.9729952 0
 309 3819 3471 4 F  4.213107852  1.2012845372 1.9337729 0
 310 3819 3471 4 M  2.389599190 -0.6829059032 1.9996800 0
 311 3524 4296 4 F  4.432856145  1.4043684035 1.8903257 0
 312 3524 4296 4 F  1.978403931 -0.5360496163 1.7215957 0
 313 3524 4296 4 M  2.657468425  1.5330192853 1.4336364 0
 314 3524 4296 4 F  2.077548430 -0.4321210442 1.6319973 0
 315 3524 4296 4 M  2.355666166 -0.4169161040 1.8038712 0
 316 3524 3860 4 M  2.945178264  0.4719888089 1.6889105 0
 317 3524 3860 4 F  1.888958734  0.3620944895 1.5367405 0
 318 3524 3860 4 M  2.030393856  0.1215978177 1.5823497 0
 319 3524 3860 4 F  1.441842439  0.4632696002 1.2947370 0
 320 3524 3860 4 M  0.882210242 -1.1631043116 1.6189553 0
 321 3303 4067 4 M  3.222878400  0.8070138533 1.7604420 0
 322 3303 4067 4 F  1.720869264 -1.4693527206 1.9275559 0
 323 3303 4067 4 M  3.665524997  1.2480587133 1.7996269 0
 324 3303 4067 4 F  0.819187920 -0.8263897825 1.5998320 0
 325 3303 4067 4 M  2.724482194  0.1829560983 1.7129650 0
 326 3303 3989 4 F  2.476431414 -0.7350230613 1.8930850 0
 327 3303 3989 4 F  2.494727847  0.1597065676 1.6261046 0
 328 3303 3989 4 M  2.642693737 -0.8451672120 2.0134497 0
 329 3303 3989 4 F  1.697647956 -0.9600523614 1.7992475 0
 330 3303 3989 4 F  2.221247850 -0.4040665034 1.8368243 0
 331 3450 3392 4 M  2.341251733 -0.9645065341 2.1082825 0
 332 3450 3392 4 M  4.380275634  1.0949267853 1.9316921 0
 333 3450 3392 4 M  3.005065831 -0.3855675483 1.9547354 0
 334 3450 3392 4 M  4.028775162  0.6545951651 2.1493469 0
 335 3450 3392 4 F  2.990008368 -0.1762695282 1.9309033 0
 336 3450 3857 4 M  2.435827288 -0.0180606254 1.8955612 0
 337 3450 3857 4 M  2.274375487  0.5703055284 1.6231240 0
 338 3450 3857 4 M  2.645282790 -0.3885396984 2.1018438 0
 339 3450 3857 4 F  2.448778837 -0.7412323324 1.9755482 0
 340 3450 3857 4 F  3.048090669  0.0759494714 1.9471747 0
 341 3441 4187 4 F -1.205846737 -0.3488989390 0.6723433 0
 342 3441 4187 4 M -1.536860912 -0.7701228171 0.4834381 0
 343 3441 4187 4 M -1.885314239 -1.1738812962 0.6784039 0
 344 3441 4187 4 M -0.884602264  0.2265554849 0.4306117 0
 345 3441 4187 4 M  0.185268275  1.0310129962 0.3515671 0
 346 3441 3636 4 F  1.233892822  0.4780338735 1.2644442 0
 347 3441 3636 4 M  1.507480345 -0.5594787018 1.6876693 0
 348 3441 3636 4 F  2.493800672  0.1326150441 1.5857893 0
 349 3441 3636 4 M  2.415471281 -0.4899175484 1.7687582 0
 350 3441 3636 4 M  2.244591644  0.0603256312 1.5918929 0
 351 3421 3676 4 F  0.447677385 -2.0189585774 1.7234209 0
 352 3421 3676 4 F  2.831947704  0.5626265051 1.6007519 0
 353 3421 3676 4 M  2.129999714 -0.5434821702 1.7447651 0
 354 3421 3676 4 M  2.565944716  0.1007324205 1.8001808 0
 355 3421 3676 4 M  2.445071855  0.2208117086 1.6728468 0
 356 3421 3309 4 F  0.588196833 -1.1717716934 1.5956105 0
 357 3421 3309 4 M  0.974534340  0.1843583414 1.2351729 0
 358 3421 3309 4 F  2.624559127  0.7981614096 1.5775870 0
 359 3421 3309 4 F  2.277930672 -0.2325652587 1.6515256 0
 360 3421 3309 4 M  1.802039869  0.5344814456 1.3653001 0
 361 3948 3483 4 M  1.329639562  0.0775932359 1.3786338 0
 362 3948 3483 4 M  0.379643701 -0.9808726930 1.3408591 0
 363 3948 3483 4 F  0.691612384 -0.0545282659 1.3437534 0
 364 3948 3483 4 M  0.490908408 -0.3342541990 1.1311453 0
 365 3948 3483 4 M  1.063633353 -1.0165000254 1.4305260 0
 366 3948 4089 4 M  2.186234290 -0.4211272709 1.6693553 0
 367 3948 4089 4 M  3.662537279  0.9885992450 1.6695866 0
 368 3948 4089 4 F  2.986159132  0.4739952653 1.7613685 0
 369 3948 4089 4 M  2.698835896  0.0643262135 1.5589715 0
 370 3948 4089 4 F  1.462821657 -1.1955131405 1.6135534 0
 371 3629 4300 4 F  4.320248121  1.2755534070 1.9964522 0
 372 3629 4300 4 M  4.170847873  0.6970385593 2.0526272 0
 373 3629 4300 4 F  4.286674165  1.4614986238 1.9797551 0
 374 3629 4300 4 M  3.785523183  0.5506218040 1.9285829 0
 375 3629 4300 4 F  1.296251356 -1.3233390485 1.9351137 0
 376 3629 4080 4 M  1.803534416 -0.3702054069 1.6344295 0
 377 3629 4080 4 F  1.426922956 -0.5171865826 1.5953021 0
 378 3629 4080 4 F  2.018290621 -0.4118598489 1.7248837 0
 379 3629 4080 4 M  1.825624093 -0.0865619286 1.6650441 0
 380 3629 4080 4 F  2.049731876  0.4011803413 1.5106596 0
 381 4124 3910 4 M  3.278146307  1.1312596722 1.6912508 0
 382 4124 3910 4 F  2.271324470  0.0201484570 1.7231193 0
 383 4124 3910 4 M  2.654634791  0.8438172178 1.4851887 0
 384 4124 3910 4 M  2.854988796 -0.1600401349 1.9253574 0
 385 4124 3910 4 M  2.796593096  0.7529851953 1.6102811 0
 386 4124 3434 4 F  1.506714739 -0.1860476114 1.6124775 0
 387 4124 3434 4 M  3.209440955  1.1495444788 1.6591773 0
 388 4124 3434 4 M  1.783007177  0.1757011758 1.4629883 0
 389 4124 3434 4 F  1.566261949 -0.1307565235 1.5552101 0
 390 4124 3434 4 M  1.488736419 -0.0445515800 1.4119094 0
 391 3689 3865 4 F  1.968241688 -0.4452918528 1.5466412 0
 392 3689 3865 4 M  3.092896345  0.7162689476 1.5640039 0
 393 3689 3865 4 F  1.966241889 -0.4877464414 1.6288013 0
 394 3689 3865 4 M  1.682478353 -1.0817055993 1.7294349 0
 395 3689 3865 4 F  1.914383297 -0.7079397193 1.6783450 0
 396 3689 4293 4 M  3.231551048  1.4577396475 1.4856654 0
 397 3689 4293 4 M  2.563354775  0.1742684706 1.7631660 0
 398 3689 4293 4 F  2.364363031  0.0437513144 1.7419718 0
 399 3689 4293 4 M  4.286811453  1.7390249292 1.8534313 0
 400 3689 4293 4 F  1.177545424 -1.3708446722 1.6520346 0
 401 3340 4259 4 F  2.039317283 -0.4667121604 1.8441187 0
 402 3340 4259 4 F  3.180265789 -0.2941760763 2.0062613 0
 403 3340 4259 4 M  1.793067303 -0.6543222327 1.8233251 0
 404 3340 4259 4 M  2.779290096  0.1929423419 1.8548109 0
 405 3340 4259 4 F  2.882379797 -0.2075276285 1.8263844 0
 406 3340 3503 4 M  1.924489589 -0.0672364887 1.6541660 0
 407 3340 3503 4 M  1.640941432 -0.1779898067 1.6213079 0
 408 3340 3503 4 F  3.611583293  1.5757795876 1.6194019 0
 409 3340 3503 4 F  2.484773281 -0.4343325518 1.8427053 0
 410 3340 3503 4 F  2.777101875  0.6354441898 1.6631537 0
 411 3727 4104 4 M  3.054011068  0.7777028320 1.6021618 0
 412 3727 4104 4 M  0.763730333 -1.0725033919 1.5428512 0
 413 3727 4104 4 M  2.846008910  0.3197607863 1.7086871 0
 414 3727 4104 4 M  3.452544826  0.9917705192 1.6405920 0
 415 3727 4104 4 F  2.510016396  0.2016569799 1.7348847 0
 416 3727 4249 4 M  0.038959563 -1.3138826907 1.3681582 0
 417 3727 4249 4 F  2.314081281  0.3343694867 1.5584948 0
 418 3727 4249 4 M  1.579506640 -0.4766368218 1.5927558 0
 419 3727 4249 4 M  2.291598283  0.8013337079 1.3969946 0
 420 3727 4249 4 F  2.543493202  1.1913666573 1.3368462 0
 421 3723 3394 4 F  2.962296295  0.6411921921 1.7494548 0
 422 3723 3394 4 F  1.046410304 -1.3966018229 1.7984625 0
 423 3723 3394 4 F  3.101529439  0.7307568941 1.6110727 0
 424 3723 3394 4 M  3.118758771  0.3132038953 1.7803292 0
 425 3723 3394 4 M  2.722328962 -0.0185253868 1.7516908 0
 426 3723 3339 4 M  1.211023416 -0.8219994366 1.7552982 0
 427 3723 3339 4 M  1.754422458 -0.5100930738 1.7123632 0
 428 3723 3339 4 M  1.139791456 -0.6141851163 1.4528891 0
 429 3723 3339 4 F  2.335897075 -0.2804833702 1.7449371 0
 430 3723 3339 4 F  2.148045732  0.6176619998 1.4147717 0
 431 3431 3868 4 M  3.166632369  0.2472945168 1.7324828 0
 432 3431 3868 4 F  2.523098425  0.0560886051 1.7232849 0
 433 3431 3868 4 M  3.674865114  1.5678714904 1.5479832 0
 434 3431 3868 4 M  3.533253732  1.3754949198 1.6174973 0
 435 3431 3868 4 M  2.964034308  0.1809350987 1.7219179 0
 436 3431 3548 4 F  3.084897015  0.8788174415 1.6525140 0
 437 3431 3548 4 F  0.348505326 -0.3791973378 1.3010545 0
 438 3431 3548 4 F  0.831972018  0.1437727757 1.2719285 0
 439 3431 3548 4 M  1.271596405 -0.3060808663 1.3990356 0
 440 3431 3548 4 M  2.090976917 -0.5364781125 1.6964793 0
 441 3847 3347 4 F  1.623848986 -0.8571577125 1.6775201 0
 442 3847 3347 4 F  2.560896960  0.0852558678 1.6632568 0
 443 3847 3347 4 M  1.618386494 -0.5441584784 1.6384659 0
 444 3847 3347 4 F  1.889673406 -0.0806132001 1.5096799 0
 445 3847 3347 4 M  3.921147920  1.3673079410 1.7476410 0
 446 3847 3506 4 F  1.281235847  0.6851329495 1.0866942 0
 447 3847 3506 4 M  0.208708028 -0.6710749382 1.1438179 0
 448 3847 3506 4 M  1.925032072  0.3412256849 1.3335781 0
 449 3847 3506 4 F  1.234209505 -0.1401268916 1.2962141 0
 450 3847 3506 4 F  1.569247961 -0.4486132969 1.4995026 0
 451 3683 4120 4 M  0.876413143 -1.4322281803 1.6986072 0
 452 3683 4120 4 M  3.189737568  0.7683928164 1.7487612 0
 453 3683 4120 4 M  3.192798311  1.0744663158 1.6856000 0
 454 3683 4120 4 M  2.765703392  0.6963482872 1.7356717 0
 455 3683 4120 4 M  2.251652374 -0.6258068515 1.8598403 0
 456 3683 4118 4 F  0.942298182 -0.8262109229 1.5877139 0
 457 3683 4118 4 F  2.070271387 -0.2526807481 1.8058328 0
 458 3683 4118 4 F  3.453910621  1.2851149065 1.6407753 0
 459 3683 4118 4 M  3.262704819  1.0455508737 1.6337271 0
 460 3683 4118 4 F  1.815423477 -0.5989868700 1.6705223 0
 461 3824 3856 4 F  1.726922983 -0.2957735149 1.5024407 0
 462 3824 3856 4 M  1.678456962  0.7092811277 1.2539261 0
 463 3824 3856 4 M  3.332726120  0.9465118596 1.6067556 0
 464 3824 3856 4 F  0.368097703 -0.5009565209 1.2968908 0
 465 3824 3856 4 F  0.728875332 -1.1977332295 1.5840271 0
 466 3824 4241 4 F  1.993853556 -0.0990224417 1.6127260 0
 467 3824 4241 4 M  2.494020348  0.3642736763 1.5615183 0
 468 3824 4241 4 M  2.498512989  0.1932609284 1.7107704 0
 469 3824 4241 4 M  1.443615934 -0.6662568209 1.6247428 0
 470 3824 4241 4 F  1.734071402 -0.5005807565 1.6147592 0
 471 3513 3615 4 M  1.812180626 -1.1455809425 1.8453260 0
 472 3513 3615 4 M  3.625089760  0.7090987949 1.7708201 0
 473 3513 3615 4 F  2.210588573 -0.4928290009 1.8465359 0
 474 3513 3615 4 M  3.190593758  0.7323879281 1.6439443 0
 475 3513 3615 4 M  3.732300854  0.6472331280 1.9333830 0
 476 3513 3736 4 M -0.191472295  0.1347420540 0.7313770 0
 477 3513 3736 4 F -1.228958000 -0.9493322619 0.8234412 0
 478 3513 3736 4 F  0.183173204  0.7208423743 0.7583774 0
 479 3513 3736 4 F -0.896502775  0.0350358195 0.5620828 0
 480 3513 3736 4 M -0.780211063 -0.2964948731 0.7850398 0
 481 4028 4058 4 M  0.103933261  0.5892220026 0.7197957 0
 482 4028 4058 4 M -0.215589570  0.7025273085 0.3937110 0
 483 4028 4058 4 M -0.281368429 -0.2444156390 0.6551535 0
 484 4028 4058 4 F -0.495580958 -0.0640324088 0.6996739 0
 485 4028 4058 4 M -0.718376471  0.3757553060 0.5446585 0
 486 4028 3534 4 M  2.284554788 -0.4396367504 1.7579637 0
 487 4028 3534 4 M  2.713416111  0.1797360184 1.8433987 0
 488 4028 3534 4 F  1.912190671 -0.0705893273 1.7336270 0
 489 4028 3534 4 F  1.829666878  0.1123092418 1.6677601 0
 490 4028 3534 4 M  2.139296524  0.6071364117 1.6280434 0
 491 4207 3330 4 F  1.342403991 -0.7228134421 1.5545640 0
 492 4207 3330 4 F  0.945174237 -0.5479811692 1.4887359 0
 493 4207 3330 4 F  1.665834767 -0.4773995926 1.5431746 0
 494 4207 3330 4 M  1.839087652 -0.2150779575 1.4690307 0
 495 4207 3330 4 F  2.542812688  0.1266238852 1.7067522 0
 496 4207 4073 4 F  0.769687754 -1.5981472482 1.6839204 0
 497 4207 4073 4 F  2.521524074  0.1215004093 1.6597847 0
 498 4207 4073 4 M  1.857233888 -0.1892988664 1.5254352 0
 499 4207 4073 4 M  2.039234909 -0.2625032247 1.6389453 0
 500 4207 4073 4 M  1.801749023 -0.3509272397 1.6190641 0
 501 3401 3674 4 M  1.308577779 -0.2934878986 1.4520504 0
 502 3401 3674 4 M  2.031161816 -0.4709621454 1.6448821 0
 503 3401 3674 4 M  2.090691625  0.2556015991 1.4214753 0
 504 3401 3674 4 F  2.658678986 -0.5150398759 2.0041223 0
 505 3401 3674 4 M  2.468012782  0.6273726013 1.4131223 0
 506 3401 3847 4 F -0.453767822 -0.2662912360 0.7047866 0
 507 3401 3847 4 F -0.580780051 -0.0748995223 0.6849509 0
 508 3401 3847 4 F -1.500408494 -0.6832563586 0.5612877 0
 509 3401 3847 4 M -0.513157515  0.0042479562 0.7690921 0
 510 3401 3847 4 F -0.711437785  0.0701239141 0.6642053 0
 511 3308 3514 4 M  1.578975960 -0.7707164469 1.8016003 0
 512 3308 3514 4 F  2.599262361  0.0093169006 1.8543996 0
 513 3308 3514 4 M  3.169623014  0.4724839258 1.7713046 0
 514 3308 3514 4 M  2.378010717 -0.8774936079 1.9242022 0
 515 3308 3514 4 M  3.144117136 -0.0029926475 1.8391871 0
 516 3308 3485 4 M  0.263100160 -1.7643770119 1.6191655 0
 517 3308 3485 4 F  4.068789759  1.3220849524 1.7844160 0
 518 3308 3485 4 F  2.080315010 -0.6460933114 1.7431833 0
 519 3308 3485 4 F  1.333237135 -0.7741341455 1.6479120 0
 520 3308 3485 4 F  1.940730751  0.1250267109 1.6341333 0
 521 3432 3978 4 M  2.471511174  0.8269081231 1.4445300 0
 522 3432 3978 4 F  1.786673605 -0.2239760435 1.4677809 0
 523 3432 3978 4 F  1.979833366  0.1954769076 1.5353366 0
 524 3432 3978 4 F  3.085875366  1.8140933993 1.4264345 0
 525 3432 3978 4 M -0.134388550 -1.0353519356 1.3889374 0
 526 3432 4154 4 M  1.040519256 -1.5357679765 1.7172388 0
 527 3432 4154 4 M  1.220670414 -0.5699891607 1.4368490 0
 528 3432 4154 4 M  2.574253403  0.7164299477 1.5071710 0
 529 3432 4154 4 M  2.643914448  0.2624507251 1.5969799 0
 530 3432 4154 4 F  2.046316499  0.6892232823 1.3979578 0
 531 4058 3368 4 M  1.095457516 -0.5242605353 1.5171017 0
 532 4058 3368 4 M  2.626668485 -0.5121676896 1.8745851 0
 533 4058 3368 4 M  3.000706798  1.0323656949 1.6184858 0
 534 4058 3368 4 M  1.620083087  0.0344990575 1.4261283 0
 535 4058 3368 4 F  2.839654447  0.2733099069 1.7244794 0
 536 4058 3719 4 F  0.880526751 -1.6684894324 1.7537909 0
 537 4058 3719 4 M  1.248344142 -1.0064068525 1.6391707 0
 538 4058 3719 4 F  2.694363988  0.5130380687 1.6978870 0
 539 4058 3719 4 M  3.088852733  0.9384593506 1.5900043 0
 540 4058 3719 4 F  1.429726625 -0.2327478305 1.4514601 0
 541 3869 4237 4 F  0.961206737 -0.2622261472 1.3269714 0
 542 3869 4237 4 F  1.499806071 -0.4184807870 1.5143521 0
 543 3869 4237 4 F  3.769459285  1.2517479564 1.6987296 0
 544 3869 4237 4 F  1.159695503 -0.1835121316 1.3950242 0
 545 3869 4237 4 F  2.352444078  1.1607568369 1.3101005 0
 546 3869 4117 4 F  2.610644542  0.9396752125 1.4824960 0
 547 3869 4117 4 F  2.186313557  0.4573924103 1.5200506 0
 548 3869 4117 4 M  3.048040052  0.6770043847 1.6596098 0
 549 3869 4117 4 F  0.299591122 -0.9335443094 1.4668707 0
 550 3869 4117 4 F  2.762636430  0.4803190987 1.7645000 0
 551 4196 3302 4 F  2.312996335 -0.2415711499 1.8605660 0
 552 4196 3302 4 F  2.095245762  0.8390157825 1.5111481 0
 553 4196 3302 4 M  1.328612649  0.1548199335 1.3944994 0
 554 4196 3302 4 F  2.183781386  0.3874931131 1.7195851 0
 555 4196 3302 4 M  0.877596423 -0.7428775593 1.5750213 0
 556 4196 3551 4 F -0.904312494 -0.6895449800 0.8781572 0
 557 4196 3551 4 F -0.193966726  0.3559488762 0.6215917 0
 558 4196 3551 4 F -0.342038747 -0.1240054357 0.8053771 0
 559 4196 3551 4 F -0.045282784  0.4077340699 0.7953660 0
 560 4196 3551 4 F -0.037169230  0.2266783344 0.6861767 0
 561 3724 3530 4 F  1.789124724 -0.3395528345 1.5212483 0
 562 3724 3530 4 F  0.975387064 -1.0687749824 1.6142362 0
 563 3724 3530 4 M  1.695456718 -0.6190614677 1.6493267 0
 564 3724 3530 4 F  0.933845229 -0.4074102760 1.3301441 0
 565 3724 3530 4 M  2.890726233  1.2045100704 1.5031519 0
 566 3724 3519 4 M  2.780024300  0.0288181406 1.7306197 0
 567 3724 3519 4 M  4.403130265  1.7520582050 1.6341562 0
 568 3724 3519 4 F  2.572906370 -0.0770338902 1.6612236 0
 569 3724 3519 4 F  1.044437120 -1.1453092409 1.5171371 0
 570 3724 3519 4 M  2.416275776 -0.2863390419 1.5726406 0
 571 3888 3677 4 M  3.565884467  0.4706826676 1.8141496 0
 572 3888 3677 4 F  2.530679466  0.5635611943 1.5669479 0
 573 3888 3677 4 M  0.931663841 -0.1702021047 1.3221449 0
 574 3888 3677 4 F  1.925756927  0.2357922486 1.4567561 0
 575 3888 3677 4 F  2.813503704  1.0347466296 1.4074945 0
 576 3888 3945 4 M  1.896441266 -0.5292956826 1.7232234 0
 577 3888 3945 4 F  2.665089281  0.6020305689 1.6920475 0
 578 3888 3945 4 M  4.022685690  1.6699696944 1.5738836 0
 579 3888 3945 4 F  2.173335301 -0.9506036143 1.8208198 0
 580 3888 3945 4 F  3.133522855  0.3555257490 1.7403616 0
 581 4270 3349 4 M  1.421769904  0.4213527145 1.2888484 0
 582 4270 3349 4 F  1.723027336  0.2634366507 1.4927524 0
 583 4270 3349 4 F  2.749743583 -0.4512285509 1.9217226 0
 584 4270 3349 4 M  1.272169352 -0.0996404886 1.4914005 0
 585 4270 3349 4 F  2.538684398 -0.2100809153 1.8184333 0
 586 4270 3529 4 F  2.042604162  0.1118048320 1.5898216 0
 587 4270 3529 4 M  3.653327815  0.5155682159 1.8577923 0
 588 4270 3529 4 F  3.037672143  0.3540111364 1.8228061 0
 589 4270 3529 4 F  1.691755268 -1.0884940238 1.8012954 0
 590 4270 3529 4 M  2.830592242  0.2246301164 1.8349221 0
 591 3960 3549 4 F  2.548716630  1.0700367178 1.3622301 0
 592 3960 3549 4 F  3.131216901  0.1184226583 1.7373229 0
 593 3960 3549 4 F  3.479827005  0.7704576032 1.6782511 0
 594 3960 3549 4 M  1.512399528 -0.8339535793 1.6696227 0
 595 3960 3549 4 F  2.396487741 -0.2179296405 1.6218297 0
 596 3960 4210 4 F  0.661209476 -0.7069695853 1.3645636 0
 597 3960 4210 4 F  1.289067667 -0.4224824583 1.5272679 0
 598 3960 4210 4 F  1.261445089 -0.2175481015 1.3996037 0
 599 3960 4210 4 M  1.667976216 -0.1906581556 1.5093937 0
 600 3960 4210 4 F  2.842278011  0.8616107783 1.5314643 0
 601 4271 3550 4 F  3.076686753 -0.2782314735 2.0424862 0
 602 4271 3550 4 M  1.894808923 -0.7396309411 1.7804623 0
 603 4271 3550 4 M  2.658218921  0.1053517100 1.8513904 0
 604 4271 3550 4 M  3.152575377  0.8899828020 1.6519786 0
 605 4271 3550 4 M  1.857879610 -0.1731856582 1.5914458 0
 606 4271 4181 4 F  2.847211240  0.5928468164 1.6291473 0
 607 4271 4181 4 F  1.789291833 -0.7399822711 1.8463584 0
 608 4271 4181 4 M  2.503261009 -0.1955990473 1.7396898 0
 609 4271 4181 4 M  1.347860476 -1.2469321287 1.7423377 0
 610 4271 4181 4 F  2.694444464 -0.3458041699 1.7765290 0
 611 3533 3926 4 M  2.019056608 -0.7994732318 1.8758542 0
 612 3533 3926 4 M  4.249744467  0.8790542182 1.9441835 0
 613 3533 3926 4 M  2.243569771 -0.4354751596 1.8194762 0
 614 3533 3926 4 M  2.744872274 -0.8407868546 1.9986864 0
 615 3533 3926 4 F  3.714257042  1.0830196231 1.7738599 0
 616 3533 3961 4 M  2.291953327  0.2839402788 1.6061228 0
 617 3533 3961 4 F  4.043023437  1.3655565805 1.9430458 0
 618 3533 3961 4 F  2.030213525  0.0136465025 1.5707777 0
 619 3533 3961 4 M  1.464520376 -0.6897423579 1.8608058 0
 620 3533 3961 4 F  3.346720221  1.3897054746 1.5919639 0
 621 4273 4078 4 M  1.558214651 -0.1950437754 1.6721508 0
 622 4273 4078 4 F  2.444612653  1.3693707550 1.4885800 0
 623 4273 4078 4 M  2.911634752  0.5388501409 1.5984375 0
 624 4273 4078 4 M  2.207853775  0.3140102774 1.5824855 0
 625 4273 4078 4 F  1.603899634  0.2362653076 1.4895521 0
 626 4273 3769 4 F  2.705932519  0.6707796653 1.4996483 0
 627 4273 3769 4 M  2.995290044  0.4693897573 1.8384694 0
 628 4273 3769 4 F  1.661868114  0.4515267825 1.3397060 0
 629 4273 3769 4 M  3.341480008  0.8484678963 1.6802479 0
 630 4273 3769 4 M -0.275815730 -1.1537025105 1.3846566 0
 631 3486 3848 4 F  1.944237441 -0.6520210131 1.6520907 0
 632 3486 3848 4 M  1.480700954 -0.3767872309 1.5962546 0
 633 3486 3848 4 M  3.054850044 -0.3407467620 1.8495265 0
 634 3486 3848 4 M  2.669416898  0.4017588071 1.6784082 0
 635 3486 3848 4 M  2.102662605  0.3700071660 1.6481663 0
 636 3486 3905 4 F  1.678128547  0.0548890379 1.5692540 0
 637 3486 3905 4 M  0.946563796 -0.2405051926 1.5289774 0
 638 3486 3905 4 M  1.167534904  0.2785103650 1.2559331 0
 639 3486 3905 4 M  0.868538167 -1.2417671922 1.6601268 0
 640 3486 3905 4 F  2.135591348  0.7269273285 1.7296755 0
 641 3404 3768 4 M  0.573463461 -0.5211210137 1.3822995 0
 642 3404 3768 4 F  2.799429138  0.2879192664 1.8304343 0
 643 3404 3768 4 M  0.170530414 -1.2823379548 1.4680456 0
 644 3404 3768 4 M  1.800831553  0.2658500173 1.4701433 0
 645 3404 3768 4 M  2.926641984  0.3025174242 1.6105352 0
 646 3404 3822 4 M  2.653328797  0.3955595523 1.7335434 0
 647 3404 3822 4 F  3.165754725  0.1752476212 1.7791915 0
 648 3404 3822 4 M  2.632460683  0.4050563171 1.6485475 0
 649 3404 3822 4 M  1.911106071 -0.7876390611 1.7800506 0
 650 3404 3822 4 M  3.155906466  0.5005622691 1.7744839 0
 651 4027 3600 4 F  2.884189243  0.0934546618 1.7500059 0
 652 4027 3600 4 M  1.617093272 -0.3098543558 1.5161955 0
 653 4027 3600 4 M  0.634086671 -0.7801161113 1.5748968 0
 654 4027 3600 4 F  0.879620210 -0.5021375949 1.3381907 0
 655 4027 3600 4 F  2.121012852 -0.3855353542 1.6724281 0
 656 4027 3911 4 M  3.419004938  1.1551029815 1.6249122 0
 657 4027 3911 4 M  2.407805144  0.0880380278 1.7264123 0
 658 4027 3911 4 M  2.208379816 -0.2437322947 1.6255753 0
 659 4027 3911 4 M  1.987427790 -0.6280453997 1.7602107 0
 660 4027 3911 4 F  1.916092759 -1.0178914236 1.7876655 0
 661 3813 3512 4 M  3.374725652 -0.0187867065 1.9181245 0
 662 3813 3512 4 M  1.897860195 -1.0180753872 1.7594944 0
 663 3813 3512 4 F  1.396684857 -1.0640734926 1.6244904 0
 664 3813 3512 4 M  1.446931592 -0.7572308718 1.5233703 0
 665 3813 3512 4 M  2.974933460  0.3310227992 1.6154464 0
 666 3813 4082 4 M  2.016044990 -0.6203596527 1.8868533 0
 667 3813 4082 4 M  3.871911487  0.7136124887 1.9910944 0
 668 3813 4082 4 F  2.076494597 -0.4066203902 1.6819787 0
 669 3813 4082 4 M  2.326614616 -0.3111850980 1.8089723 0
 670 3813 4082 4 M  2.935343686  0.0322657472 1.8261827 0
 671 3670 3844 4 M  1.822140825  0.8840518735 1.3419542 0
 672 3670 3844 4 M  2.910490817 -0.1624141961 1.8949362 0
 673 3670 3844 4 F  0.673880507 -0.7266998618 1.4781270 0
 674 3670 3844 4 M  1.719737975 -0.0165144919 1.5436394 0
 675 3670 3844 4 M  2.676696653  1.1472608435 1.4422074 0
 676 3670 4179 4 F  1.990715755  0.0639477939 1.4493439 0
 677 3670 4179 4 M  3.217663050  1.3195520645 1.5220028 0
 678 3670 4179 4 M  2.075648645  0.6255427927 1.4686996 0
 679 3670 4179 4 F  2.305101265  0.4133502453 1.5766472 0
 680 3670 4179 4 F  0.582081350 -1.1178653786 1.5094531 0
 681 3688 3660 4 F  1.180094300 -0.6669740554 1.6906945 0
 682 3688 3660 4 M  1.738584516 -0.8503129379 1.8802889 0
 683 3688 3660 4 F  1.519181254 -0.6188495433 1.6486671 0
 684 3688 3660 4 F  2.150974714 -0.3658147779 1.6795160 0
 685 3688 3660 4 M  2.038792621 -0.1475081557 1.6158739 0
 686 3688 3452 4 M  1.779804360  0.3267245876 1.4746562 0
 687 3688 3452 4 F  3.186934411  0.0553671957 1.9795950 0
 688 3688 3452 4 M  1.222518722  0.0962699971 1.3797730 0
 689 3688 3452 4 M  0.405667466 -0.0262631218 1.0465909 0
 690 3688 3452 4 M  1.651767778 -0.9188109648 1.6326103 0
 691 3385 4286 4 F  1.120125543 -0.3533617677 1.5768142 0
 692 3385 4286 4 M  2.276564154  0.3257222928 1.6576772 0
 693 3385 4286 4 M  2.476862981  0.1090062900 1.6475723 0
 694 3385 4286 4 F  2.860709468 -0.1321211296 1.8165497 0
 695 3385 4286 4 M  2.887610173  0.9298086299 1.6269577 0
 696 3385 4275 4 M  3.377729191  0.1432005215 1.9949761 0
 697 3385 4275 4 M  1.955693734 -0.0198167711 1.6028450 0
 698 3385 4275 4 M  3.199786095  0.1539723875 1.9026650 0
 699 3385 4275 4 F  3.659680680  0.6277338584 1.8952005 0
 700 3385 4275 4 M  1.092373681 -1.0073344921 1.6763885 0
 701 3637 4037 4 F  1.953479109 -1.2452236872 1.8637759 0
 702 3637 4037 4 M  3.545914929  0.7875559793 1.8191755 0
 703 3637 4037 4 F  0.848758422 -0.8733299944 1.6271119 0
 704 3637 4037 4 M  3.451422546  0.7628066703 1.7304122 0
 705 3637 4037 4 M  1.957941994 -0.9573209945 1.8409222 0
 706 3637 3366 4 M  3.799080405  0.8139929352 1.8607910 0
 707 3637 3366 4 M  1.209636613 -1.8783945076 2.0314892 0
 708 3637 3366 4 F  3.302802281  0.6850955723 1.7823275 0
 709 3637 3366 4 M  1.300921587 -1.9236468007 1.9143221 0
 710 3637 3366 4 M  2.362304574 -0.8367218627 2.0040991 0
 711 4163 3740 4 F  0.796215680 -1.0043060419 1.4877749 0
 712 4163 3740 4 F  2.820284490  0.7271830948 1.5515572 0
 713 4163 3740 4 F  1.503892029 -0.0062909647 1.4811082 0
 714 4163 3740 4 F  1.155308996 -0.5961869981 1.4985079 0
 715 4163 3740 4 M  0.808208000 -1.2884405239 1.5845029 0
 716 4163 4054 4 M  1.609456466  1.0287656307 1.2712216 0
 717 4163 4054 4 M  2.692822042  0.9672747147 1.6531023 0
 718 4163 4054 4 M  2.730693524  0.2130473514 1.7279770 0
 719 4163 4054 4 F  2.519369412  0.9222070586 1.4981743 0
 720 4163 4054 4 F  2.682702820 -0.2156252715 1.8051407 0
 721 3862 3350 4 F  2.750229045  0.3881474250 1.7316423 0
 722 3862 3350 4 M  1.421839274 -0.1466503694 1.4796445 0
 723 3862 3350 4 F  3.150874046  1.0437338635 1.6588634 0
 724 3862 3350 4 M  1.940931172  0.0225878602 1.5325672 0
 725 3862 3350 4 F  3.042691461  0.7376449609 1.7187191 0
 726 3862 3733 4 F  1.215490307  0.2235778311 1.3149830 0
 727 3862 3733 4 M  2.664805776  0.8600500430 1.3890878 0
 728 3862 3733 4 F  1.226717463 -1.3575907039 1.7554023 0
 729 3862 3733 4 M  1.605334927 -0.1063412590 1.4999007 0
 730 3862 3733 4 F  1.991486315 -0.1967877043 1.6296583 0
 731 3971 3577 4 F  2.636594581  0.2811606941 1.5924955 0
 732 3971 3577 4 F  0.509654142 -1.4722638934 1.6109748 0
 733 3971 3577 4 F  2.176712068  0.0577929283 1.6110278 0
 734 3971 3577 4 M  2.751722537 -0.0871438783 1.8805751 0
 735 3971 3577 4 M  1.897439804 -0.2981021528 1.6364044 0
 736 3971 3850 4 F  3.127609653 -0.1332549088 1.9457943 0
 737 3971 3850 4 F  3.221390442  0.1069046148 1.9943845 0
 738 3971 3850 4 F  2.812648981  0.5292315923 1.7202715 0
 739 3971 3850 4 M  2.021769808 -0.5810726776 1.8178250 0
 740 3971 3850 4 M  1.975089524 -0.5086935337 1.7817434 0
 741 3535 4129 4 F  2.523189557  1.0407504644 1.3838571 0
 742 3535 4129 4 F  1.609815562  0.2573893503 1.3711545 0
 743 3535 4129 4 M -0.731073802 -1.4587756340 1.1806094 0
 744 3535 4129 4 F  2.879560149  1.4036288964 1.5128626 0
 745 3535 4129 4 F  0.658191579 -0.2776397845 1.4446252 0
 746 3535 3639 4 F  1.456923924 -0.0050881034 1.4271329 0
 747 3535 3639 4 F  2.120307065 -0.3740684940 1.8330539 0
 748 3535 3639 4 F  1.302774632 -0.7043472306 1.7051784 0
 749 3535 3639 4 F  2.245132578 -0.6417155624 1.8693365 0
 750 3535 3639 4 M  0.201341968 -0.9651853990 1.3547866 0
 751 3859 4130 4 M  1.331935966 -0.1351128696 1.2640608 0
 752 3859 4130 4 F  0.989694274 -1.0529330401 1.7210029 0
 753 3859 4130 4 M  1.490476394 -0.3928280972 1.5492468 0
 754 3859 4130 4 M  1.690417810  0.1875363632 1.3559077 0
 755 3859 4130 4 F  1.158085753 -0.2180500363 1.2632748 0
 756 3859 4049 4 F  2.458451164  0.1554057484 1.6378504 0
 757 3859 4049 4 M  1.098197509 -0.6571019445 1.7867271 0
 758 3859 4049 4 M  1.422644083 -0.6059306542 1.7552808 0
 759 3859 4049 4 F  1.799399907  0.8984056710 1.2074074 0
 760 3859 4049 4 M  0.210195928 -1.0879141787 1.5970650 0
 761 4197 3332 4 M  3.158881762  1.2353641329 1.6803652 0
 762 4197 3332 4 F  1.984259460 -0.2242942306 1.7315624 0
 763 4197 3332 4 F  3.821511860  1.1051384240 1.7904120 0
 764 4197 3332 4 F  2.784729991  0.9145245600 1.5883573 0
 765 4197 3332 4 F  2.432243992  0.0553902718 1.7950335 0
 766 4197 3770 4 M  0.953988429 -0.2437713340 1.3325473 0
 767 4197 3770 4 M  2.224561332  0.7427308630 1.4037292 0
 768 4197 3770 4 F  2.726927652  0.4944376389 1.6561063 0
 769 4197 3770 4 F  2.928618021  0.1879182463 1.8100147 0
 770 4197 3770 4 M  1.278741606 -0.3679968942 1.4808900 0
 771 3551 3789 4 M  3.415544750  1.0000859678 1.5640881 0
 772 3551 3789 4 F  0.867383857 -0.4947195315 1.3806324 0
 773 3551 3789 4 F  2.096824116 -0.0174094650 1.5523069 0
 774 3551 3789 4 F  2.742999498  0.1357952592 1.7870630 0
 775 3551 3789 4 F  1.481344476 -0.1548263913 1.4367228 0
 776 3551 3824 4 M -1.188827264 -0.5460251124 0.5228900 0
 777 3551 3824 4 M -0.741961958 -0.2332660077 0.8233598 0
 778 3551 3824 4 M  0.041600400  1.0928048817 0.6093781 0
 779 3551 3824 4 F -1.039539701 -0.4025066458 0.5822524 0
 780 3551 3824 4 M -1.762564122 -1.1346830320 0.5319329 0
 781 4264 4263 4 F  2.562374428  0.3497794199 1.7287017 0
 782 4264 4263 4 F  3.520840104  0.9272506318 1.8010104 0
 783 4264 4263 4 M  2.644804019 -0.1777451579 1.8740127 0
 784 4264 4263 4 M  2.176197805 -0.1788282472 1.6878225 0
 785 4264 4263 4 F  2.011764015 -0.6819813543 1.8214488 0
 786 4264 3983 4 M  3.357779533  1.0918965733 1.7726334 0
 787 4264 3983 4 F  3.041241634  0.1652556130 1.9842740 0
 788 4264 3983 4 M  3.518361796  0.4086062805 1.8072385 0
 789 4264 3983 4 M  2.666384198 -0.1623415500 1.8424016 0
 790 4264 3983 4 M  3.921422746  0.7472181765 1.8700200 0
 791 4209 4195 4 M  1.063455846 -0.1695260677 1.3808732 0
 792 4209 4195 4 F  1.578385920  0.2909782894 1.4098437 0
 793 4209 4195 4 F  1.402810630  0.0566609399 1.4085829 0
 794 4209 4195 4 F  1.635143839  0.0133867182 1.3860527 0
 795 4209 4195 4 F  1.230426948 -0.4287662855 1.3370109 0
 796 4209 3509 4 F  3.603081280  0.7441765282 1.7646237 0
 797 4209 3509 4 M  0.663896471 -0.7151047836 1.3057266 0
 798 4209 3509 4 F  3.453039955  0.8071843734 1.6737702 0
 799 4209 3509 4 M  1.108736449 -0.1901117067 1.3259726 0
 800 4209 3509 4 F  3.316687069  0.4108011843 1.7074378 0
 801 4222 3352 4 M  1.412296235  0.1595625325 1.4467769 0
 802 4222 3352 4 M  3.209008816  1.6585707726 1.4464265 0
 803 4222 3352 4 M -0.584652985 -1.4552119888 1.2167148 0
 804 4222 3352 4 F  2.407306119  0.9295165106 1.3748046 0
 805 4222 3352 4 M  2.260589970  1.0431860922 1.4656111 0
 806 4222 3866 4 F  1.422760456 -0.3719906822 1.5630020 0
 807 4222 3866 4 M  1.087914469 -0.8913338528 1.5178308 0
 808 4222 3866 4 F  2.600765351  0.4716783802 1.5830388 0
 809 4222 3866 4 F  1.231762392 -0.4830068229 1.3889507 0
 810 4222 3866 4 F  2.808746119  0.2193281628 1.6743851 0
 811 4021 3874 4 M  1.114909255 -0.5407780335 1.4142989 0
 812 4021 3874 4 M  2.075479830  0.1075218024 1.5189157 0
 813 4021 3874 4 F  1.343132950 -0.1562695275 1.3793282 0
 814 4021 3874 4 F  2.376738531  0.3496850036 1.5594438 0
 815 4021 3874 4 F  2.658507166  0.6298406833 1.6408260 0
 816 4021 3441 4 M -1.852937265 -0.8551241341 0.4905959 0
 817 4021 3441 4 M -1.095180994 -0.3581708624 0.7148766 0
 818 4021 3441 4 M -0.630192599  0.1415992131 0.7495060 0
 819 4021 3441 4 F -1.506046826 -0.7744217608 0.4609506 0
 820 4021 3441 4 F -0.676781086  0.6211805513 0.3220633 0
 821 3491 4244 4 F  1.700098091  0.1261972569 1.4753775 0
 822 3491 4244 4 F  2.694696669  0.1058377882 1.6925259 0
 823 3491 4244 4 M  1.456256183 -0.4961100643 1.5111282 0
 824 3491 4244 4 F  1.460853593 -1.3397393635 1.7509060 0
 825 3491 4244 4 M  1.071815018 -0.6642570520 1.4237023 0
 826 3491 3722 4 M  1.935311798  0.0663126119 1.7235414 0
 827 3491 3722 4 M  2.332397230 -0.4192203704 1.8746306 0
 828 3491 3722 4 M  0.256379816 -1.2415370326 1.4709287 0
 829 3491 3722 4 M  1.445409663  0.1106984051 1.4664384 0
 830 3491 3722 4 F  1.004537714 -1.4948723760 1.7260188 0
 831 3736 3728 4 F  2.852114591  0.6702412424 1.6960826 0
 832 3736 3728 4 F  1.692231694  0.2056029957 1.4894316 0
 833 3736 3728 4 M  1.089155981 -0.5330767158 1.5476009 0
 834 3736 3728 4 M  1.345813444 -0.3250050393 1.4687421 0
 835 3736 3728 4 F  0.450137403 -0.5507036027 1.3283100 0
 836 3736 3597 4 M  1.378263821 -0.3695902190 1.5091805 0
 837 3736 3597 4 M  0.804511511 -1.0756747386 1.5584915 0
 838 3736 3597 4 F  2.168256255  0.6497309647 1.3881173 0
 839 3736 3597 4 M  1.176374813 -0.3585769010 1.4495115 0
 840 3736 3597 4 M  0.340873785 -1.9694584898 1.6988016 0
 841 4150 3544 4 F  2.061795300 -0.4651295165 1.8164361 0
 842 4150 3544 4 F  2.109811082 -0.3191466904 1.6250605 0
 843 4150 3544 4 M  1.834240680 -0.1184633962 1.6107337 0
 844 4150 3544 4 F  1.468357937  0.0826581684 1.5149730 0
 845 4150 3544 4 F  3.184694229  0.4222243142 1.7508133 0
 846 4150 4066 4 M  1.187963738  0.3432133681 1.1355022 0
 847 4150 4066 4 M  1.894426213  0.4290625289 1.3770120 0
 848 4150 4066 4 F  0.563958868 -1.1476072531 1.5096185 0
 849 4150 4066 4 M  1.204442699  0.0525116901 1.1679460 0
 850 4150 4066 4 F  0.674247518 -0.4070442129 1.2900908 0
 851 3755 4113 4 M  2.375686534 -0.0857611069 1.6324055 0
 852 3755 4113 4 F  0.008200159 -1.4936520434 1.4462541 0
 853 3755 4113 4 M  2.266820705  0.3859466417 1.5345732 0
 854 3755 4113 4 F  1.871090971 -1.0173793246 1.8374021 0
 855 3755 4113 4 M  2.393932904  0.6368082174 1.5572557 0
 856 3755 3653 4 M  3.055467430  0.2855770007 1.7424044 0
 857 3755 3653 4 F  2.652079204  0.3470014226 1.6317637 0
 858 3755 3653 4 F  0.952321088 -1.2930056855 1.5708447 0
 859 3755 3653 4 F  2.679725036  0.2252032401 1.6228291 0
 860 3755 3653 4 F  1.918630066 -0.7556723685 1.6460280 0
 861 4031 3702 4 M  2.489217064 -0.1315058995 1.7064104 0
 862 4031 3702 4 M  2.853187727  0.2880319571 1.7305155 0
 863 4031 3702 4 F  1.492175453 -0.5351028353 1.5844645 0
 864 4031 3702 4 F  2.425748428  0.1675402801 1.6440048 0
 865 4031 3702 4 F  2.832711048  0.3327045001 1.6691159 0
 866 4031 3683 4 M  0.528494615  1.3409867161 0.6342847 0
 867 4031 3683 4 M -1.178587801 -0.1308846445 0.5544287 0
 868 4031 3683 4 M -1.141254620 -0.2656589212 0.5749028 0
 869 4031 3683 4 M -1.110520249 -0.1395493367 0.5503922 0
 870 4031 3683 4 M -0.635623539  0.1300102818 0.6341820 0
 871 3382 4068 4 M  1.014058412 -0.7982345358 1.5332065 0
 872 3382 4068 4 M  3.374077951  0.4319277252 1.7743097 0
 873 3382 4068 4 M  1.578345457 -0.5661694815 1.5717267 0
 874 3382 4068 4 F  3.296577748  0.7394559819 1.7068661 0
 875 3382 4068 4 M  2.728900585  0.9437154173 1.5224431 0
 876 3382 3630 4 F  2.428007631  1.2659572919 1.3531185 0
 877 3382 3630 4 M  2.401034310  0.5118734522 1.5018418 0
 878 3382 3630 4 M  3.109194439 -0.1067212301 1.7893932 0
 879 3382 3630 4 M  2.765931978  0.8878241688 1.3945367 0
 880 3382 3630 4 F  1.878549424 -1.0224375893 1.9382738 0
 881 3399 4045 4 F -0.235230937 -1.4052217289 1.3291839 0
 882 3399 4045 4 M  1.137797484 -0.0089433364 1.3239270 0
 883 3399 4045 4 M  3.419917219  0.2342698431 1.8756424 0
 884 3399 4045 4 M  1.422439716  0.3769008445 1.3087764 0
 885 3399 4045 4 F  0.823716880 -0.0238428938 1.2335356 0
 886 3399 3760 4 F  4.019714879  1.8117353762 1.6456030 0
 887 3399 3760 4 F  2.541263493  0.5972017832 1.6139579 0
 888 3399 3760 4 M  1.860686371  0.2165456743 1.5354069 0
 889 3399 3760 4 F  1.585010357 -0.3929760949 1.5298235 0
 890 3399 3760 4 F  2.409583429  0.0360195503 1.7322116 0
 891 4240 4026 4 M -0.978752292  0.0383287369 0.3780252 0
 892 4240 4026 4 F -0.281428891  0.5247593323 0.4261984 0
 893 4240 4026 4 M  0.496527534  1.0649032131 0.5973352 0
 894 4240 4026 4 M -0.698586630 -0.3732822114 0.6253672 0
 895 4240 4026 4 M -0.733498476 -0.2156018553 0.5269940 0
 896 4240 3413 4 M  0.946013170 -0.1718624615 1.3404302 0
 897 4240 3413 4 F  1.446626605  0.1919905377 1.3528157 0
 898 4240 3413 4 F  0.922911370 -0.2241829842 1.4419769 0
 899 4240 3413 4 M  0.755508363 -0.5784296703 1.3927209 0
 900 4240 3413 4 F  0.671505047 -0.7646992261 1.4269775 0
 901 3361 3819 4 M -0.839497923 -0.7140917111 0.8216901 0
 902 3361 3819 4 M  0.352264090  0.3987730778 0.9187286 0
 903 3361 3819 4 F -0.503765493 -0.5669593866 0.9605205 0
 904 3361 3819 4 F -0.568623742 -0.4628095243 0.8627002 0
 905 3361 3819 4 F  0.209914117  0.1999629117 0.8877746 0
 906 3361 4027 4 F -0.486029035  0.1362008578 0.6558780 0
 907 3361 4027 4 M -0.774029277 -0.0966154830 0.7173894 0
 908 3361 4027 4 M -1.239636193 -0.5584266156 0.6612203 0
 909 3361 4027 4 M -1.277703808 -0.5311097241 0.5162670 0
 910 3361 4027 4 M -1.566161284 -1.1094762328 0.6587588 0
 911 3389 3991 4 M  0.623585251 -0.9426424284 1.5140574 0
 912 3389 3991 4 M  1.003441996 -0.2249264735 1.4706773 0
 913 3389 3991 4 M  2.364641514  0.7082608103 1.7148635 0
 914 3389 3991 4 F  1.570551467 -0.4814573157 1.5083986 0
 915 3389 3991 4 F  0.797477560 -0.5804405049 1.4098944 0
 916 3389 4282 4 F  3.035383456  0.0223355546 1.9365668 0
 917 3389 4282 4 F  2.739109409  0.6200843092 1.6372647 0
 918 3389 4282 4 F  2.050377049  0.0076395315 1.7344066 0
 919 3389 4282 4 F  2.538052137 -0.2916249656 1.9806180 0
 920 3389 4282 4 F  2.553324722 -0.3388832110 2.0035760 0
 921 4289 4149 4 F  1.559812668 -0.8853030928 1.7683827 0
 922 4289 4149 4 F  3.312772597  0.8652868149 1.6916790 0
 923 4289 4149 4 M  2.662170152 -0.3803750416 1.9122733 0
 924 4289 4149 4 M  1.755536700 -0.2865569828 1.6292339 0
 925 4289 4149 4 F  1.967146816 -0.0437582715 1.6594345 0
 926 4289 3920 4 M  0.023168520 -1.8058516733 1.4908848 0
 927 4289 3920 4 M  0.412979022 -0.6645605684 1.3453997 0
 928 4289 3920 4 F  1.808338003  0.6092441301 1.3998378 0
 929 4289 3920 4 F  2.719131110  0.4760917212 1.5733169 0
 930 4289 3920 4 M  3.239415309  0.0674937166 1.7848584 0
 931 3842 4258 4 F  3.321310129  1.2376753842 1.6607847 0
 932 3842 4258 4 F  0.449771607 -0.2506980814 1.2885369 0
 933 3842 4258 4 F  2.553693340  0.8727219898 1.6015248 0
 934 3842 4258 4 F  3.754499691  0.9661713033 1.7123942 0
 935 3842 4258 4 F  2.029785135  0.5948291832 1.3929113 0
 936 3842 3652 4 M  2.700065525  1.0835519454 1.4788816 0
 937 3842 3652 4 M  3.256950088  0.0229951099 1.8326829 0
 938 3842 3652 4 F  2.206222407 -0.5543561225 1.8064738 0
 939 3842 3652 4 F  4.537628401  1.3595047286 1.8341184 0
 940 3842 3652 4 F  3.099762377  0.0307589141 1.7730397 0
 941 4288 4290 4 M  1.743492646 -1.0369572665 1.7972251 0
 942 4288 4290 4 M  2.428380377  1.1060340036 1.3214065 0
 943 4288 4290 4 M  2.636488001  1.7177168881 1.2977111 0
 944 4288 4290 4 M  1.317049047  0.2418599290 1.3832666 0
 945 4288 4290 4 F  1.702372341  0.8633344596 1.2993584 0
 946 4288 3575 4 F  2.851099502  0.3139146964 1.7016794 0
 947 4288 3575 4 F  0.956595315 -0.6773642325 1.4529106 0
 948 4288 3575 4 F  1.473133262 -0.4865410093 1.6193788 0
 949 4288 3575 4 F  2.081864253 -0.8694315024 1.9001769 0
 950 4288 3575 4 F  2.282133347 -0.2232220742 1.7221012 0
 951 3442 4256 4 M  1.870203521 -0.5808835119 1.7046891 0
 952 3442 4256 4 M  2.533316127 -0.5659165565 1.9048225 0
 953 3442 4256 4 M  0.737763785 -0.6199821989 1.5032035 0
 954 3442 4256 4 M  2.892095324  0.6789055877 1.7486509 0
 955 3442 4256 4 F  0.866186140 -1.2489932503 1.7136780 0
 956 3442 4262 4 M  3.274793542  0.3534185566 1.9137689 0
 957 3442 4262 4 M  2.252686456 -0.7438643600 1.9471876 0
 958 3442 4262 4 F  1.830373261 -0.5355419486 1.7795028 0
 959 3442 4262 4 M  2.626128238 -0.0913204650 1.8368947 0
 960 3442 4262 4 M  2.979271854  0.1561834541 1.9127898 0
 961 3711 4051 4 M  0.181534613 -1.7141520623 1.4663189 0
 962 3711 4051 4 F  1.729548703  0.1207397481 1.4491086 0
 963 3711 4051 4 F  2.760396586  0.3175968750 1.6786772 0
 964 3711 4051 4 M  0.351039063 -1.4916360379 1.5172178 0
 965 3711 4051 4 F  2.254882391  0.3955424636 1.5394453 0
 966 3711 3816 4 F -0.920415466 -0.5501100946 0.6907659 0
 967 3711 3816 4 F -0.456187781 -0.2585007804 0.7329367 0
 968 3711 3816 4 M  0.328933053  0.3688328871 0.9154656 0
 969 3711 3816 4 F -0.643715930 -0.2682123781 0.6500372 0
 970 3711 3816 4 F  0.165716653  0.4294370341 0.8739096 0
 971 3816 3580 4 M  2.495087518  0.0159711111 1.7138542 0
 972 3816 3580 4 F  2.869083522  0.0759287079 1.7590158 0
 973 3816 3580 4 M  3.386830012  0.2340819287 1.8274422 0
 974 3816 3580 4 M  3.893370185  0.7425363035 2.0901742 0
 975 3816 3580 4 F  2.598212978  0.3269527358 1.6042745 0
 976 3816 4064 4 M  3.633070224  0.6213710330 1.9248507 0
 977 3816 4064 4 F  2.234415649 -0.8031957754 1.9360757 0
 978 3816 4064 4 M  1.951434460 -1.0091902242 1.9045847 0
 979 3816 4064 4 F  2.438981316 -0.6520083304 1.9675224 0
 980 3816 4064 4 F  4.778943318  1.4831243931 1.9412871 0
 981 3448 4035 4 M  1.974738469  0.1310781362 1.6430355 0
 982 3448 4035 4 M  2.285019947 -0.5951689606 1.9006065 0
 983 3448 4035 4 M  2.755209970  1.0702105008 1.6257910 0
 984 3448 4035 4 M  1.899907063 -0.8119723028 1.8317630 0
 985 3448 4035 4 M  1.239582754  0.0624609375 1.4070109 0
 986 3448 3539 4 F  2.832396556  0.3890319470 1.6852293 0
 987 3448 3539 4 F  2.097979939 -0.5953952993 1.8769672 0
 988 3448 3539 4 M  1.921273829 -0.4723763213 1.7106506 0
 989 3448 3539 4 F  1.913312301 -1.0707837112 1.8916042 0
 990 3448 3539 4 M  2.126465576  0.0564583313 1.6496343 0
 991 3402 4088 4 F  3.063920087  0.2202444758 1.6543653 0
 992 3402 4088 4 M  2.905250143 -0.0120398781 1.7044465 0
 993 3402 4088 4 F  2.327480646 -0.4329316283 1.9207648 0
 994 3402 4088 4 F  2.250261881 -0.5665194457 1.7037519 0
 995 3402 4088 4 M  1.590452034 -1.2664087314 1.8696572 0
 996 3402 3832 4 M  0.530920601 -0.2599254032 1.3912576 0
 997 3402 3832 4 F  1.546397372  0.2795652343 1.3948865 0
 998 3402 3832 4 F  1.895920242 -0.3162005647 1.7287003 0
 999 3402 3832 4 M  1.405088183 -0.0150891049 1.6057287 0
1000 3402 3832 4 M  1.540923306  0.4546099227 1.4012479 0
