ID sire dam generation sex phen env tbvp gebvp
   1 5332 6003 6 F  2.439030403 -0.0409325095 1.7985010 0
   2 5332 6003 6 F  4.089676833  0.9703513548 1.9885849 0
   3 5332 6003 6 M  1.099014567 -0.1374496529 1.6903511 0
   4 5332 6003 6 F  1.410823947 -0.8021147374 1.8166945 0
   5 5332 6003 6 M  1.285907751 -0.9896155684 1.8496944 0
   6 5332 5953 6 F  1.663614580 -0.2032078932 1.7461965 0
   7 5332 5953 6 M  0.586394620 -1.4733750997 1.7741997 0
   8 5332 5953 6 F  1.859651112 -0.5151468657 1.8808349 0
   9 5332 5953 6 M  2.644148853 -0.4403022018 2.1542448 0
  10 5332 5953 6 M  1.187877677 -0.8819802442 1.8976653 0
  11 5642 5718 6 M  3.505400812  1.0817917882 1.9863039 0
  12 5642 5718 6 M  2.482458985 -0.5843132441 2.0383528 0
  13 5642 5718 6 M  3.420698261  0.6872750018 2.1074183 0
  14 5642 5718 6 F  3.511229243  0.3677722597 2.0607907 0
  15 5642 5718 6 M  2.623191841 -0.9449067264 2.1002621 0
  16 5642 5577 6 M  1.907635651 -0.0997026655 1.9522841 0
  17 5642 5577 6 M  2.016686417 -0.3928724587 1.8288502 0
  18 5642 5577 6 M  1.614264300 -0.1404729037 1.9478764 0
  19 5642 5577 6 F  1.842794369  0.1284888073 1.8981558 0
  20 5642 5577 6 F  3.094336873  0.5621251797 2.1351771 0
  21 5522 5576 6 M  2.570730663 -0.0429408232 1.9729114 0
  22 5522 5576 6 M  2.410672111 -0.0826210324 2.1394685 0
  23 5522 5576 6 F  2.244667077  0.0384307879 1.8964892 0
  24 5522 5576 6 F  1.884212977 -0.7547482117 1.9557803 0
  25 5522 5576 6 M  2.001768584 -0.3565644086 2.0948707 0
  26 5522 5956 6 M  3.825809018 -0.1959501626 2.3708340 0
  27 5522 5956 6 M  3.183873307 -0.3771513307 2.3181753 0
  28 5522 5956 6 F  3.442736595  0.1059432808 2.3846090 0
  29 5522 5956 6 F  2.255588658 -1.4111901900 2.4210495 0
  30 5522 5956 6 F  3.633224468 -0.0637724705 2.4327482 0
  31 5547 5720 6 M -0.256791428 -0.0184209144 0.7975938 0
  32 5547 5720 6 M -1.068622371 -0.5013112587 0.7984488 0
  33 5547 5720 6 M -0.460175174 -0.3118091539 0.8191344 0
  34 5547 5720 6 M  0.403661433  0.6146927094 0.7923851 0
  35 5547 5720 6 M -0.865840939 -0.1787211801 0.7728373 0
  36 5547 5716 6 F  2.820394141  0.6051525084 1.7745314 0
  37 5547 5716 6 M  2.183300795  0.3715974207 1.6626326 0
  38 5547 5716 6 M  2.213986343  0.2223178404 1.7327313 0
  39 5547 5716 6 M  1.750824690 -0.2944384843 1.7363688 0
  40 5547 5716 6 M  2.804489745  0.6312949430 1.7617331 0
  41 5528 5343 6 F  2.401379504 -0.5907605453 2.0797947 0
  42 5528 5343 6 M  3.610308321  0.6714091067 2.0150447 0
  43 5528 5343 6 M  3.180775996  0.2303184006 1.9706031 0
  44 5528 5343 6 M  3.528852176  0.6497087046 1.9403619 0
  45 5528 5343 6 F  4.027695891  0.6104869035 2.1703151 0
  46 5528 5964 6 F  2.891533247 -0.5091508086 2.1733988 0
  47 5528 5964 6 F  1.706440734 -0.8812085433 1.7787132 0
  48 5528 5964 6 F  1.616554022 -0.3246786910 1.7060307 0
  49 5528 5964 6 F  1.641191920 -1.0052819434 1.8909347 0
  50 5528 5964 6 F  3.229668157  0.1290624988 2.0342450 0
  51 5524 6073 6 M  0.330961105  0.4745077798 0.9948494 0
  52 5524 6073 6 M  0.550628904 -0.0301615327 1.2069939 0
  53 5524 6073 6 F -0.004670491  0.1461527413 1.0692696 0
  54 5524 6073 6 M -0.130425879 -0.6067459706 1.2368114 0
  55 5524 6073 6 M -0.821406241 -0.2872975719 1.0339913 0
  56 5524 5768 6 M  3.554797277  0.4450941997 2.1294445 0
  57 5524 5768 6 F  1.866512248  0.1723519995 1.7805960 0
  58 5524 5768 6 M  2.613365833 -0.6917533575 2.1191204 0
  59 5524 5768 6 F  3.949230702  1.2431241365 2.0119360 0
  60 5524 5768 6 F  3.596248240  1.3512426907 1.9144870 0
  61 5340 6111 6 F  1.985774229 -0.9236913740 2.0241658 0
  62 5340 6111 6 M  3.040915873  0.1725270172 2.0321629 0
  63 5340 6111 6 F  0.549850923 -1.4946278146 1.7744023 0
  64 5340 6111 6 M  2.114521162 -0.4126750799 2.0803382 0
  65 5340 6111 6 M  2.476629426  1.3255974463 1.6939160 0
  66 5340 5744 6 F  2.454586586  0.0408377738 2.0276540 0
  67 5340 5744 6 M  2.189304553  0.0657197907 1.8852522 0
  68 5340 5744 6 F  1.486784860 -0.2465615271 1.7571499 0
  69 5340 5744 6 F  3.350137624  0.5328300080 1.9411958 0
  70 5340 5744 6 M  2.540188705  0.3439987788 1.9580808 0
  71 5335 5965 6 M  3.078673145  0.0082983612 2.0558160 0
  72 5335 5965 6 F  2.624170010 -0.4519757236 2.0518660 0
  73 5335 5965 6 F  1.555965754 -0.4358952744 1.8261941 0
  74 5335 5965 6 M  2.714623947  0.2770119832 1.9725222 0
  75 5335 5965 6 F  1.633631935 -0.3458093289 1.9266569 0
  76 5335 5912 6 F  2.329067306  0.6380129003 1.6655045 0
  77 5335 5912 6 F  1.560935242 -0.0430916780 1.5857855 0
  78 5335 5912 6 F  1.544345025  0.0521979560 1.7026414 0
  79 5335 5912 6 F  2.540717600  0.3390565772 2.0502112 0
  80 5335 5912 6 F  0.454000321 -1.1025461469 1.6571807 0
  81 5794 5365 6 F -0.288114548  0.1369765217 1.0352027 0
  82 5794 5365 6 M  0.043391117  0.0187122445 1.0919929 0
  83 5794 5365 6 M -0.296537735 -0.0421591906 1.1181621 0
  84 5794 5365 6 F  0.659834067  0.2621432541 1.2353702 0
  85 5794 5365 6 F  0.312087684  0.1643796452 1.2408746 0
  86 5794 6172 6 F  3.287046436  0.1012731964 2.0015933 0
  87 5794 6172 6 M  2.392700557 -0.0348012874 1.9762322 0
  88 5794 6172 6 M  2.972945177 -0.2029644193 2.0581503 0
  89 5794 6172 6 M  3.376038950  0.5877089689 2.1341579 0
  90 5794 6172 6 F  2.569085520  0.0016667873 2.0144764 0
  91 5549 5592 6 F  3.346153462  0.2531434818 1.9562159 0
  92 5549 5592 6 M  1.993049190 -0.3478997883 1.7697690 0
  93 5549 5592 6 F  2.253800085 -0.4966338207 1.9432273 0
  94 5549 5592 6 F  1.991466908 -0.3996556236 1.7350959 0
  95 5549 5592 6 M  3.922891763  0.8714036965 2.0085783 0
  96 5549 5541 6 M -1.348192651 -0.4194625096 0.9432176 0
  97 5549 5541 6 F  0.025678029  0.8988884798 0.9623233 0
  98 5549 5541 6 M -0.917566951  0.0606118488 0.7427022 0
  99 5549 5541 6 M -1.569697190 -0.8629744782 0.9655085 0
 100 5549 5541 6 M  0.462859059  1.1772625564 0.9849882 0
 101 5530 5952 6 M  3.516191526  0.3805781995 1.9801299 0
 102 5530 5952 6 F  3.163366967  0.0167386575 2.1070191 0
 103 5530 5952 6 M  2.873098384  0.3811057972 1.8132751 0
 104 5530 5952 6 M  2.568374729 -0.8801924038 2.1205382 0
 105 5530 5952 6 M  2.474999699 -0.5308353101 2.0555976 0
 106 5530 6173 6 F  2.840743172  0.2940763201 1.8807118 0
 107 5530 6173 6 M  3.784766257  0.1080580763 2.1984597 0
 108 5530 6173 6 F  1.764505605 -1.4316882534 2.0401810 0
 109 5530 6173 6 M  2.582735205  0.1108007439 1.8890296 0
 110 5530 6173 6 M  2.502164592  0.1554247971 1.8676559 0
 111 5563 6299 6 M  1.753063846  0.1167646359 1.5809005 0
 112 5563 6299 6 M  2.710866091 -0.0053603204 1.9020399 0
 113 5563 6299 6 F  3.154132633 -0.0189986466 2.0061743 0
 114 5563 6299 6 F  3.942456929  0.3944418653 2.1022315 0
 115 5563 6299 6 F  3.140549426  1.1243317435 1.7937508 0
 116 5563 5761 6 F  0.878734819 -1.2215971988 1.9392037 0
 117 5563 5761 6 F  0.896313557 -0.5487226335 1.7019594 0
 118 5563 5761 6 F  1.590561262 -0.0922884481 1.7096277 0
 119 5563 5761 6 F  2.261255420 -0.3867512519 2.0059186 0
 120 5563 5761 6 F  2.555821317  0.3840295204 1.7335641 0
 121 5393 5878 6 M  3.274463102  0.3692976621 2.0020887 0
 122 5393 5878 6 F  4.187778184  1.3614438161 2.1709281 0
 123 5393 5878 6 M  3.333222278  0.1559049456 2.1846803 0
 124 5393 5878 6 F  1.639458164 -0.9223260122 2.0678242 0
 125 5393 5878 6 F  2.552760840 -0.0199975773 1.8817180 0
 126 5393 6227 6 F  1.780045424 -0.0273530551 1.7292403 0
 127 5393 6227 6 M  3.154989711  0.6809239291 1.9498968 0
 128 5393 6227 6 M  4.703201120  1.6066474946 1.9723765 0
 129 5393 6227 6 F  2.049813642 -0.6386236421 1.9339697 0
 130 5393 6227 6 F  2.349187840  0.1254905796 1.9191029 0
 131 5496 6075 6 F  1.725620958 -1.0964418916 1.9390398 0
 132 5496 6075 6 M  2.716274774 -0.0895495462 1.9021252 0
 133 5496 6075 6 F  2.298315759 -0.6866540739 2.0278313 0
 134 5496 6075 6 F  3.151577090  0.0873418164 2.0441618 0
 135 5496 6075 6 M  3.766107162  0.5562937605 2.1096529 0
 136 5496 5342 6 M  0.746350662  0.3763860077 1.1197381 0
 137 5496 5342 6 F  1.120403854  0.6659020284 1.1937856 0
 138 5496 5342 6 F -0.192356752 -0.1712483671 1.1501563 0
 139 5496 5342 6 M -0.536906276 -0.9125895352 1.2346354 0
 140 5496 5342 6 F  0.886487989  0.9766938208 1.1030908 0
 141 5597 5960 6 M  3.070640351 -0.2078653604 2.1984626 0
 142 5597 5960 6 M  3.003316321 -0.1552061880 2.1588727 0
 143 5597 5960 6 M  2.729963811 -0.6479602680 2.2242497 0
 144 5597 5960 6 M  1.719690488 -1.0025434075 2.0986869 0
 145 5597 5960 6 F  4.157792478  0.5567554563 2.1293629 0
 146 5597 5763 6 F  1.856083177  0.2384108104 1.6832044 0
 147 5597 5763 6 M  2.725836091  0.6809913974 1.7777789 0
 148 5597 5763 6 M  3.907024323  0.4682789794 2.2054058 0
 149 5597 5763 6 M  1.978017849 -0.6020367402 1.9290019 0
 150 5597 5763 6 F  1.984070958  0.2361874649 1.7703202 0
 151 6020 5542 6 F  0.779856610 -2.0014637556 2.0369410 0
 152 6020 5542 6 F  1.136811180 -0.8423593654 1.8858543 0
 153 6020 5542 6 M  2.552365851 -0.2668972836 2.0328392 0
 154 6020 5542 6 F  4.104966997  0.7008266328 2.0341740 0
 155 6020 5542 6 M  2.251807816 -0.2563509434 1.9331122 0
 156 6020 6113 6 M  1.163740619 -1.3942430126 1.7554279 0
 157 6020 6113 6 F  2.866415663  0.7498042231 1.7773911 0
 158 6020 6113 6 M  1.556062340 -0.6227507995 1.9091246 0
 159 6020 6113 6 F  2.458924569  0.0335184855 1.9004785 0
 160 6020 6113 6 M  1.546610216 -0.4722120528 1.7370212 0
 161 5364 5554 6 M  2.959436910 -0.0998179783 2.0749354 0
 162 5364 5554 6 F  2.885678479 -0.0988998012 2.1714788 0
 163 5364 5554 6 F  1.887092737 -0.1502997438 1.7857318 0
 164 5364 5554 6 M  3.526860569  0.3433742439 2.0531016 0
 165 5364 5554 6 M  2.290962789  0.4371634416 1.8801076 0
 166 5364 6117 6 M  1.910576130 -0.5502008483 1.8312734 0
 167 5364 6117 6 M  1.418771904 -1.1968472121 1.8600747 0
 168 5364 6117 6 F  3.250757668  0.5766907995 1.9422546 0
 169 5364 6117 6 F  4.237595376  1.1434663241 2.0252148 0
 170 5364 6117 6 M  2.332366120  0.2989695414 1.8600165 0
 171 5570 5437 6 F  1.491065103 -0.9972769767 1.9266423 0
 172 5570 5437 6 M  1.856285680  0.3686045068 1.6751493 0
 173 5570 5437 6 F  3.887919459  0.3460018648 2.1165193 0
 174 5570 5437 6 M  2.414653529 -0.0621667270 1.8884409 0
 175 5570 5437 6 F  2.216930827  0.2455233666 1.8276640 0
 176 5570 5762 6 M  2.839479494  0.2080192296 1.9748597 0
 177 5570 5762 6 F  4.227406001  0.8298841271 2.0921071 0
 178 5570 5762 6 M  1.469742889 -0.8978321235 1.8906461 0
 179 5570 5762 6 M  4.194405759  0.6599517431 2.2744921 0
 180 5570 5762 6 M  2.750178017  0.2109722349 2.0014048 0
 181 5574 6112 6 M  2.353865573  0.2911916472 1.8162650 0
 182 5574 6112 6 F  2.786950839 -0.3383627313 2.0873696 0
 183 5574 6112 6 M  2.607950016  0.0643294201 1.9189531 0
 184 5574 6112 6 M  3.473724426  0.2521732766 2.1024249 0
 185 5574 6112 6 M  2.951597025  0.7534521360 1.7786280 0
 186 5574 5750 6 M  2.045687021 -0.5645495726 1.7868603 0
 187 5574 5750 6 F  2.529011579 -0.3256517140 2.0100931 0
 188 5574 5750 6 F  1.853317382 -0.7620611225 1.9458278 0
 189 5574 5750 6 M  3.499336125  1.3138864547 1.9126924 0
 190 5574 5750 6 M  2.816991031  1.0245852122 1.8837322 0
 191 5362 5870 6 M  4.361747401  1.3750987869 1.9265951 0
 192 5362 5870 6 F  3.252229634 -0.0790960149 2.2181725 0
 193 5362 5870 6 M  3.525424760 -0.1388148330 2.1650505 0
 194 5362 5870 6 F  2.300334283 -0.3990120286 1.9287744 0
 195 5362 5870 6 F  2.884901728 -0.6372256722 2.0885088 0
 196 5362 5847 6 F  1.352975358  0.0482201899 1.4998741 0
 197 5362 5847 6 F -0.351874823 -0.4765019917 1.0901091 0
 198 5362 5847 6 M -0.118575550 -1.2747789350 1.3579125 0
 199 5362 5847 6 M  0.602991266  0.7589147857 1.0767347 0
 200 5362 5847 6 M  0.996375041  0.6857350176 1.1856489 0
 201 6025 5759 6 M  2.353056136  0.3954437993 1.8200827 0
 202 6025 5759 6 M  3.642824561  0.2884083724 2.1673853 0
 203 6025 5759 6 F  4.499025047  0.9586091916 2.3383666 0
 204 6025 5759 6 F  2.768558802 -0.1462465607 2.0351372 0
 205 6025 5759 6 M  2.877929024 -0.2836693199 2.1025383 0
 206 6025 5959 6 F  3.676985332  0.5848251719 2.2159178 0
 207 6025 5959 6 F  2.508274397 -0.3609884356 2.2177021 0
 208 6025 5959 6 M  2.738747624 -0.0110170871 2.1081524 0
 209 6025 5959 6 F  2.485540488 -0.1367334144 2.1199362 0
 210 6025 5959 6 F  2.844792054 -0.5233504769 2.2445342 0
 211 5519 5579 6 M  1.899003778 -0.7035395668 1.8515105 0
 212 5519 5579 6 M  4.167226653  1.2910107055 1.7292209 0
 213 5519 5579 6 M  3.652943367  0.7108049485 1.8420482 0
 214 5519 5579 6 F  2.436400474  0.3976399065 1.8198455 0
 215 5519 5579 6 F  4.688389763  1.2052971112 2.1333997 0
 216 5519 5580 6 M  2.943390701  0.5175911995 1.7769717 0
 217 5519 5580 6 M  2.363341622 -0.5921765911 1.8437957 0
 218 5519 5580 6 M  2.314356915 -0.4415174309 2.1199481 0
 219 5519 5580 6 M  2.907488393  0.1480285017 2.0881667 0
 220 5519 5580 6 F  2.551918350 -0.3048265034 2.0102773 0
 221 6017 5603 6 M  3.658785804  0.7217366296 1.9610992 0
 222 6017 5603 6 F  1.272615296 -1.1962255610 1.9633947 0
 223 6017 5603 6 F  3.455596226  0.0900556938 2.0652866 0
 224 6017 5603 6 M  3.265642023  0.8221124927 1.8767482 0
 225 6017 5603 6 M  1.705928378 -0.9255882329 1.9540763 0
 226 6017 5657 6 F  3.793441806  0.5140446431 2.2310630 0
 227 6017 5657 6 M  1.373708214 -0.8394714793 1.7955507 0
 228 6017 5657 6 F  2.278522791  0.0899056234 1.9116610 0
 229 6017 5657 6 M  2.456289475  0.7255733448 1.7966844 0
 230 6017 5657 6 F  1.722392951 -0.5376502026 1.8211621 0
 231 5647 5764 6 F -0.388632774 -1.2176767669 1.4929523 0
 232 5647 5764 6 F  1.617291289 -0.8288194471 1.8863293 0
 233 5647 5764 6 M  0.956081617 -1.0387617813 1.7553436 0
 234 5647 5764 6 M  2.617915554  0.5450050253 1.9509664 0
 235 5647 5764 6 F  2.186333611 -0.5467531325 1.8977138 0
 236 5647 5545 6 F  3.535520357  0.8221695716 2.0693496 0
 237 5647 5545 6 M  3.907747994  0.1992229312 2.2553691 0
 238 5647 5545 6 F  1.890622617 -0.2882865768 1.8828315 0
 239 5647 5545 6 F  2.850949777  0.0967366367 2.1391236 0
 240 5647 5545 6 M  1.448834459 -1.2658806442 2.1641217 0
 241 5562 5826 6 F  3.402077667  1.0282876974 1.8490822 0
 242 5562 5826 6 F  1.425579010 -1.0756161619 1.9057359 0
 243 5562 5826 6 M  2.775660963  0.0322019245 1.9776915 0
 244 5562 5826 6 F  2.522367417 -0.0154980913 1.8060702 0
 245 5562 5826 6 M  3.243076033  0.1970616609 1.9945107 0
 246 5562 6062 6 F -1.267434858 -0.5968066618 0.8168766 0
 247 5562 6062 6 F -0.976840945 -0.4231602997 0.7134887 0
 248 5562 6062 6 M -1.186718706 -0.7308734200 0.8050874 0
 249 5562 6062 6 M -0.373483656  0.3648388898 0.7280490 0
 250 5562 6062 6 M -0.546752223 -0.3472915999 0.7779259 0
 251 5361 6109 6 F  0.811440992  0.4436531599 1.1594104 0
 252 5361 6109 6 M  0.219495439  0.3275326747 1.1255088 0
 253 5361 6109 6 M -0.291938608 -0.3459472632 1.0690228 0
 254 5361 6109 6 F -0.197056047  0.3081268808 0.9652471 0
 255 5361 6109 6 M -0.174597741  0.0708076708 1.1321152 0
 256 5361 5366 6 F  3.898445376  0.5457306464 2.0677907 0
 257 5361 5366 6 M  1.088853552 -0.5941998336 1.7438851 0
 258 5361 5366 6 F  3.035469589  0.6815766648 1.9613785 0
 259 5361 5366 6 M  1.233044147 -0.5302396301 1.7618156 0
 260 5361 5366 6 F  2.668385151  0.6156496363 1.9056423 0
 261 5859 6207 6 M  1.784056144  0.0459369124 1.6328856 0
 262 5859 6207 6 F  2.376807186  0.0006676112 1.8550868 0
 263 5859 6207 6 M  3.816525639  0.6506672606 1.9114663 0
 264 5859 6207 6 M  1.569583636 -0.6602710377 1.7793977 0
 265 5859 6207 6 F  2.496748801 -0.4834532996 1.8249942 0
 266 5859 5807 6 F  1.673690149 -0.5627794701 1.8013633 0
 267 5859 5807 6 F  1.839228105 -0.4500671670 1.8969107 0
 268 5859 5807 6 M  2.156384032  0.7902931957 1.6662503 0
 269 5859 5807 6 M  1.598185720 -0.3677307195 1.8862674 0
 270 5859 5807 6 F  3.562777043  0.6666753542 2.0864850 0
 271 5871 5957 6 M  2.998382556 -0.6221914586 2.0957573 0
 272 5871 5957 6 M  2.818591568 -0.9994203031 2.2830351 0
 273 5871 5957 6 F  4.303009107  0.8221380070 2.0587240 0
 274 5871 5957 6 F  2.696360177 -0.7241178941 2.0580778 0
 275 5871 5957 6 M  3.399975229 -0.0729607922 2.1414189 0
 276 5871 6260 6 M  2.317504314  0.3552293737 1.7390642 0
 277 5871 6260 6 F  1.973401053  0.7655356091 1.5464573 0
 278 5871 6260 6 F  2.873452677  0.9550920273 1.7340643 0
 279 5871 6260 6 F  1.648897519  0.4839902654 1.5877242 0
 280 5871 6260 6 M  3.260173517  0.1469752832 1.9719128 0
 281 5847 5344 6 F  1.246625327 -0.3939177424 1.6198100 0
 282 5847 5344 6 F  0.069383182 -1.3519827724 1.5821047 0
 283 5847 5344 6 F  1.503707682 -0.0513642704 1.5660364 0
 284 5847 5344 6 M  2.697153198  0.7309468404 1.7419233 0
 285 5847 5344 6 M  2.012523607  0.5781092767 1.5511129 0
 286 5847 6208 6 M  2.254674459 -0.2611279656 1.9825981 0
 287 5847 6208 6 M  2.844956193  0.6587025783 1.9317601 0
 288 5847 6208 6 F  1.738348576 -0.1045940077 1.7156647 0
 289 5847 6208 6 M  1.545376492 -1.0710405253 1.8675143 0
 290 5847 6208 6 F  1.479140519 -0.0905434142 1.6558878 0
 291 6062 6044 6 F  2.502213158  0.7297409299 1.6973410 0
 292 6062 6044 6 M  1.042345769 -0.3990786580 1.6327220 0
 293 6062 6044 6 F  1.906578400 -0.0210609852 1.7751554 0
 294 6062 6044 6 M  0.941748909 -0.3784160080 1.6000830 0
 295 6062 6044 6 F  2.819567396  0.3910074722 1.8439059 0
 296 6062 5823 6 F  1.400698740 -0.3077590007 1.6614713 0
 297 6062 5823 6 M  3.429501707  1.1649511842 1.7289542 0
 298 6062 5823 6 M  2.328610865 -0.1622416455 1.8105203 0
 299 6062 5823 6 F  3.947824388  1.4108837686 1.8949540 0
 300 6062 5823 6 F  2.513211980 -0.1998717365 1.8864935 0
 301 5527 5381 6 F  2.965443418  0.0506220448 2.0181118 0
 302 5527 5381 6 F  2.000393695  0.1630599495 1.6777317 0
 303 5527 5381 6 M  1.856451498 -1.2227584647 2.0743908 0
 304 5527 5381 6 M  1.984609567 -0.0206255802 1.9007643 0
 305 5527 5381 6 F  2.393372180  0.0236198233 1.8576101 0
 306 5527 5934 6 F  2.788963386  0.0571542759 1.9487176 0
 307 5527 5934 6 F  3.487600702  0.7112226726 1.8945163 0
 308 5527 5934 6 M  2.624454737  0.7893201817 1.7617393 0
 309 5527 5934 6 M  2.311092952  0.4701808340 1.8712660 0
 310 5527 5934 6 F  2.220997317 -0.5537679892 2.0644735 0
 311 5857 5363 6 M  3.586513585  1.7439539280 1.8398920 0
 312 5857 5363 6 F  2.371341012  0.6786501020 1.7704529 0
 313 5857 5363 6 M  2.011991650 -0.5209497524 1.9735460 0
 314 5857 5363 6 M  1.180942065 -0.3456909931 1.8053071 0
 315 5857 5363 6 F  2.960788026 -0.0347384421 2.0646682 0
 316 5857 5467 6 F  2.768618881  0.0549567623 2.0588798 0
 317 5857 5467 6 F  3.379271529  0.5549540314 2.1124944 0
 318 5857 5467 6 M  2.364475053 -0.4480560901 2.1221924 0
 319 5857 5467 6 F  3.186933104  0.3289461689 2.0970602 0
 320 5857 5467 6 F  1.430656676 -1.4054176651 2.0693553 0
 321 5849 5871 6 M  0.472356715  0.7605762937 1.1127463 0
 322 5849 5871 6 F -1.107737968 -0.9502538217 1.0316631 0
 323 5849 5871 6 M  0.306859924 -0.1408250579 1.2495101 0
 324 5849 5871 6 F -0.633892557 -0.4372161202 1.0430107 0
 325 5849 5871 6 F -0.125161780 -0.1504766324 1.0934387 0
 326 5849 5547 6 F -0.492502153 -0.0563099751 0.8289146 0
 327 5849 5547 6 F -1.149826656 -0.4311926223 0.7457994 0
 328 5849 5547 6 M  0.360569623  0.4845400721 1.0834690 0
 329 5849 5547 6 M -0.369025027  0.4266762619 0.7506336 0
 330 5849 5547 6 M -0.124209706 -0.0334395618 1.0350540 0
 331 6179 5867 6 M  1.853883521 -0.3205785111 1.8462751 0
 332 6179 5867 6 M  1.561173731 -0.6921289053 1.8480755 0
 333 6179 5867 6 F  3.352654353  0.3624213892 1.9810595 0
 334 6179 5867 6 M  2.190063698  0.2404314931 1.7676429 0
 335 6179 5867 6 F  1.572015557 -0.5060753681 1.9313798 0
 336 6179 5825 6 F  4.732450819  1.3491083246 2.1629756 0
 337 6179 5825 6 M  2.271780664 -0.8884353849 2.1631907 0
 338 6179 5825 6 M  2.186279227 -0.6872783952 2.0157747 0
 339 6179 5825 6 F  3.961478976  0.5103722408 2.1102599 0
 340 6179 5825 6 M  5.399220122  1.9263067457 2.1909473 0
 341 5973 5932 6 M  2.799443968 -0.0373135720 1.9294398 0
 342 5973 5932 6 M  2.678088759 -0.0239398661 1.9852552 0
 343 5973 5932 6 M  3.130430430  0.1954736702 1.9360135 0
 344 5973 5932 6 F  2.697988935  0.7129480552 1.7219601 0
 345 5973 5932 6 F  2.406917981  0.4713398149 1.7562859 0
 346 5973 5893 6 F  1.287941494 -0.9777230449 1.8297767 0
 347 5973 5893 6 F  1.492304397 -1.0548648416 1.8685915 0
 348 5973 5893 6 M  2.375883637 -0.5387162728 2.0131289 0
 349 5973 5893 6 F  2.983024060  0.9255775509 1.8046073 0
 350 5973 5893 6 M  1.194775024 -1.1426324573 1.8215922 0
 351 5711 6061 6 F  1.439336979 -0.6017258233 1.8278394 0
 352 5711 6061 6 F  2.390059320  0.2264522518 1.7739775 0
 353 5711 6061 6 F  2.576702920 -0.1228885445 1.8591849 0
 354 5711 6061 6 M  3.816956150  0.7578826605 1.9958335 0
 355 5711 6061 6 M  1.972317690 -0.8616681264 2.0713897 0
 356 5711 5538 6 F  1.240237757 -1.2500334374 1.7330321 0
 357 5711 5538 6 M  3.190574053  0.9810440462 1.7384929 0
 358 5711 5538 6 M  1.611077816 -0.5956995169 1.6249015 0
 359 5711 5538 6 M  0.993001757 -0.4958996666 1.5909885 0
 360 5711 5538 6 M  3.363181790  1.0945145137 1.8251238 0
 361 5844 6171 6 M -0.866743927 -0.4709897361 1.0727655 0
 362 5844 6171 6 F -0.368389857 -0.1123542404 1.0787171 0
 363 5844 6171 6 M -0.223505928  0.7409229542 0.8395628 0
 364 5844 6171 6 F -0.830958157 -0.5017413487 1.0292204 0
 365 5844 6171 6 F -1.025199277 -0.9278477732 1.0329303 0
 366 5844 5877 6 F  2.788178509  0.2003868785 1.7536333 0
 367 5844 5877 6 F  3.254014755  0.0964788608 2.0098142 0
 368 5844 5877 6 M  3.848534599  1.1678050493 1.7958597 0
 369 5844 5877 6 F  4.276242423  1.8039891162 1.7854989 0
 370 5844 5877 6 M  2.422554678 -0.2590906315 1.7537699 0
 371 5512 5741 6 M  0.507270489  0.5878996695 1.2361450 0
 372 5512 5741 6 M  1.313763302  0.9482121156 1.3520605 0
 373 5512 5741 6 F -0.806615425 -0.8031638815 1.2113842 0
 374 5512 5741 6 F -0.090139334  0.2775054017 0.8746869 0
 375 5512 5741 6 M -0.565068261 -0.5679909293 1.1455796 0
 376 5512 5861 6 F  4.271266769  1.1439486926 2.0528211 0
 377 5512 5861 6 M  3.353529872 -0.0277194328 2.1217881 0
 378 5512 5861 6 F  3.241263900  0.4330545554 2.0023551 0
 379 5512 5861 6 M  2.149657702 -0.9371914997 2.1407263 0
 380 5512 5861 6 M  3.723710324 -0.3049218590 2.3630853 0
 381 5753 6167 6 F  3.432104497  0.4688300617 2.0807006 0
 382 5753 6167 6 M  1.125391387 -1.2136694482 2.0140843 0
 383 5753 6167 6 M  2.988723000 -0.4475525984 2.1331682 0
 384 5753 6167 6 F  3.196306562 -0.0631578370 2.0892356 0
 385 5753 6167 6 F  3.562318762  1.3524352312 1.7797291 0
 386 5753 6175 6 F  2.803710012 -0.2488426041 1.9584558 0
 387 5753 6175 6 M  4.552108327  2.0367826294 1.8096780 0
 388 5753 6175 6 M  1.821682019 -0.2613097314 1.7539577 0
 389 5753 6175 6 F  2.604141196 -0.1544303621 1.9234502 0
 390 5753 6175 6 F  2.340424451  0.4430961359 1.7282043 0
 391 6073 6256 6 M  1.826507325  0.1296450089 1.5779895 0
 392 6073 6256 6 F  1.863409411  0.3262349696 1.6751718 0
 393 6073 6256 6 M  3.575094673  0.9559407053 1.8564914 0
 394 6073 6256 6 F  2.105076118  0.3875254155 1.6185204 0
 395 6073 6256 6 M  2.270857528 -0.8313559206 1.9496788 0
 396 6073 6081 6 F  4.310102325  0.8647887027 2.0313791 0
 397 6073 6081 6 F  4.146565695  0.5667090649 2.1523816 0
 398 6073 6081 6 M  3.587933009  0.0967339060 2.0946515 0
 399 6073 6081 6 M  2.861803226 -0.5565787964 2.1227376 0
 400 6073 6081 6 F  3.277388618 -0.0428598835 2.0584075 0
 401 5876 5776 6 M  2.621195628 -0.9605482339 2.2011878 0
 402 5876 5776 6 M  3.860372606  0.1369903113 2.1665981 0
 403 5876 5776 6 M  1.893806743 -1.1091776138 2.0515082 0
 404 5876 5776 6 F  4.179514745  0.2606324607 2.1943621 0
 405 5876 5776 6 M  3.388798883 -0.2595395480 2.1110599 0
 406 5876 5829 6 F  3.004547086  0.9214850096 1.9895509 0
 407 5876 5829 6 F  3.340082727 -0.2551370839 2.2307606 0
 408 5876 5829 6 M  2.545907872 -0.2042500809 2.0798913 0
 409 5876 5829 6 F  2.043892540 -0.5648826902 2.0339582 0
 410 5876 5829 6 M  3.758321790  0.3163042624 2.1895771 0
 411 5841 6269 6 F  1.288025091 -1.2269732354 1.9571257 0
 412 5841 6269 6 M  1.908970267 -0.4762305134 1.8877209 0
 413 5841 6269 6 F  2.640756543 -0.4925546265 2.0446488 0
 414 5841 6269 6 M  3.516287134  0.7243419974 1.9422765 0
 415 5841 6269 6 M  2.202122319 -0.2021435294 1.9007396 0
 416 5841 6242 6 F  3.749198523  1.1062355284 1.9320790 0
 417 5841 6242 6 M  1.503690935 -0.9082485638 1.8516819 0
 418 5841 6242 6 F  1.398056447 -0.5019647022 1.7026819 0
 419 5841 6242 6 F  2.590552259 -0.0443550977 1.9616566 0
 420 5841 6242 6 M  1.506750940 -0.4234142333 1.6630204 0
 421 5497 6115 6 F  2.532638226 -0.0397483514 1.8647932 0
 422 5497 6115 6 M  2.754152190 -0.1441253108 1.9091541 0
 423 5497 6115 6 M  3.771163241  0.6872805256 2.0334187 0
 424 5497 6115 6 M  1.591662744 -1.1721059768 1.8815891 0
 425 5497 6115 6 M  2.303194572 -0.2294309957 1.8383303 0
 426 5497 6154 6 F  1.071919821 -0.9496589587 1.8893378 0
 427 5497 6154 6 F  2.375215094 -0.8687404099 2.0513725 0
 428 5497 6154 6 M  3.107108208 -0.0072909016 2.1138167 0
 429 5497 6154 6 F  1.638624795 -1.1796999520 2.0213702 0
 430 5497 6154 6 M  1.812192707 -1.0546514605 2.0367836 0
 431 5359 5969 6 M  3.176576689  0.6532802342 1.8722497 0
 432 5359 5969 6 M  3.020254188  0.0500868016 2.0357112 0
 433 5359 5969 6 M  3.348300317  0.4013512308 2.0099732 0
 434 5359 5969 6 F  2.485826167 -0.3610305525 1.9907353 0
 435 5359 5969 6 F  3.052982156 -0.2064253516 2.1139729 0
 436 5359 5935 6 F  1.825605350 -0.1754870374 1.9492373 0
 437 5359 5935 6 M  1.295077372 -0.5140260417 1.7087988 0
 438 5359 5935 6 F  2.365975555  0.0389922333 1.8815992 0
 439 5359 5935 6 M  0.264450353 -1.1570856569 1.7425571 0
 440 5359 5935 6 M  3.156759768  0.0738248614 2.1068497 0
 441 6236 6086 6 F  2.894472335  0.4412620824 1.9992777 0
 442 6236 6086 6 F  2.008581253 -0.5287181443 1.7776311 0
 443 6236 6086 6 F  4.296234569  0.6965303316 2.2660006 0
 444 6236 6086 6 F  2.263296167 -1.1702603111 2.3233029 0
 445 6236 6086 6 F  2.413331557  0.4874581741 1.7813019 0
 446 6236 5679 6 M  3.340276876  1.0572157455 2.0869366 0
 447 6236 5679 6 M  1.904256273 -0.0787760446 1.9715868 0
 448 6236 5679 6 M  1.740501394 -0.4338464696 1.8034555 0
 449 6236 5679 6 M  2.218689555  0.1242404671 2.0767555 0
 450 6236 5679 6 M  2.506415102  0.1150738881 1.9398344 0
 451 5638 5690 6 F -1.222803260 -1.4768579617 1.0225974 0
 452 5638 5690 6 M  0.165683934  0.3381986333 0.9204144 0
 453 5638 5690 6 F  0.478650180  0.3494095747 1.1081420 0
 454 5638 5690 6 M  1.300460016  1.0240246445 1.0604869 0
 455 5638 5690 6 F  0.148001845  0.1251602664 1.0443942 0
 456 5638 5686 6 F  4.166828022  0.8265389285 2.1008633 0
 457 5638 5686 6 F  4.293651275  1.1275468610 2.0101052 0
 458 5638 5686 6 F  2.616076946  0.0436971033 2.0202610 0
 459 5638 5686 6 F  3.550278230  0.3044021341 2.2181053 0
 460 5638 5686 6 M  3.007785564  0.0797881085 2.2215285 0
 461 5908 5766 6 M  0.492340906  0.4080151033 1.0729393 0
 462 5908 5766 6 F  0.254547803  0.5323111285 0.9757582 0
 463 5908 5766 6 M -0.773484489 -1.0002707400 1.0935267 0
 464 5908 5766 6 F  0.295928597  0.8405501113 0.9560491 0
 465 5908 5766 6 M  0.689868000  0.7023034440 1.1686804 0
 466 5908 5918 6 F  1.887152857 -0.1559661559 1.8005877 0
 467 5908 5918 6 M  2.484772346  0.4502197376 1.7996636 0
 468 5908 5918 6 M  2.617692477  0.5438699063 1.7852742 0
 469 5908 5918 6 F  2.567967378  0.3188366176 1.8807145 0
 470 5908 5918 6 M  3.537237597  1.1123694563 1.9668769 0
 471 5643 5499 6 M  2.743532367 -0.5080283560 2.0749718 0
 472 5643 5499 6 M  2.584493423  0.5342793331 1.8510003 0
 473 5643 5499 6 M  2.136840414 -0.0994859232 1.8789240 0
 474 5643 5499 6 F  3.636622959  0.3834954586 2.1650941 0
 475 5643 5499 6 M  2.937193043 -0.0994380533 1.9341229 0
 476 5643 5794 6 M  0.855270122  0.7477276455 1.0931273 0
 477 5643 5794 6 F  0.281912346  0.1594034234 1.0436474 0
 478 5643 5794 6 F  0.287955047  0.5865926857 0.9856352 0
 479 5643 5794 6 M  1.174303102  0.7380930336 1.3001922 0
 480 5643 5794 6 M -0.001431501 -0.1555612200 1.0570742 0
 481 5469 5439 6 M  3.900827239  1.0922863746 2.0431756 0
 482 5469 5439 6 M  1.494399989 -0.6939883806 1.8894036 0
 483 5469 5439 6 F  2.248925598 -0.1649230389 1.9407131 0
 484 5469 5439 6 F  2.077289663  0.8611665425 1.6753855 0
 485 5469 5439 6 F  0.703646364 -0.3106978961 1.6279585 0
 486 5469 5369 6 M  2.175314009 -0.9279742768 2.1022919 0
 487 5469 5369 6 F  2.231603353 -0.3339024936 1.9849783 0
 488 5469 5369 6 F  2.472454230 -0.2735395319 1.9820477 0
 489 5469 5369 6 M  2.415778029  0.7547384362 1.5596989 0
 490 5469 5369 6 M  2.984689506  0.3489647021 1.9345607 0
 491 5568 6096 6 M  2.171382993 -0.6688061568 1.9768288 0
 492 5568 6096 6 M  3.370852239  0.0610541587 2.0694145 0
 493 5568 6096 6 F  2.697796193  0.2593043950 1.9131334 0
 494 5568 6096 6 F  2.851585355 -0.4800841152 2.0069562 0
 495 5568 6096 6 M  4.817988422  1.5664868959 2.1024403 0
 496 5568 5571 6 F  3.675453059  0.6495637415 1.9571248 0
 497 5568 5571 6 M  2.787584473 -0.6904211047 2.1400559 0
 498 5568 5571 6 M  0.909606284 -1.2782061220 1.8307413 0
 499 5568 5571 6 F  3.350130989  1.2451307561 1.7652000 0
 500 5568 5571 6 F  2.778620162  0.1856696293 1.9157016 0
 501 5588 6153 6 F  1.460069952 -0.9887628861 1.8671044 0
 502 5588 6153 6 F  1.653564282 -0.6064318482 1.8218352 0
 503 5588 6153 6 M  3.505341784  0.6784621872 1.8953021 0
 504 5588 6153 6 F  1.671969399 -0.5336128143 1.7694539 0
 505 5588 6153 6 F  3.582699929  0.3385269175 2.0976995 0
 506 5588 6043 6 M  1.833860699 -0.8603269670 1.9286281 0
 507 5588 6043 6 M  2.281539367 -0.5273306486 2.0571863 0
 508 5588 6043 6 M  2.436219003 -1.2683861533 2.2113193 0
 509 5588 6043 6 M  3.706916306  0.5172511659 2.0202024 0
 510 5588 6043 6 F  3.556940745  0.0089121007 2.1496676 0
 511 5566 5840 6 M  4.665256681  1.3211903088 2.0838362 0
 512 5566 5840 6 F  3.478681588  0.5085199941 1.9434243 0
 513 5566 5840 6 F  2.641221299 -0.7403868246 2.0930998 0
 514 5566 5840 6 F  4.807244546  1.4159036034 2.1143397 0
 515 5566 5840 6 F  3.024698520 -0.3809589676 2.1998180 0
 516 5566 5863 6 M  2.545107121 -0.2437150439 1.9736790 0
 517 5566 5863 6 M  2.970667464  0.0225740316 2.0110693 0
 518 5566 5863 6 F  2.960690252 -0.3023109410 2.0958749 0
 519 5566 5863 6 M  2.606189310  0.0039326941 1.9263587 0
 520 5566 5863 6 M  4.104726325  1.0322489701 2.0214532 0
 521 5915 5528 6 F -0.571778719 -0.5366227189 1.1617505 0
 522 5915 5528 6 M -1.562118607 -0.4995355309 0.7487361 0
 523 5915 5528 6 M -1.409129634 -0.7185495096 0.8341075 0
 524 5915 5528 6 M -0.578942297 -0.1186961771 0.9437967 0
 525 5915 5528 6 M  0.129263142  0.4608013453 0.9517897 0
 526 5915 5748 6 F -0.478027588 -1.2477578275 1.4176602 0
 527 5915 5748 6 M  2.605600252  0.9545545315 1.9378628 0
 528 5915 5748 6 M  0.025147832 -0.4836603552 1.3825088 0
 529 5915 5748 6 F  2.664070902  0.1168270698 1.8659010 0
 530 5915 5748 6 F  2.085962374 -0.3652316860 1.9982343 0
 531 5993 5341 6 M  2.683359915  0.0251823389 1.9613640 0
 532 5993 5341 6 F  1.899974114 -0.7944361268 1.9710554 0
 533 5993 5341 6 M  2.625131954  0.6834910717 1.8127951 0
 534 5993 5341 6 F  1.507546203 -0.2925392455 1.7755504 0
 535 5993 5341 6 M  3.186706747  0.6546458038 2.0186314 0
 536 5993 6129 6 M  2.926072357 -0.0436661004 1.9887590 0
 537 5993 6129 6 M  2.064958125 -0.0982050577 1.8911754 0
 538 5993 6129 6 F  0.963060474 -0.9706139085 1.7432890 0
 539 5993 6129 6 M  3.737176725  1.3548866357 1.9161788 0
 540 5993 6129 6 F  4.505171877  0.6799039913 2.1440111 0
 541 5320 5853 6 F  3.844693974  1.0387672762 2.0615180 0
 542 5320 5853 6 F  3.422002482  0.1442244799 2.0899101 0
 543 5320 5853 6 M  2.123437453 -0.1384116052 1.8639279 0
 544 5320 5853 6 F  2.913980924  0.4813917271 2.0058647 0
 545 5320 5853 6 M  4.980893466  2.0333749627 1.9806555 0
 546 5320 6056 6 M  0.888023959 -0.7586883710 1.6253486 0
 547 5320 6056 6 F  2.810840714  0.2994994763 1.7707067 0
 548 5320 6056 6 M  2.524109456  0.7437331917 1.7163348 0
 549 5320 6056 6 F  2.013105811  0.1414407477 1.7632289 0
 550 5320 6056 6 F  3.784469352  0.7958989383 1.9550366 0
 551 5510 5345 6 F  2.474018279 -0.4345124362 1.9858264 0
 552 5510 5345 6 M  2.294514189 -0.8796056846 2.0255851 0
 553 5510 5345 6 M  2.930855705  0.5175381916 1.8373220 0
 554 5510 5345 6 M  3.737103319  0.6928411348 1.9675354 0
 555 5510 5345 6 F  3.850246136  0.2009388051 2.2317518 0
 556 5510 5317 6 M  2.319999513  0.2328754448 1.8349755 0
 557 5510 5317 6 M  0.023366116 -0.8384636332 1.5164221 0
 558 5510 5317 6 F  1.350879010  0.0157589320 1.7657355 0
 559 5510 5317 6 M  2.576959755  1.2465449569 1.7761483 0
 560 5510 5317 6 M  0.666672758 -1.6167099596 1.8597737 0
 561 5648 5359 6 F -0.181777003 -0.0301680487 0.9552789 0
 562 5648 5359 6 M -0.014125555 -0.1156140363 0.9666402 0
 563 5648 5359 6 M -0.968053339 -0.7847539183 0.9900838 0
 564 5648 5359 6 M  0.334258734  0.3676273295 1.0144842 0
 565 5648 5359 6 F -0.134174613  0.1622933255 1.0343483 0
 566 5648 6228 6 M  2.134445648  0.1763943920 1.6535176 0
 567 5648 6228 6 M  2.440019122 -0.5817712483 1.9936314 0
 568 5648 6228 6 M  1.768194401 -0.2966493467 1.8054035 0
 569 5648 6228 6 F  1.701444210 -0.6218966936 1.7520580 0
 570 5648 6228 6 M  1.144001521 -0.2294250602 1.5983747 0
 571 6224 6190 6 F  2.138134229 -1.0757809128 2.0021219 0
 572 6224 6190 6 F  4.009052024  0.1629764388 2.2512665 0
 573 6224 6190 6 M  3.247480034  0.3139899768 2.0120208 0
 574 6224 6190 6 M  4.337025590  0.6356937727 2.2607429 0
 575 6224 6190 6 F  4.454179614  1.1696658793 2.1771261 0
 576 6224 6132 6 F  1.727966538  0.0720924237 1.8198260 0
 577 6224 6132 6 M  2.115744947 -0.2932904787 1.9459186 0
 578 6224 6132 6 F  2.136638618 -0.2883508031 1.9713675 0
 579 6224 6132 6 F  1.865306984 -0.5188312149 1.9704509 0
 580 6224 6132 6 F  2.489960250  0.2025607343 1.9722405 0
 581 5690 6060 6 M  3.006256250  1.3202241240 1.6578343 0
 582 5690 6060 6 F  2.912028045  0.2177169420 1.8307280 0
 583 5690 6060 6 M  2.177148630  0.7801146023 1.5239595 0
 584 5690 6060 6 M  1.084938113 -0.6116029475 1.7402128 0
 585 5690 6060 6 F  3.543752827  0.6917895608 1.8666018 0
 586 5690 6294 6 F  1.062286914 -0.8983915737 1.8370149 0
 587 5690 6294 6 F  3.492001634  0.4820590451 2.0411691 0
 588 5690 6294 6 M  3.079017727  0.4423490003 1.8624944 0
 589 5690 6294 6 F  2.932413743  0.2780603890 1.8046053 0
 590 5690 6294 6 F  1.419287359 -0.6811577926 1.7287583 0
 591 6171 5530 6 F -2.136636025 -1.9996757501 1.0872111 0
 592 6171 5530 6 M  0.620328905  0.4157176646 1.1527699 0
 593 6171 5530 6 M -1.561257132 -1.2805402545 0.9761631 0
 594 6171 5530 6 M -0.412266445  0.2393919387 0.8480342 0
 595 6171 5530 6 M -1.015948482  0.0007940555 0.7635347 0
 596 6171 5836 6 F  2.650207254 -0.2963972555 1.9414122 0
 597 6171 5836 6 F  2.180655099 -1.0655080079 2.0906340 0
 598 6171 5836 6 F  4.409169737  1.0247138105 2.1715619 0
 599 6171 5836 6 M  3.856287862  0.4057757261 2.1589940 0
 600 6171 5836 6 M  2.446029719 -0.3497960742 1.8284589 0
 601 5516 5611 6 M  3.101644273  0.6414199378 1.8065219 0
 602 5516 5611 6 F  1.387005008 -0.4198685037 1.5812384 0
 603 5516 5611 6 M  3.321649610  0.5030589648 1.8984774 0
 604 5516 5611 6 F  3.378911925  0.1631494039 2.0187626 0
 605 5516 5611 6 M  4.293920650  0.6611985855 2.2051682 0
 606 5516 5791 6 F -0.458506157 -0.1786899260 0.8650596 0
 607 5516 5791 6 M -0.180434340  0.2540360095 0.8836951 0
 608 5516 5791 6 F -0.609384727  0.0595122570 0.8338433 0
 609 5516 5791 6 M -0.517655231 -0.4310610637 1.0278130 0
 610 5516 5791 6 F  0.116104598  0.1896087236 1.1414998 0
 611 5741 5903 6 F  2.777312239 -0.8229537795 2.1073042 0
 612 5741 5903 6 F  3.330175365  0.2919160835 2.0118341 0
 613 5741 5903 6 F  2.984436382 -0.4459327631 2.1558301 0
 614 5741 5903 6 M  2.497424678 -0.8859891110 2.2124472 0
 615 5741 5903 6 M  2.467423195 -0.9640190818 2.0839154 0
 616 5741 6291 6 M  1.344446002 -0.9101045135 1.8455122 0
 617 5741 6291 6 M  3.811832120  0.3624066764 2.0799930 0
 618 5741 6291 6 M  4.126254644  1.5949929972 1.8569102 0
 619 5741 6291 6 F  3.714654794  1.0270229631 1.9626212 0
 620 5741 6291 6 F  2.891004674 -0.6909213984 2.2247937 0
 621 6285 5975 6 F  2.101659457  0.0194697309 1.7328043 0
 622 6285 5975 6 F  1.711392197 -0.1526215407 1.6737624 0
 623 6285 5975 6 M  1.897172975  0.2930544800 1.6321420 0
 624 6285 5975 6 F  1.337643156 -0.4127628539 1.7385903 0
 625 6285 5975 6 F  2.604526608  0.0193744774 1.8813983 0
 626 6285 5715 6 M  2.055100857 -1.0495205664 1.9336541 0
 627 6285 5715 6 F  1.112787776 -1.0344846397 1.7049531 0
 628 6285 5715 6 M  1.611822546 -0.4189831220 1.7807010 0
 629 6285 5715 6 M  2.566531155  0.2947967875 1.8941745 0
 630 6285 5715 6 M  3.153341502  0.7130950728 1.7752878 0
 631 5822 5982 6 F  3.105917100  0.2738783009 2.1056449 0
 632 5822 5982 6 M  2.695688127  0.0073180538 1.9576569 0
 633 5822 5982 6 M  3.953944622  0.4751262241 2.1970858 0
 634 5822 5982 6 F  3.495894256  0.4437381498 2.1377097 0
 635 5822 5982 6 M  5.123479946  1.0865242770 2.3529445 0
 636 5822 6110 6 F  2.186425114  0.1026347250 1.7783003 0
 637 5822 6110 6 M  0.387819629 -0.8877859462 1.6725167 0
 638 5822 6110 6 M  1.227270350 -1.5970681678 1.9398496 0
 639 5822 6110 6 M  3.424293919  0.5979552861 1.9860053 0
 640 5822 6110 6 M  2.075447514 -0.3528098120 1.9126087 0
 641 5436 6064 6 F  3.234496151  0.9605897929 1.8456110 0
 642 5436 6064 6 M  1.681822841 -0.7749444938 1.9827282 0
 643 5436 6064 6 F  2.648131466  0.3335459146 1.9134973 0
 644 5436 6064 6 M  2.787061251  0.0067914034 1.9876688 0
 645 5436 6064 6 M  1.565675025 -0.9770413529 1.9536334 0
 646 5436 6123 6 M  1.436020113 -0.3792892162 1.7429280 0
 647 5436 6123 6 M  1.418556314 -0.4684147198 1.8197183 0
 648 5436 6123 6 F  2.894466449  0.8143215538 1.8613492 0
 649 5436 6123 6 M  1.993466619 -0.5174573606 1.9669070 0
 650 5436 6123 6 F  0.988339323 -0.4694420662 1.7274660 0
 651 6178 6121 6 M  2.656324026 -0.8060677826 2.1873247 0
 652 6178 6121 6 M  3.032393962 -0.2416994530 2.0638415 0
 653 6178 6121 6 F  2.826581594 -0.4915297834 2.2236483 0
 654 6178 6121 6 M  3.167035235 -0.1057959886 2.1199588 0
 655 6178 6121 6 F  2.961644545 -0.4811168015 2.2170635 0
 656 6178 5958 6 F  1.913896319 -0.9655950374 2.0916228 0
 657 6178 5958 6 F  3.184123583  0.3326773510 2.0523450 0
 658 6178 5958 6 M  4.165093285  0.9748390973 2.1209504 0
 659 6178 5958 6 F  3.152414018  0.5449773387 2.0820817 0
 660 6178 5958 6 M  2.797877265 -0.5111030200 2.1945390 0
 661 5632 6106 6 M  1.408621931 -0.5197176199 1.7509568 0
 662 5632 6106 6 F  2.150641990 -0.2082070143 1.8537825 0
 663 5632 6106 6 M  2.643910984 -0.0201480086 1.9468031 0
 664 5632 6106 6 M  0.881031822 -0.7316822933 1.6068942 0
 665 5632 6106 6 F  1.946431129 -1.0944976576 1.9672852 0
 666 5632 6077 6 F  2.405175507  0.6500528631 1.7333245 0
 667 5632 6077 6 F  3.360774018  0.0711784737 2.1090583 0
 668 5632 6077 6 M  2.655571460 -0.3706940270 2.0260376 0
 669 5632 6077 6 F  3.277440036 -0.3236030084 2.0739994 0
 670 5632 6077 6 F  2.946748083  0.0616653399 1.9363004 0
 671 5365 6070 6 F  2.442047565 -0.4543946602 1.8859080 0
 672 5365 6070 6 M  2.637067540 -0.4284272309 1.9521905 0
 673 5365 6070 6 F  1.399716235 -1.7986553918 1.9892282 0
 674 5365 6070 6 M  3.137389020  0.1759974210 1.9746943 0
 675 5365 6070 6 F  4.292592764  1.5164402542 1.8725416 0
 676 5365 6293 6 M  2.501144779  0.3998976365 1.8060003 0
 677 5365 6293 6 M  2.569873209  0.5492398824 1.8780123 0
 678 5365 6293 6 F  2.239334995 -0.1778198399 1.9847828 0
 679 5365 6293 6 F  2.758610564 -0.3038671742 2.0170047 0
 680 5365 6293 6 F  2.750888299  1.5255773201 1.6166231 0
 681 5323 5347 6 M  3.633570715  0.9552923126 1.9848371 0
 682 5323 5347 6 F  0.876758046 -1.4355899660 2.0443996 0
 683 5323 5347 6 M  2.099236827 -0.8811717477 2.0799155 0
 684 5323 5347 6 M  2.878420376  0.3512494151 1.9277972 0
 685 5323 5347 6 F  3.109010643  0.3317516540 2.1483218 0
 686 5323 5641 6 M  2.880283398  0.4748995675 1.8786071 0
 687 5323 5641 6 F -0.573298695 -1.9717622330 1.6515011 0
 688 5323 5641 6 M  1.476006765 -0.3624506371 1.6530910 0
 689 5323 5641 6 M  2.777428175  1.0507832736 1.6137251 0
 690 5323 5641 6 M  1.858334472 -0.4516213420 1.8493159 0
 691 5966 5793 6 F  2.328805331  0.2126107798 1.7683535 0
 692 5966 5793 6 M  2.259048339 -0.6514675399 1.9186307 0
 693 5966 5793 6 M  1.397981529 -0.8328901720 1.9182175 0
 694 5966 5793 6 M  4.921815809  1.6069404143 2.1660228 0
 695 5966 5793 6 F  3.442731718  0.2110472792 2.1023373 0
 696 5966 5908 6 M  0.084953487 -0.2295575104 1.1248529 0
 697 5966 5908 6 M -0.324220028  0.1661287204 0.9706919 0
 698 5966 5908 6 M -1.918642156 -1.4940931553 0.9198183 0
 699 5966 5908 6 F  0.750984168  1.1681665401 0.9298600 0
 700 5966 5908 6 F  1.177691204  1.2211416533 1.2342032 0
 701 6182 5504 6 F  0.398391350 -0.9882700141 1.7383707 0
 702 6182 5504 6 F  1.424656309 -1.2320727534 1.9907184 0
 703 6182 5504 6 M  3.016345169  0.7831832149 1.8898694 0
 704 6182 5504 6 M  1.549711076 -1.0394126791 1.9407111 0
 705 6182 5504 6 M  2.269808358  0.7083143306 1.7666229 0
 706 6182 5562 6 F  0.248407311  0.5546530706 0.7052278 0
 707 6182 5562 6 M -0.987403639 -0.5587206459 0.9288516 0
 708 6182 5562 6 M  0.005473113  0.5042020056 0.8155873 0
 709 6182 5562 6 F  0.082087196  0.4664634507 0.8980493 0
 710 6182 5562 6 F -0.119605284  0.1165930683 0.8733759 0
 711 6066 6252 6 M  3.674100478  0.5987858887 1.9406868 0
 712 6066 6252 6 F  3.662944712  0.8427585063 1.8628999 0
 713 6066 6252 6 F  1.991665982 -0.8111206138 1.9330073 0
 714 6066 6252 6 F  3.030969662  0.0102410682 1.9947809 0
 715 6066 6252 6 F  3.933562683  1.1054463380 1.9672709 0
 716 6066 6241 6 M  3.596220943  0.6179062550 1.9885707 0
 717 6066 6241 6 F  3.369407403  0.9376261488 1.8199758 0
 718 6066 6241 6 M  2.596140095  0.6699984244 1.6740952 0
 719 6066 6241 6 F  2.729457239 -0.1374458115 1.8730233 0
 720 6066 6241 6 F  3.601009202  0.5441269607 1.9958734 0
 721 5639 5968 6 M  2.617693393 -0.2597661294 2.0012202 0
 722 5639 5968 6 F  2.477835782  1.2504584969 1.5288820 0
 723 5639 5968 6 M  2.829376433  0.2109739663 1.9402815 0
 724 5639 5968 6 F  2.926197843 -0.0992901277 1.9988967 0
 725 5639 5968 6 F  3.953184190  1.0371760907 1.9902528 0
 726 5639 6053 6 M  1.714327800 -0.1220965230 1.7433530 0
 727 5639 6053 6 F -0.245513667 -1.6853277152 1.8736045 0
 728 5639 6053 6 M  2.388167802  1.1269368890 1.5026044 0
 729 5639 6053 6 F  1.038433207 -0.4138514196 1.9274751 0
 730 5639 6053 6 F  0.860140295 -0.3950418246 1.5276308 0
 731 5598 6144 6 M  1.943436064 -1.4392282957 2.1672812 0
 732 5598 6144 6 F  3.520246287  0.0953219313 2.0696470 0
 733 5598 6144 6 F  3.691597087  0.6663129579 2.1423020 0
 734 5598 6144 6 F  2.485629528 -0.4308719867 1.9632885 0
 735 5598 6144 6 F  2.387438858  0.1696393456 2.0320352 0
 736 5598 6276 6 M  2.628065237 -0.2778516317 1.9282588 0
 737 5598 6276 6 F  2.101664500 -0.1028311234 1.7458618 0
 738 5598 6276 6 F  2.870693606  0.3897368200 1.8417171 0
 739 5598 6276 6 F  2.312058089 -0.8051715116 2.0156560 0
 740 5598 6276 6 M  2.502387695 -0.2671665268 1.9104775 0
 741 5424 5997 6 M  3.108858717 -0.0791086133 1.9774771 0
 742 5424 5997 6 F  2.985153818 -0.0077152548 1.9726822 0
 743 5424 5997 6 M  2.794351459 -0.4728970508 2.0719184 0
 744 5424 5997 6 F  2.643985842  0.3839276703 1.8370874 0
 745 5424 5997 6 M  3.144164742 -0.2620231155 2.1584747 0
 746 5424 5742 6 F  2.206866777 -0.8671400640 1.9578162 0
 747 5424 5742 6 M  1.190586418 -0.8200745383 1.6983072 0
 748 5424 5742 6 M  3.690271266  0.4462745710 2.0384432 0
 749 5424 5742 6 F  2.154478562 -0.9334699194 1.9172482 0
 750 5424 5742 6 F  4.212059691  1.1197782316 1.9617638 0
 751 5791 6137 6 M  1.482943095 -0.5482477536 1.8034517 0
 752 5791 6137 6 M  2.280945781 -0.0761942904 1.8349778 0
 753 5791 6137 6 M  2.560699019 -0.7667244869 2.0817533 0
 754 5791 6137 6 M  1.185282010 -0.4971078895 1.7302850 0
 755 5791 6137 6 F  3.069066276  1.3233358926 1.7989049 0
 756 5791 5443 6 F  2.075495922  0.2582594453 1.8230518 0
 757 5791 5443 6 F  2.079353329 -0.5086910816 2.0011924 0
 758 5791 5443 6 F  2.819757834  0.2500940935 2.0745860 0
 759 5791 5443 6 M  0.739146311 -1.4603976705 1.8938196 0
 760 5791 5443 6 F  2.212629031  0.2659948979 1.9373871 0
 761 5696 5557 6 F  2.335439547 -0.5452754482 1.9294105 0
 762 5696 5557 6 M  2.831365036  0.0965763431 2.0242498 0
 763 5696 5557 6 F  2.675634998 -0.0554420718 1.9674400 0
 764 5696 5557 6 F  2.010602144 -0.3057332771 1.8910372 0
 765 5696 5557 6 M  2.753499791  0.2640898152 1.9488600 0
 766 5696 6134 6 M  1.182922268 -0.3443350825 1.7367813 0
 767 5696 6134 6 M  2.992647085  0.0421879113 2.0069710 0
 768 5696 6134 6 M  1.537127626 -0.5652306485 1.8367960 0
 769 5696 6134 6 M  1.103432268 -0.7024942581 1.9343060 0
 770 5696 6134 6 M  2.337399372 -0.5740844211 1.9370852 0
 771 5494 6116 6 M -0.606294916 -1.4326284706 1.3125049 0
 772 5494 6116 6 M  2.944435760  1.2067446679 1.7115118 0
 773 5494 6116 6 M  3.088285735  0.3840064945 1.9015528 0
 774 5494 6116 6 M  0.247457408 -0.0856597699 1.3657055 0
 775 5494 6116 6 M  0.203950779 -1.0529566693 1.5009015 0
 776 5494 6010 6 M  2.293734464  0.3993771007 1.7962119 0
 777 5494 6010 6 F  2.189124003 -0.1593949889 1.9077638 0
 778 5494 6010 6 F  2.976593136  0.4367443348 1.9953092 0
 779 5494 6010 6 F  1.470876611 -0.2161429885 1.7674342 0
 780 5494 6010 6 F  1.301930628 -0.0257286759 1.5853075 0
 781 6240 5452 6 M  1.731446419  0.4892936829 1.6922045 0
 782 6240 5452 6 M  1.218881388 -0.5503287869 1.7577378 0
 783 6240 5452 6 F  2.581378413 -0.0513657879 2.0023080 0
 784 6240 5452 6 F  1.262152351  0.2568264945 1.7613992 0
 785 6240 5452 6 F  2.399227461  0.4440399986 1.8237992 0
 786 6240 6209 6 M  0.592781666 -1.1609987754 1.7266906 0
 787 6240 6209 6 M  1.718195818 -0.0106222504 1.6521324 0
 788 6240 6209 6 F  3.216604043  0.7268813128 1.8534118 0
 789 6240 6209 6 M  2.007676201  0.3604949714 1.7015599 0
 790 6240 6209 6 M  2.197997706  0.6274271019 1.6314630 0
 791 5321 5525 6 M  1.675727261 -1.0543948414 1.9449373 0
 792 5321 5525 6 M  3.399877299  0.5832877121 1.8877720 0
 793 5321 5525 6 M  1.455461848 -0.4998411910 1.9311504 0
 794 5321 5525 6 F  3.093964664  0.9386477945 1.7262468 0
 795 5321 5525 6 M  2.687671253  0.7874673542 1.7283184 0
 796 5321 5486 6 M  3.508919363  0.8601256281 1.9364475 0
 797 5321 5486 6 M  1.932264807 -0.4628697442 1.8056658 0
 798 5321 5486 6 M  2.214990518 -0.3167745626 1.9871733 0
 799 5321 5486 6 F  2.636349764 -0.0526235052 2.0655058 0
 800 5321 5486 6 M  3.543029548  0.5181673032 1.9989813 0
 801 5766 5563 6 M -0.045100540  0.1665376069 1.0335018 0
 802 5766 5563 6 M -0.688868693 -0.6825648834 1.0506215 0
 803 5766 5563 6 F -0.167947273  0.1293709608 0.9914571 0
 804 5766 5563 6 F -0.655958795 -0.7854460215 1.1628223 0
 805 5766 5563 6 M  0.865913125  0.7960197772 1.1193970 0
 806 5766 5385 6 M  3.998750536  1.8336318818 1.8284429 0
 807 5766 5385 6 F  2.947017690  1.2696182931 1.8041164 0
 808 5766 5385 6 M  1.481077495 -0.2375843106 1.7379461 0
 809 5766 5385 6 F  0.798665054 -1.1474944052 1.8369537 0
 810 5766 5385 6 F  1.986713058 -0.0682096095 1.8092488 0
 811 5717 5687 6 M  2.616512910 -0.2765097231 1.8338024 0
 812 5717 5687 6 F  3.217085397  0.8284938673 1.7835827 0
 813 5717 5687 6 F  2.873786619  0.1437203087 1.8073125 0
 814 5717 5687 6 F  1.790145967 -0.3805895797 1.7284194 0
 815 5717 5687 6 M  2.155233812 -0.2699831027 1.7982734 0
 816 5717 5533 6 F  1.443267408  0.0016387138 1.5161291 0
 817 5717 5533 6 F  1.433956057 -0.1647914643 1.5669372 0
 818 5717 5533 6 F  1.847713464 -0.3841912679 1.6656671 0
 819 5717 5533 6 F  2.099698399  0.6308970393 1.6561193 0
 820 5717 5533 6 M  0.876090823 -0.5014873654 1.6480156 0
 821 6109 5898 6 F  2.133012704 -0.3833639675 1.8686552 0
 822 6109 5898 6 M  2.281013468 -0.2564609716 1.9182848 0
 823 6109 5898 6 M  1.562665202 -0.7056629599 1.8219135 0
 824 6109 5898 6 F  2.378454555 -0.7716877885 2.1357339 0
 825 6109 5898 6 F  2.657556783  0.0339979150 1.9379804 0
 826 6109 5838 6 M  2.130136380 -0.0749944323 1.9715792 0
 827 6109 5838 6 F  1.815151523 -0.4856398380 2.0084650 0
 828 6109 5838 6 F  3.668048973  1.3100802360 1.8859154 0
 829 6109 5838 6 F  1.813480151 -0.6310746738 1.9004849 0
 830 6109 5838 6 M  2.379977641  0.1497738894 1.9106958 0
 831 5862 5427 6 F  2.190647792 -0.1020960790 1.7980557 0
 832 5862 5427 6 F  3.710818599  0.9267329233 1.8204647 0
 833 5862 5427 6 M  0.846262146 -0.4518923079 1.3920453 0
 834 5862 5427 6 M  2.505507919  0.5598758867 1.7255376 0
 835 5862 5427 6 F  1.722631878 -0.3253811278 1.7780311 0
 836 5862 5788 6 F  2.646053979  0.3702827002 1.7218753 0
 837 5862 5788 6 F  2.116535808 -0.0994713474 1.7892157 0
 838 5862 5788 6 F  2.228815897 -0.1131099107 2.0127331 0
 839 5862 5788 6 F  2.081316014 -0.3060171791 1.7697014 0
 840 5862 5788 6 F  3.732374433  0.6961934046 2.0633510 0
 841 6174 5325 6 M  2.192372992 -0.8067618545 1.8938395 0
 842 6174 5325 6 M  2.591113859 -0.2002843095 1.9093673 0
 843 6174 5325 6 M  4.550202560  0.8699423068 2.1807831 0
 844 6174 5325 6 M  3.330166912  0.0596771708 2.0853878 0
 845 6174 5325 6 F  1.407591247 -1.4396442354 1.9176793 0
 846 6174 6251 6 F  3.321419046  0.3917720811 1.9682911 0
 847 6174 6251 6 M  2.961778450  0.4839051549 2.0352897 0
 848 6174 6251 6 F  2.191526719 -1.3371738896 2.0926254 0
 849 6174 6251 6 M  2.714587757 -0.4697764479 2.0344109 0
 850 6174 6251 6 F  2.281580910 -0.0326149856 1.8713427 0
 851 6232 6108 6 F  2.105462238 -0.2257772612 1.9533991 0
 852 6232 6108 6 F  0.841265160 -0.8950645974 1.6701019 0
 853 6232 6108 6 M  2.801875153  0.6202078169 1.7087914 0
 854 6232 6108 6 F  2.066702921 -0.0783592293 1.6058511 0
 855 6232 6108 6 F  2.238450837 -0.7716383293 1.9546437 0
 856 6232 5568 6 F -0.848274360 -1.0801029298 1.1201230 0
 857 6232 5568 6 F -1.044229463 -0.8134081926 0.9318941 0
 858 6232 5568 6 F -1.421066732 -1.2986004244 1.0549409 0
 859 6232 5568 6 M  2.077801296  1.8839035550 1.1427094 0
 860 6232 5568 6 F -0.841803418 -0.4985355986 0.8383608 0
 861 6097 6079 6 F  2.242598992  0.0794794920 1.7311966 0
 862 6097 6079 6 F  2.625573596  0.4797745673 1.6318005 0
 863 6097 6079 6 F  1.816069076 -0.3938915793 1.8169632 0
 864 6097 6079 6 M  1.963105306  0.4067694699 1.6154965 0
 865 6097 6079 6 M  2.157697652 -0.7628445436 1.8752493 0
 866 6097 5613 6 F  2.408092946 -0.8809943416 2.0824137 0
 867 6097 5613 6 F  0.994742703 -1.3195582031 1.8697956 0
 868 6097 5613 6 M  3.046726763  0.3593643898 2.1071287 0
 869 6097 5613 6 M  0.869571305 -0.3476151310 1.6288624 0
 870 6097 5613 6 M  1.829055103 -1.0724421964 1.9918326 0
 871 5683 6118 6 M  2.921114562  0.4613867984 1.7563027 0
 872 5683 6118 6 F  2.835050126  1.1244083005 1.6741463 0
 873 5683 6118 6 M  2.317232442  0.1006960099 1.7256774 0
 874 5683 6118 6 M  2.437071986 -0.1447053550 1.7663601 0
 875 5683 6118 6 F  3.290215530  0.9082393455 1.6947152 0
 876 5683 5605 6 F  0.975498136 -0.4396664837 1.6507246 0
 877 5683 5605 6 M  1.657600509 -0.3117815285 1.7190209 0
 878 5683 5605 6 M  3.267298532  0.4892188719 1.8190475 0
 879 5683 5605 6 F  2.414448639 -0.4547602478 1.8175529 0
 880 5683 5605 6 F  3.166481935  0.3141915028 1.8768846 0
 881 5784 5415 6 M  3.551614861  0.7772812700 1.9626194 0
 882 5784 5415 6 F  3.256230726  0.1290866946 1.9521496 0
 883 5784 5415 6 F  3.217515545  0.4267262770 1.9535004 0
 884 5784 5415 6 M  3.460495050 -0.0400149831 2.0958633 0
 885 5784 5415 6 F  3.649170640  0.3298117443 2.0059391 0
 886 5784 5357 6 M  1.115487894 -0.7349303381 1.8817238 0
 887 5784 5357 6 M  0.656217758 -0.6014413675 1.6180798 0
 888 5784 5357 6 F  3.617880671  1.1923182011 1.9765157 0
 889 5784 5357 6 F  1.369440193  0.2810216853 1.5834778 0
 890 5784 5357 6 M  0.207154537 -1.2395544454 1.6441466 0
 891 5541 6035 6 F  4.051544437  1.0072663329 1.9288615 0
 892 5541 6035 6 M  3.434990552  0.4496370293 1.9912720 0
 893 5541 6035 6 F  0.909342807 -1.2048538063 1.7315028 0
 894 5541 6035 6 M  4.289201183  1.2159315538 1.9893294 0
 895 5541 6035 6 M  3.581202437  0.6974389623 1.9577544 0
 896 5541 5337 6 F  1.393032325 -0.9142895147 1.6792994 0
 897 5541 5337 6 F  1.191314054 -0.2762877064 1.5892666 0
 898 5541 5337 6 M  1.225780416 -0.0604285944 1.6976352 0
 899 5541 5337 6 F  0.596666643 -0.5398171476 1.5879070 0
 900 5541 5337 6 M  1.311393483 -0.3674431562 1.5237899 0
 901 5719 6274 6 F  3.297667881  0.7402289414 1.9048871 0
 902 5719 6274 6 F  3.998270510  1.1951065532 1.9401860 0
 903 5719 6274 6 M  0.573854898 -1.4124226511 1.6486516 0
 904 5719 6274 6 F  3.203319898  0.8788220658 1.8122976 0
 905 5719 6274 6 M  1.770728639 -1.0198899371 1.9423622 0
 906 5719 5463 6 F  2.178296085 -0.3972398112 1.7426757 0
 907 5719 5463 6 F  2.378373422 -0.9533838405 2.0440302 0
 908 5719 5463 6 F  0.708490075 -0.9517829195 1.6221659 0
 909 5719 5463 6 F  5.069088772  1.7729621710 2.0809295 0
 910 5719 5463 6 F  1.643077240 -1.1296239722 1.8329715 0
 911 5572 5444 6 M  2.890513086  0.9994987733 1.7169798 0
 912 5572 5444 6 M  2.629484032  0.4890397109 1.8852744 0
 913 5572 5444 6 F  2.149228510 -0.2447811343 1.9103947 0
 914 5572 5444 6 F  3.774074622  1.8763883211 1.8013519 0
 915 5572 5444 6 F  2.038032642  0.1925654209 1.8104490 0
 916 5572 6273 6 M  2.698813760 -0.1826099254 2.0620579 0
 917 5572 6273 6 F  2.836271998 -0.1374562181 2.0944165 0
 918 5572 6273 6 F  2.782695406 -0.0977109277 2.0973477 0
 919 5572 6273 6 F  2.226658119 -0.8004619120 1.9388024 0
 920 5572 6273 6 M  2.176465211 -0.4758811419 2.0040356 0
 921 5961 5500 6 F  2.584520694  1.1078197457 1.7824982 0
 922 5961 5500 6 M  2.729136734  0.9764781778 1.7569644 0
 923 5961 5500 6 M  1.917107156 -0.2695776777 1.9102352 0
 924 5961 5500 6 M  0.789318423 -1.5198824920 1.9089279 0
 925 5961 5500 6 F  2.602162023  0.9674662446 1.8670632 0
 926 5961 5406 6 M  1.466007920 -0.6052862587 2.0499850 0
 927 5961 5406 6 M  2.623537616  0.0488895704 2.0216430 0
 928 5961 5406 6 F  3.694049061  0.4215450713 2.0950267 0
 929 5961 5406 6 M  2.476087662  0.3314750773 1.9604665 0
 930 5961 5406 6 M  1.225257658 -0.8907687278 1.8081952 0
 931 5342 5809 6 M  2.960959051  0.7205094574 1.9377316 0
 932 5342 5809 6 F  1.956944312 -0.4269027517 1.8525110 0
 933 5342 5809 6 F  1.940808261 -0.5800863489 1.9376507 0
 934 5342 5809 6 M  3.110242132  0.2670768143 1.9637230 0
 935 5342 5809 6 M  4.368610146  1.3190622377 2.1520151 0
 936 5342 6122 6 F  3.067047190  0.3843630531 1.9091399 0
 937 5342 6122 6 F  4.061551372  0.8793847230 2.0567959 0
 938 5342 6122 6 M  2.592365267 -0.2180120307 1.9934247 0
 939 5342 6122 6 M  4.495143723  0.9998155308 2.1453416 0
 940 5342 6122 6 M  2.769373868 -0.1570983047 1.9932179 0
 941 5720 5313 6 F  0.765026098 -0.4885269259 1.5459174 0
 942 5720 5313 6 M  2.059375626 -0.2932813069 1.8026924 0
 943 5720 5313 6 F  3.331060755  0.8503847119 1.8935003 0
 944 5720 5313 6 F  2.241378999  0.4551324270 1.6062166 0
 945 5720 5313 6 F  2.887044362  0.9166486011 1.6399752 0
 946 5720 6083 6 F  2.618179366  0.4659902970 1.8188285 0
 947 5720 6083 6 M  2.967565034  0.2617438934 1.9043076 0
 948 5720 6083 6 F  1.085788386 -1.3569613496 1.8222275 0
 949 5720 6083 6 F  2.285769588  0.1911181622 1.8057068 0
 950 5720 6083 6 M  2.177115273  0.0592030794 1.7118303 0
 951 5640 5475 6 M  2.688074362 -0.2163854494 1.9350652 0
 952 5640 5475 6 F  1.335123288 -0.9143941150 1.7480911 0
 953 5640 5475 6 F  2.941038441  0.9662885687 1.8168136 0
 954 5640 5475 6 F  1.787655029 -0.1945603923 1.6797289 0
 955 5640 5475 6 M  2.240137695  0.4907308151 1.5874047 0
 956 5640 6015 6 M  3.303691085  0.5056956573 2.1147202 0
 957 5640 6015 6 M  1.906376139 -0.1565418362 1.7134734 0
 958 5640 6015 6 M  1.245084265  0.0823425331 1.5223942 0
 959 5640 6015 6 M  2.787417937  0.6348080296 1.6406882 0
 960 5640 6015 6 F  4.077609489  1.2206900909 2.0960950 0
 961 5991 5312 6 F  0.321776780 -1.0029939267 1.5313391 0
 962 5991 5312 6 M  1.188527563 -0.7623087806 1.8370026 0
 963 5991 5312 6 F  3.916301189  1.3207139376 1.9997777 0
 964 5991 5312 6 M  2.124951809  0.5833239758 1.7148178 0
 965 5991 5312 6 M  2.696060715  0.7742451281 1.9206744 0
 966 5991 5745 6 M  2.625143924  0.2219477713 1.9047309 0
 967 5991 5745 6 F  1.019631665 -0.8675092144 1.9754787 0
 968 5991 5745 6 F  2.742009994  0.8773305011 1.8948519 0
 969 5991 5745 6 M  3.026115186  0.2270089238 2.0406093 0
 970 5991 5745 6 M  1.442431675 -0.6401509310 1.8182605 0
 971 5420 5915 6 F -0.251784694  0.1978375207 0.9896290 0
 972 5420 5915 6 M -0.665719475 -0.8902916530 1.2652680 0
 973 5420 5915 6 F -0.191294756 -0.5647223483 1.2230513 0
 974 5420 5915 6 M -0.913654669 -0.8485967645 1.1660267 0
 975 5420 5915 6 F -1.387603835 -1.1684073241 0.9005142 0
 976 5420 5435 6 F  1.173779203 -0.3254533420 1.7224714 0
 977 5420 5435 6 F  2.146320470 -0.2316703688 1.8164172 0
 978 5420 5435 6 F  1.568430441  0.1397384715 1.6863170 0
 979 5420 5435 6 F  1.590897210 -0.0917539080 1.7236043 0
 980 5420 5435 6 M  1.726096267 -0.5353012431 1.7961961 0
 981 6238 6107 6 M  0.753317012 -0.9468987905 1.7713773 0
 982 6238 6107 6 F  1.819019360  0.5003958194 1.5585435 0
 983 6238 6107 6 M  1.552484953  0.4299055856 1.3770232 0
 984 6238 6107 6 M  2.831217015 -0.0660124623 1.8931805 0
 985 6238 6107 6 F  2.595075093  0.0525151447 1.7831236 0
 986 6238 5432 6 F  1.509108766 -0.3771044507 1.7602804 0
 987 6238 5432 6 F  3.035720746  1.0322797473 1.6809304 0
 988 6238 5432 6 F  0.857943420 -0.8418595629 1.9841380 0
 989 6238 5432 6 M  2.351354544  0.7814832449 1.8361115 0
 990 6238 5432 6 M  1.546824301  0.1602608657 1.4908207 0
 991 6185 6210 6 F  1.990003596  0.2112240504 1.8420015 0
 992 6185 6210 6 F  3.620982269  0.8269645320 1.8841434 0
 993 6185 6210 6 F  1.797146053 -0.7535468331 1.8553253 0
 994 6185 6210 6 F  3.378949537  0.6857224816 1.8560926 0
 995 6185 6210 6 F  1.563960721 -1.2828882651 1.9766682 0
 996 6185 5497 6 F -1.369257304 -1.2071203635 0.9640863 0
 997 6185 5497 6 F -0.264248620 -0.4659941332 1.0389837 0
 998 6185 5497 6 M  2.313344232  1.9450229901 1.1526727 0
 999 6185 5497 6 M  0.498131805  0.3568315470 1.1308727 0
1000 6185 5497 6 F  0.970630639  0.7370948623 1.1206006 0
