ID Generation Chr Freq.Allele1 Freq.Allele2
   M1 5 1 0.2950 0.705000013
   M2 5 1 0.3355 0.664499998
   M3 5 1 0.6920 0.308000028
   M4 5 1 0.6895 0.310500026
   M5 5 1 0.0180 0.982000001
   M6 5 1 0.6055 0.394500017
   M7 5 1 0.6095 0.390500009
   M8 5 1 0.4090 0.590999991
   M9 5 1 0.3610 0.638999999
  M10 5 1 0.6840 0.315999985
  M11 5 1 0.6395 0.360499978
  M12 5 1 0.6570 0.342999995
  M13 5 1 0.9850 0.014999986
  M14 5 1 0.8680 0.132000029
  M15 5 1 0.7580 0.241999984
  M16 5 1 0.6930 0.306999981
  M17 5 1 0.2555 0.744500011
  M18 5 1 0.5750 0.425000012
  M19 5 1 0.4680 0.532000005
  M20 5 1 0.9765 0.023500025
  M21 5 1 0.6920 0.308000028
  M22 5 1 0.3470 0.652999997
  M23 5 1 0.6245 0.375500023
  M24 5 1 0.0275 0.972500000
  M25 5 1 0.6795 0.320500016
  M26 5 1 0.5270 0.472999990
  M27 5 1 0.4555 0.544499993
  M28 5 1 0.6405 0.359499991
  M29 5 1 0.4300 0.569999993
  M30 5 1 0.6760 0.324000001
  M31 5 1 0.0305 0.969500000
  M32 5 1 0.3015 0.698500007
  M33 5 1 0.8925 0.107500017
  M34 5 1 0.3355 0.664499998
  M35 5 1 0.7000 0.300000012
  M36 5 1 0.4870 0.513000011
  M37 5 1 0.8280 0.171999991
  M38 5 1 0.2810 0.719000012
  M39 5 1 0.2795 0.720499992
  M40 5 1 0.7375 0.262499988
  M41 5 1 0.8185 0.181500018
  M42 5 1 0.5895 0.410499990
  M43 5 1 0.7540 0.245999992
  M44 5 1 0.7260 0.273999989
  M45 5 1 0.6575 0.342499971
  M46 5 1 0.1045 0.895499997
  M47 5 1 0.2875 0.712500006
  M48 5 1 0.4485 0.551499993
  M49 5 1 0.3010 0.699000001
  M50 5 1 0.4560 0.544000000
  M51 5 1 0.4460 0.553999990
  M52 5 1 0.8075 0.192499995
  M53 5 1 0.3975 0.602499992
  M54 5 1 0.4880 0.511999995
  M55 5 1 0.1910 0.809000000
  M56 5 1 0.2680 0.731999993
  M57 5 1 0.4280 0.571999997
  M58 5 1 0.4715 0.528499991
  M59 5 1 0.7730 0.226999998
  M60 5 1 0.6335 0.366500020
  M61 5 1 0.7330 0.267000020
  M62 5 1 0.3940 0.606000006
  M63 5 1 0.2705 0.729499996
  M64 5 1 0.4530 0.546999991
  M65 5 1 0.9330 0.066999972
  M66 5 1 0.6525 0.347500026
  M67 5 1 0.4010 0.599000007
  M68 5 1 0.6080 0.392000020
  M69 5 1 0.7820 0.217999995
  M70 5 1 0.3590 0.641000003
  M71 5 1 0.6150 0.384999990
  M72 5 1 0.5235 0.476499975
  M73 5 1 0.6630 0.337000012
  M74 5 1 0.6485 0.351499975
  M75 5 1 0.6115 0.388499975
  M76 5 1 0.5045 0.495500028
  M77 5 1 0.6110 0.388999999
  M78 5 1 0.2820 0.717999995
  M79 5 1 0.4260 0.574000001
  M80 5 1 0.2545 0.745499998
  M81 5 1 0.8030 0.197000027
  M82 5 1 0.3775 0.622500002
  M83 5 1 0.2900 0.710000008
  M84 5 1 0.1290 0.871000007
  M85 5 1 0.0860 0.913999997
  M86 5 1 0.6085 0.391499996
  M87 5 1 0.6770 0.323000014
  M88 5 1 0.1310 0.869000003
  M89 5 1 0.5775 0.422500014
  M90 5 1 0.8070 0.193000019
  M91 5 1 0.9155 0.084500015
  M92 5 1 0.8545 0.145500004
  M93 5 1 0.0400 0.960000001
  M94 5 1 0.3815 0.618499994
  M95 5 1 0.2770 0.722999990
  M96 5 1 0.6540 0.346000016
  M97 5 1 0.7710 0.228999972
  M98 5 1 0.4665 0.533499986
  M99 5 1 0.7585 0.241500020
 M100 5 1 0.6745 0.325500011
 M101 5 1 0.2525 0.747500002
 M102 5 1 0.0650 0.935000002
 M103 5 1 0.0425 0.957500000
 M104 5 1 0.7750 0.225000024
 M105 5 1 0.7150 0.285000026
 M106 5 1 0.8780 0.121999979
 M107 5 1 0.4710 0.529000014
 M108 5 1 0.6975 0.302500010
 M109 5 1 0.4235 0.576499999
 M110 5 1 0.3190 0.680999994
 M111 5 1 0.8045 0.195500016
 M112 5 1 0.3080 0.692000002
 M113 5 1 0.5155 0.484499991
 M114 5 1 0.6390 0.361000001
 M115 5 1 0.7740 0.226000011
 M116 5 1 0.2650 0.735000014
 M117 5 1 0.2465 0.753500000
 M118 5 1 0.8175 0.182500005
 M119 5 1 0.3275 0.672500014
 M120 5 1 0.0895 0.910499997
 M121 5 1 0.5865 0.413500011
 M122 5 1 0.1915 0.808500007
 M123 5 1 0.7140 0.286000013
 M124 5 1 0.6870 0.313000023
 M125 5 1 0.9245 0.075500011
 M126 5 1 0.4235 0.576499999
 M127 5 1 0.8985 0.101499975
 M128 5 1 0.4980 0.502000004
 M129 5 1 0.3135 0.686500013
 M130 5 1 0.4905 0.509499997
 M131 5 1 0.4405 0.559500009
 M132 5 1 0.7510 0.249000013
 M133 5 1 0.7600 0.240000010
 M134 5 1 0.3205 0.679500014
 M135 5 1 0.4450 0.555000007
 M136 5 1 0.1595 0.840499997
 M137 5 1 0.7725 0.227500021
 M138 5 1 0.7910 0.208999991
 M139 5 1 0.3045 0.695499986
 M140 5 1 0.4200 0.580000013
 M141 5 1 0.3900 0.610000014
 M142 5 1 0.2230 0.776999995
 M143 5 1 0.4735 0.526499987
 M144 5 1 0.3450 0.655000001
 M145 5 1 0.6795 0.320500016
 M146 5 1 0.4545 0.545500010
 M147 5 1 0.9250 0.074999988
 M148 5 1 0.4420 0.557999998
 M149 5 1 0.3175 0.682500005
 M150 5 1 0.2705 0.729499996
 M151 5 1 0.1290 0.871000007
 M152 5 1 0.0580 0.942000002
 M153 5 1 0.6005 0.399500012
 M154 5 1 0.3625 0.637499988
 M155 5 1 0.2800 0.719999999
 M156 5 1 0.2575 0.742500007
 M157 5 1 0.7305 0.269500017
 M158 5 1 0.5960 0.403999984
 M159 5 1 0.7320 0.268000007
 M160 5 1 0.4295 0.570499986
 M161 5 1 0.8445 0.155499995
 M162 5 1 0.6270 0.373000026
 M163 5 1 0.6990 0.300999999
 M164 5 1 0.9325 0.067499995
 M165 5 1 0.3385 0.661500007
 M166 5 1 0.2180 0.782000005
 M167 5 1 0.0160 0.983999999
 M168 5 1 0.4780 0.522000015
 M169 5 1 0.6310 0.369000018
 M170 5 1 0.4600 0.539999992
 M171 5 1 0.4940 0.506000012
 M172 5 1 0.0400 0.960000001
 M173 5 1 0.1670 0.833000004
 M174 5 1 0.7605 0.239499986
 M175 5 1 0.5520 0.448000014
 M176 5 1 0.5735 0.426500022
 M177 5 1 0.4180 0.581999987
 M178 5 1 0.7875 0.212499976
 M179 5 1 0.8990 0.101000011
 M180 5 1 0.1745 0.825499997
 M181 5 1 0.5315 0.468500018
 M182 5 1 0.6570 0.342999995
 M183 5 1 0.7415 0.258499980
 M184 5 1 0.3560 0.643999994
 M185 5 1 0.5580 0.441999972
 M186 5 1 0.6475 0.352500021
 M187 5 1 0.6800 0.319999993
 M188 5 1 0.1710 0.828999996
 M189 5 1 0.3150 0.685000002
 M190 5 1 0.8670 0.133000016
 M191 5 1 0.5980 0.402000010
 M192 5 1 0.0745 0.925499998
 M193 5 1 0.6960 0.304000020
 M194 5 1 0.8470 0.152999997
 M195 5 1 0.3070 0.692999989
 M196 5 1 0.8970 0.102999985
 M197 5 1 0.1865 0.813500002
 M198 5 1 0.1480 0.851999998
 M199 5 1 0.1415 0.858500004
 M200 5 1 0.8900 0.110000014
 M201 5 1 0.3975 0.602499992
 M202 5 1 0.7275 0.272499979
 M203 5 1 0.8530 0.147000015
 M204 5 1 0.7490 0.250999987
 M205 5 1 0.6645 0.335500002
 M206 5 1 0.4190 0.581000000
 M207 5 1 0.2745 0.725499988
 M208 5 1 0.5295 0.470499992
 M209 5 1 0.3490 0.650999993
 M210 5 1 0.5665 0.433499992
 M211 5 1 0.4245 0.575500011
 M212 5 1 0.2730 0.726999998
 M213 5 1 0.1975 0.802499995
 M214 5 1 0.6110 0.388999999
 M215 5 1 0.8375 0.162500024
 M216 5 1 0.2490 0.751000002
 M217 5 1 0.1775 0.822500005
 M218 5 1 0.9050 0.095000029
 M219 5 1 0.5455 0.454500020
 M220 5 1 0.8895 0.110499978
 M221 5 1 0.3585 0.641499996
 M222 5 1 0.7675 0.232500017
 M223 5 1 0.7785 0.221499979
 M224 5 1 0.6755 0.324500024
 M225 5 1 0.8795 0.120500028
 M226 5 1 0.6225 0.377499998
 M227 5 1 0.6255 0.374499977
 M228 5 1 0.8460 0.153999984
 M229 5 1 0.6510 0.348999977
 M230 5 1 0.6610 0.338999987
 M231 5 1 0.3785 0.621499985
 M232 5 1 0.1795 0.820500001
 M233 5 1 0.1155 0.884499997
 M234 5 1 0.1285 0.871500000
 M235 5 1 0.6260 0.374000013
 M236 5 1 0.6585 0.341499984
 M237 5 1 0.9790 0.021000028
 M238 5 1 0.4120 0.588000000
 M239 5 1 0.0000 1.000000000
 M240 5 1 0.9315 0.068499982
 M241 5 1 0.5625 0.437500000
 M242 5 1 0.8920 0.107999980
 M243 5 1 0.3845 0.615500003
 M244 5 1 0.4945 0.505499989
 M245 5 1 0.2035 0.796499997
 M246 5 1 0.2915 0.708499998
 M247 5 1 0.0725 0.927500002
 M248 5 1 0.8130 0.186999977
 M249 5 1 0.9375 0.062500000
 M250 5 1 0.4640 0.536000013
 M251 5 1 0.7960 0.203999996
 M252 5 1 0.6660 0.333999991
 M253 5 1 0.5005 0.499499977
 M254 5 1 0.8095 0.190500021
 M255 5 1 0.0335 0.966499999
 M256 5 1 0.7250 0.274999976
 M257 5 1 0.4640 0.536000013
 M258 5 1 0.5955 0.404500008
 M259 5 1 0.2420 0.758000001
 M260 5 1 0.3485 0.651499987
 M261 5 1 0.2400 0.760000005
 M262 5 1 0.8660 0.134000003
 M263 5 1 0.4210 0.578999996
 M264 5 1 0.7155 0.284500003
 M265 5 1 0.2815 0.718499988
 M266 5 1 0.1475 0.852500007
 M267 5 1 0.2645 0.735500008
 M268 5 1 0.7100 0.290000021
 M269 5 1 0.4695 0.530499995
 M270 5 1 0.0880 0.912000000
 M271 5 1 0.0335 0.966499999
 M272 5 1 0.5255 0.474500000
 M273 5 1 0.5865 0.413500011
 M274 5 1 0.4475 0.552500010
 M275 5 1 0.9525 0.047500014
 M276 5 1 0.0000 1.000000000
 M277 5 1 0.7805 0.219500005
 M278 5 1 0.6235 0.376500010
 M279 5 1 0.3460 0.654000014
 M280 5 1 0.8750 0.125000000
 M281 5 1 0.5695 0.430499971
 M282 5 1 0.7045 0.295499980
 M283 5 1 0.7450 0.254999995
 M284 5 1 0.3870 0.613000005
 M285 5 1 0.7765 0.223500013
 M286 5 1 0.8085 0.191500008
 M287 5 1 0.4610 0.539000005
 M288 5 1 0.4395 0.560499996
 M289 5 1 0.3810 0.618999988
 M290 5 1 0.0295 0.970500000
 M291 5 1 0.2405 0.759499997
 M292 5 1 0.6520 0.347999990
 M293 5 1 0.3035 0.696500003
 M294 5 1 0.5670 0.433000028
 M295 5 1 0.9240 0.075999975
 M296 5 1 0.6715 0.328499973
 M297 5 1 0.4900 0.509999990
 M298 5 1 0.9275 0.072499990
 M299 5 1 0.7960 0.203999996
 M300 5 1 0.1785 0.821500003
 M301 5 1 0.0620 0.938000001
 M302 5 1 0.5835 0.416499972
 M303 5 1 0.3530 0.647000015
 M304 5 1 0.2335 0.766499996
 M305 5 1 0.1805 0.819499999
 M306 5 1 0.9545 0.045499980
 M307 5 1 0.1685 0.831499994
 M308 5 1 0.7145 0.285499990
 M309 5 1 0.2800 0.719999999
 M310 5 1 0.7400 0.259999990
 M311 5 1 0.9790 0.021000028
 M312 5 1 0.2320 0.768000007
 M313 5 1 0.4235 0.576499999
 M314 5 1 0.6235 0.376500010
 M315 5 1 0.9930 0.007000029
 M316 5 1 0.1035 0.896499999
 M317 5 1 0.0150 0.985000000
 M318 5 1 0.2450 0.754999995
 M319 5 1 0.1310 0.869000003
 M320 5 1 0.3735 0.626500010
 M321 5 1 0.2225 0.777500004
 M322 5 1 0.5535 0.446500003
 M323 5 1 0.7120 0.287999988
 M324 5 1 0.6420 0.357999980
 M325 5 1 0.6050 0.394999981
 M326 5 1 0.2830 0.717000008
 M327 5 1 0.3885 0.611499995
 M328 5 1 0.4830 0.516999990
 M329 5 1 0.3395 0.660499990
 M330 5 1 0.2610 0.738999993
 M331 5 1 0.6530 0.347000003
 M332 5 1 0.6130 0.387000024
 M333 5 1 0.4655 0.534500003
 M334 5 1 0.7260 0.273999989
 M335 5 1 0.6800 0.319999993
 M336 5 1 0.3180 0.682000011
 M337 5 1 0.7435 0.256500006
 M338 5 1 0.5550 0.444999993
 M339 5 1 0.7940 0.205999970
 M340 5 1 0.4910 0.509000003
 M341 5 1 0.5610 0.439000010
 M342 5 1 0.4525 0.547500014
 M343 5 1 0.7185 0.281499982
 M344 5 1 0.4680 0.532000005
 M345 5 1 0.6180 0.382000029
 M346 5 1 0.6525 0.347500026
 M347 5 1 0.4700 0.530000001
 M348 5 1 0.9880 0.012000024
 M349 5 1 0.4170 0.583000004
 M350 5 1 0.4600 0.539999992
 M351 5 1 0.3595 0.640500009
 M352 5 1 0.2750 0.724999994
 M353 5 1 0.7615 0.238499999
 M354 5 1 0.3740 0.625999987
 M355 5 1 0.5570 0.443000019
 M356 5 1 0.4860 0.513999999
 M357 5 1 0.1710 0.828999996
 M358 5 1 0.3560 0.643999994
 M359 5 1 0.7505 0.249499977
 M360 5 1 0.1945 0.805500001
 M361 5 1 0.3020 0.698000014
 M362 5 1 0.8750 0.125000000
 M363 5 1 0.5490 0.450999975
 M364 5 1 0.6980 0.301999986
 M365 5 1 0.6390 0.361000001
 M366 5 1 0.7370 0.263000011
 M367 5 1 0.2180 0.782000005
 M368 5 1 0.5760 0.424000025
 M369 5 1 0.3125 0.687500000
 M370 5 1 0.1070 0.892999999
 M371 5 1 0.9360 0.064000010
 M372 5 1 0.1125 0.887500003
 M373 5 1 0.3645 0.635500014
 M374 5 1 0.3890 0.611000001
 M375 5 1 0.8315 0.168500006
 M376 5 1 0.8545 0.145500004
 M377 5 1 0.9515 0.048500001
 M378 5 1 0.4365 0.563499987
 M379 5 1 0.2350 0.765000001
 M380 5 1 0.9920 0.008000016
 M381 5 1 0.7785 0.221499979
 M382 5 1 0.4860 0.513999999
 M383 5 1 0.1525 0.847499996
 M384 5 1 0.1885 0.811499998
 M385 5 1 0.4950 0.504999995
 M386 5 1 0.0000 1.000000000
 M387 5 1 0.8210 0.179000020
 M388 5 1 0.1815 0.818499997
 M389 5 1 0.8680 0.132000029
 M390 5 1 0.9535 0.046500027
 M391 5 1 0.0950 0.905000001
 M392 5 1 0.4190 0.581000000
 M393 5 1 0.7635 0.236500025
 M394 5 1 0.4885 0.511500001
 M395 5 1 0.9715 0.028500021
 M396 5 1 0.1410 0.858999997
 M397 5 1 0.8360 0.163999975
 M398 5 1 0.6300 0.370000005
 M399 5 1 0.5100 0.490000010
 M400 5 1 0.0860 0.913999997
 M401 5 1 0.5335 0.466499984
 M402 5 1 0.8130 0.186999977
 M403 5 1 0.6150 0.384999990
 M404 5 1 0.2095 0.790500000
 M405 5 1 0.5520 0.448000014
 M406 5 1 0.1385 0.861499995
 M407 5 1 0.8905 0.109499991
 M408 5 1 0.4080 0.592000008
 M409 5 1 0.2005 0.799500003
 M410 5 1 0.4210 0.578999996
 M411 5 1 0.0950 0.905000001
 M412 5 1 0.0055 0.994500000
 M413 5 1 0.1090 0.891000003
 M414 5 1 0.5080 0.491999984
 M415 5 1 0.1310 0.869000003
 M416 5 1 0.5520 0.448000014
 M417 5 1 0.5050 0.495000005
 M418 5 1 0.1265 0.873500004
 M419 5 1 0.6180 0.382000029
 M420 5 1 0.7865 0.213500023
 M421 5 1 0.8125 0.187500000
 M422 5 1 0.7010 0.299000025
 M423 5 1 0.2320 0.768000007
 M424 5 1 0.6760 0.324000001
 M425 5 1 0.2805 0.719500005
 M426 5 1 0.5860 0.413999975
 M427 5 1 0.4505 0.549499989
 M428 5 1 0.8355 0.164499998
 M429 5 1 0.8810 0.119000018
 M430 5 1 0.5135 0.486500025
 M431 5 1 0.3790 0.620999992
 M432 5 1 0.9115 0.088500023
 M433 5 1 0.1715 0.828500003
 M434 5 1 0.7170 0.282999992
 M435 5 1 0.2425 0.757499993
 M436 5 1 0.3715 0.628500015
 M437 5 1 0.1415 0.858500004
 M438 5 1 0.1540 0.846000001
 M439 5 1 0.1700 0.829999998
 M440 5 1 0.6875 0.312500000
 M441 5 1 0.2575 0.742500007
 M442 5 1 0.6150 0.384999990
 M443 5 1 0.5480 0.452000022
 M444 5 1 0.7480 0.251999974
 M445 5 1 0.8725 0.127499998
 M446 5 1 0.8255 0.174499989
 M447 5 1 0.8910 0.109000027
 M448 5 1 0.4415 0.558499992
 M449 5 1 0.7875 0.212499976
 M450 5 1 0.5510 0.449000001
 M451 5 1 0.0740 0.925999999
 M452 5 1 0.4210 0.578999996
 M453 5 1 0.6680 0.332000017
 M454 5 1 0.6805 0.319500029
 M455 5 2 0.3985 0.601500005
 M456 5 2 0.4980 0.502000004
 M457 5 2 0.6990 0.300999999
 M458 5 2 0.6875 0.312500000
 M459 5 2 0.2575 0.742500007
 M460 5 2 0.3840 0.615999997
 M461 5 2 0.5925 0.407500029
 M462 5 2 0.1270 0.872999996
 M463 5 2 0.7085 0.291499972
 M464 5 2 0.5785 0.421500027
 M465 5 2 0.1890 0.811000004
 M466 5 2 0.1475 0.852500007
 M467 5 2 0.4565 0.543500006
 M468 5 2 0.3990 0.601000011
 M469 5 2 0.0900 0.909999996
 M470 5 2 0.1350 0.864999995
 M471 5 2 0.6690 0.330999970
 M472 5 2 0.0185 0.981500000
 M473 5 2 0.6630 0.337000012
 M474 5 2 0.0460 0.954000000
 M475 5 2 0.9250 0.074999988
 M476 5 2 0.7800 0.220000029
 M477 5 2 0.2565 0.743499994
 M478 5 2 0.8570 0.143000007
 M479 5 2 0.8915 0.108500004
 M480 5 2 0.1535 0.846499994
 M481 5 2 0.2660 0.733999997
 M482 5 2 0.8230 0.176999986
 M483 5 2 0.8985 0.101499975
 M484 5 2 0.6895 0.310500026
 M485 5 2 0.6140 0.385999978
 M486 5 2 0.4325 0.567499995
 M487 5 2 0.6370 0.362999976
 M488 5 2 0.4405 0.559500009
 M489 5 2 0.3140 0.685999990
 M490 5 2 0.1205 0.879500002
 M491 5 2 0.3515 0.648499995
 M492 5 2 0.9775 0.022499979
 M493 5 2 0.9805 0.019500017
 M494 5 2 0.5355 0.464500010
 M495 5 2 0.3090 0.691000015
 M496 5 2 0.0900 0.909999996
 M497 5 2 0.8965 0.103500009
 M498 5 2 0.9475 0.052500010
 M499 5 2 0.3940 0.606000006
 M500 5 2 0.5830 0.416999996
 M501 5 2 0.7880 0.212000012
 M502 5 2 0.5560 0.444000006
 M503 5 2 0.7860 0.213999987
 M504 5 2 0.6320 0.367999971
 M505 5 2 0.4670 0.532999992
 M506 5 2 0.4160 0.583999991
 M507 5 2 0.3505 0.649500012
 M508 5 2 0.2105 0.789499998
 M509 5 2 0.3475 0.652500004
 M510 5 2 0.9450 0.055000007
 M511 5 2 0.5305 0.469500005
 M512 5 2 0.8915 0.108500004
 M513 5 2 0.9460 0.054000020
 M514 5 2 0.7400 0.259999990
 M515 5 2 0.6755 0.324500024
 M516 5 2 0.3070 0.692999989
 M517 5 2 0.0865 0.913500004
 M518 5 2 0.6860 0.314000010
 M519 5 2 0.6895 0.310500026
 M520 5 2 0.8315 0.168500006
 M521 5 2 1.0000 0.000000000
 M522 5 2 0.3225 0.677500010
 M523 5 2 0.5105 0.489499986
 M524 5 2 0.5885 0.411499977
 M525 5 2 0.1240 0.876000002
 M526 5 2 0.7685 0.231500030
 M527 5 2 0.3430 0.657000005
 M528 5 2 0.2345 0.765499994
 M529 5 2 0.8985 0.101499975
 M530 5 2 0.8995 0.100499988
 M531 5 2 0.2425 0.757499993
 M532 5 2 0.3920 0.608000010
 M533 5 2 0.3105 0.689500004
 M534 5 2 0.2165 0.783500001
 M535 5 2 0.7200 0.279999971
 M536 5 2 0.2320 0.768000007
 M537 5 2 0.7735 0.226499975
 M538 5 2 0.6415 0.358500004
 M539 5 2 0.9645 0.035499990
 M540 5 2 0.1040 0.895999998
 M541 5 2 0.5150 0.485000014
 M542 5 2 0.2180 0.782000005
 M543 5 2 0.1750 0.825000003
 M544 5 2 0.3940 0.606000006
 M545 5 2 0.2520 0.747999996
 M546 5 2 0.1045 0.895499997
 M547 5 2 0.9010 0.098999977
 M548 5 2 0.7610 0.239000022
 M549 5 2 0.4265 0.573500007
 M550 5 2 0.7025 0.297500014
 M551 5 2 0.1285 0.871500000
 M552 5 2 0.1930 0.806999996
 M553 5 2 0.8140 0.185999990
 M554 5 2 0.4155 0.584500015
 M555 5 2 0.0725 0.927500002
 M556 5 2 0.3830 0.617000014
 M557 5 2 0.0830 0.917000003
 M558 5 2 0.4645 0.535499990
 M559 5 2 0.4500 0.550000012
 M560 5 2 0.7605 0.239499986
 M561 5 2 0.2550 0.745000005
 M562 5 2 0.5815 0.418500006
 M563 5 2 0.4725 0.527500004
 M564 5 2 0.4070 0.592999995
 M565 5 2 0.9230 0.077000022
 M566 5 2 0.7785 0.221499979
 M567 5 2 0.3850 0.615000010
 M568 5 2 0.3525 0.647500008
 M569 5 2 0.1105 0.889500000
 M570 5 2 0.7930 0.207000017
 M571 5 2 0.5285 0.471499979
 M572 5 2 0.0300 0.970000001
 M573 5 2 0.3020 0.698000014
 M574 5 2 0.6075 0.392499983
 M575 5 2 0.4195 0.580500007
 M576 5 2 0.2585 0.741499990
 M577 5 2 0.8485 0.151499987
 M578 5 2 0.4295 0.570499986
 M579 5 2 0.8670 0.133000016
 M580 5 2 0.9355 0.064499974
 M581 5 2 0.2870 0.713000000
 M582 5 2 0.5410 0.458999991
 M583 5 2 0.3945 0.605500013
 M584 5 2 0.1840 0.816000000
 M585 5 2 0.4645 0.535499990
 M586 5 2 0.8870 0.112999976
 M587 5 2 0.1860 0.813999996
 M588 5 2 0.3700 0.629999995
 M589 5 2 0.4005 0.599500000
 M590 5 2 0.4230 0.576999992
 M591 5 2 0.4235 0.576499999
 M592 5 2 0.4425 0.557500005
 M593 5 2 0.2140 0.785999998
 M594 5 2 0.1335 0.866500005
 M595 5 2 0.8755 0.124499977
 M596 5 2 0.3490 0.650999993
 M597 5 2 0.0700 0.930000000
 M598 5 2 0.7125 0.287500024
 M599 5 2 0.3700 0.629999995
 M600 5 2 0.6400 0.360000014
 M601 5 2 0.5905 0.409500003
 M602 5 2 0.4590 0.541000009
 M603 5 2 0.9245 0.075500011
 M604 5 2 0.1875 0.812500000
 M605 5 2 0.4645 0.535499990
 M606 5 2 0.6045 0.395500004
 M607 5 2 0.3995 0.600499988
 M608 5 2 0.5825 0.417500019
 M609 5 2 0.4485 0.551499993
 M610 5 2 0.7195 0.280499995
 M611 5 2 0.0645 0.935500003
 M612 5 2 0.5760 0.424000025
 M613 5 2 0.8070 0.193000019
 M614 5 2 0.9190 0.080999970
 M615 5 2 0.7650 0.235000014
 M616 5 2 0.5685 0.431500018
 M617 5 2 0.4635 0.536500007
 M618 5 2 0.6005 0.399500012
 M619 5 2 0.0000 1.000000000
 M620 5 2 0.7785 0.221499979
 M621 5 2 0.7665 0.233500004
 M622 5 2 0.6745 0.325500011
 M623 5 2 0.6390 0.361000001
 M624 5 2 0.5785 0.421500027
 M625 5 2 0.3605 0.639499992
 M626 5 2 0.6710 0.328999996
 M627 5 2 0.3375 0.662499994
 M628 5 2 0.8470 0.152999997
 M629 5 2 0.7405 0.259500027
 M630 5 2 0.4895 0.510500014
 M631 5 2 0.5570 0.443000019
 M632 5 2 0.7990 0.200999975
 M633 5 2 0.3535 0.646499991
 M634 5 2 0.7450 0.254999995
 M635 5 2 0.2060 0.794000000
 M636 5 2 0.5225 0.477500021
 M637 5 2 0.4330 0.567000002
 M638 5 2 0.2400 0.760000005
 M639 5 2 0.8130 0.186999977
 M640 5 2 0.9655 0.034500003
 M641 5 2 0.1485 0.851500005
 M642 5 2 0.7220 0.277999997
 M643 5 2 0.8175 0.182500005
 M644 5 2 0.1800 0.819999993
 M645 5 2 0.6915 0.308499992
 M646 5 2 0.7225 0.277499974
 M647 5 2 0.5945 0.405499995
 M648 5 2 0.3470 0.652999997
 M649 5 2 0.6290 0.370999992
 M650 5 2 0.0195 0.980500000
 M651 5 2 0.6850 0.314999998
 M652 5 2 0.0840 0.916000001
 M653 5 2 0.9500 0.050000012
 M654 5 2 0.7900 0.209999979
 M655 5 2 0.0410 0.958999999
 M656 5 2 0.1180 0.881999999
 M657 5 2 0.6350 0.365000010
 M658 5 2 0.2550 0.745000005
 M659 5 2 0.8160 0.184000015
 M660 5 2 0.4450 0.555000007
 M661 5 2 0.1410 0.858999997
 M662 5 2 0.6510 0.348999977
 M663 5 2 0.1210 0.879000001
 M664 5 2 0.8340 0.166000009
 M665 5 2 0.4700 0.530000001
 M666 5 2 0.1495 0.850500003
 M667 5 2 0.2880 0.712000012
 M668 5 2 0.4995 0.500499994
 M669 5 2 0.1695 0.830500007
 M670 5 2 0.6015 0.398500025
 M671 5 2 0.6040 0.396000028
 M672 5 2 0.4175 0.582500011
 M673 5 2 0.8965 0.103500009
 M674 5 2 0.9405 0.059499979
 M675 5 2 0.6670 0.333000004
 M676 5 2 0.6340 0.365999997
 M677 5 2 0.1240 0.876000002
 M678 5 2 0.8925 0.107500017
 M679 5 2 0.6750 0.324999988
 M680 5 2 0.7065 0.293500006
 M681 5 2 0.6255 0.374499977
 M682 5 2 0.0430 0.956999999
 M683 5 2 0.7885 0.211499989
 M684 5 2 0.0595 0.940499999
 M685 5 2 0.3180 0.682000011
 M686 5 2 0.3200 0.680000007
 M687 5 2 0.3070 0.692999989
 M688 5 2 0.3620 0.638000011
 M689 5 2 0.5400 0.459999979
 M690 5 2 0.7520 0.248000026
 M691 5 2 0.1425 0.857500002
 M692 5 2 0.1850 0.814999998
 M693 5 2 0.1920 0.807999998
 M694 5 2 0.7670 0.232999980
 M695 5 2 0.6960 0.304000020
 M696 5 2 0.1465 0.853499994
 M697 5 2 0.2920 0.708000004
 M698 5 2 0.2345 0.765499994
 M699 5 2 0.6525 0.347500026
 M700 5 2 0.3405 0.659500003
 M701 5 2 0.6110 0.388999999
 M702 5 2 0.7660 0.234000027
 M703 5 2 0.4725 0.527500004
 M704 5 2 0.5295 0.470499992
 M705 5 2 0.8145 0.185500026
 M706 5 2 0.4220 0.578000009
 M707 5 2 0.4815 0.518500000
 M708 5 2 0.2170 0.783000007
 M709 5 2 0.8070 0.193000019
 M710 5 2 0.9965 0.003499985
 M711 5 2 0.2935 0.706499994
 M712 5 2 0.3715 0.628500015
 M713 5 2 0.3540 0.645999998
 M714 5 2 0.5405 0.459500015
 M715 5 2 0.7950 0.204999983
 M716 5 2 0.5285 0.471499979
 M717 5 2 0.8465 0.153500021
 M718 5 2 0.8720 0.128000021
 M719 5 2 0.0570 0.943000000
 M720 5 2 0.1275 0.872500002
 M721 5 2 0.7005 0.299499989
 M722 5 2 0.8865 0.113499999
 M723 5 2 0.5245 0.475499988
 M724 5 2 0.6055 0.394500017
 M725 5 2 0.0290 0.971000001
 M726 5 2 0.9800 0.019999981
 M727 5 2 0.1040 0.895999998
 M728 5 2 0.2825 0.717500001
 M729 5 2 0.7955 0.204500020
 M730 5 2 0.4955 0.504500002
 M731 5 2 0.7285 0.271499991
 M732 5 2 0.6165 0.383499980
 M733 5 2 0.7840 0.216000021
 M734 5 2 0.0980 0.902000003
 M735 5 2 0.5930 0.407000005
 M736 5 2 0.3075 0.692499995
 M737 5 2 0.5115 0.488499999
 M738 5 2 0.8900 0.110000014
 M739 5 2 0.3120 0.687999994
 M740 5 2 0.6720 0.328000009
 M741 5 2 0.1590 0.841000006
 M742 5 2 0.8810 0.119000018
 M743 5 2 0.2845 0.715499997
 M744 5 2 0.3775 0.622500002
 M745 5 2 0.6845 0.315500021
 M746 5 2 0.3565 0.643500000
 M747 5 2 0.3305 0.669499993
 M748 5 2 0.7450 0.254999995
 M749 5 2 0.7580 0.241999984
 M750 5 2 0.3460 0.654000014
 M751 5 2 0.9080 0.092000008
 M752 5 2 0.5760 0.424000025
 M753 5 2 0.0840 0.916000001
 M754 5 2 0.3415 0.658499986
 M755 5 2 0.6555 0.344500005
 M756 5 2 0.1350 0.864999995
 M757 5 2 0.7640 0.236000001
 M758 5 2 0.6920 0.308000028
 M759 5 2 0.1915 0.808500007
 M760 5 2 0.2915 0.708499998
 M761 5 2 0.9320 0.068000019
 M762 5 2 0.2295 0.770500004
 M763 5 2 0.3305 0.669499993
 M764 5 2 0.5680 0.431999981
 M765 5 2 0.7730 0.226999998
 M766 5 2 0.6915 0.308499992
 M767 5 2 0.6940 0.305999994
 M768 5 2 0.6890 0.310999990
 M769 5 2 0.9330 0.066999972
 M770 5 2 0.8875 0.112500012
 M771 5 2 0.1120 0.887999997
 M772 5 2 0.0895 0.910499997
 M773 5 2 0.5455 0.454500020
 M774 5 2 0.6655 0.334500015
 M775 5 2 0.9540 0.046000004
 M776 5 2 0.9455 0.054499984
 M777 5 2 0.8275 0.172500014
 M778 5 2 0.1290 0.871000007
 M779 5 2 0.1635 0.836500004
 M780 5 2 0.9450 0.055000007
 M781 5 2 0.2600 0.740000010
 M782 5 2 0.7165 0.283500016
 M783 5 2 0.4330 0.567000002
 M784 5 2 0.7495 0.250500023
 M785 5 2 0.6340 0.365999997
 M786 5 2 0.7975 0.202499986
 M787 5 2 0.2340 0.766000003
 M788 5 2 0.5730 0.426999986
 M789 5 2 0.1185 0.881499998
 M790 5 2 0.7110 0.288999975
 M791 5 2 0.0485 0.951499999
 M792 5 2 0.6355 0.364499986
 M793 5 2 0.1440 0.856000006
 M794 5 2 0.2550 0.745000005
 M795 5 2 0.6780 0.322000027
 M796 5 2 0.5345 0.465499997
 M797 5 2 0.6395 0.360499978
 M798 5 2 0.7785 0.221499979
 M799 5 2 0.1370 0.863000005
 M800 5 2 0.5275 0.472500026
 M801 5 2 0.1655 0.834500000
 M802 5 2 0.4230 0.576999992
 M803 5 2 0.2135 0.786500007
 M804 5 2 0.3920 0.608000010
 M805 5 2 0.6135 0.386500001
 M806 5 2 0.5500 0.449999988
 M807 5 2 0.7440 0.255999982
 M808 5 2 0.0855 0.914499998
 M809 5 2 0.8220 0.177999973
 M810 5 2 0.9520 0.047999978
 M811 5 2 0.9715 0.028500021
 M812 5 2 0.4820 0.518000007
 M813 5 2 0.5740 0.425999999
 M814 5 2 0.3460 0.654000014
 M815 5 2 0.3880 0.611999989
 M816 5 2 0.5570 0.443000019
 M817 5 2 0.3220 0.678000003
 M818 5 2 0.4850 0.514999986
 M819 5 2 0.8100 0.189999998
 M820 5 2 0.6995 0.300499976
 M821 5 2 0.2385 0.761500001
 M822 5 2 0.1480 0.851999998
 M823 5 2 0.2245 0.775500000
 M824 5 2 0.9685 0.031499982
 M825 5 2 0.3240 0.675999999
 M826 5 2 0.2420 0.758000001
 M827 5 2 0.4455 0.554500014
 M828 5 2 0.4110 0.588999987
 M829 5 2 0.6980 0.301999986
 M830 5 2 0.4045 0.595499992
 M831 5 2 0.1185 0.881499998
 M832 5 2 0.2155 0.784500003
 M833 5 2 0.3815 0.618499994
 M834 5 2 0.0460 0.954000000
 M835 5 2 0.8315 0.168500006
 M836 5 2 0.2940 0.706000000
 M837 5 2 0.0680 0.931999996
 M838 5 2 0.0895 0.910499997
 M839 5 2 0.1365 0.863499999
 M840 5 2 0.2630 0.736999989
 M841 5 2 0.1535 0.846499994
 M842 5 2 0.8225 0.177500010
 M843 5 2 0.8995 0.100499988
 M844 5 2 0.2040 0.796000004
 M845 5 2 0.9375 0.062500000
 M846 5 2 0.7540 0.245999992
 M847 5 2 0.1250 0.875000000
 M848 5 2 0.3705 0.629500002
 M849 5 2 0.2540 0.745999992
 M850 5 2 0.7685 0.231500030
 M851 5 2 0.7770 0.222999990
 M852 5 2 0.0685 0.931500003
 M853 5 2 0.0865 0.913500004
 M854 5 2 0.5650 0.435000002
 M855 5 2 0.3840 0.615999997
 M856 5 2 0.7495 0.250500023
 M857 5 2 0.3705 0.629500002
 M858 5 2 0.7425 0.257499993
 M859 5 2 0.7070 0.292999983
 M860 5 2 0.9645 0.035499990
 M861 5 2 0.3985 0.601500005
 M862 5 2 0.8600 0.139999986
 M863 5 2 0.9485 0.051500022
 M864 5 2 0.1250 0.875000000
 M865 5 2 0.0610 0.938999999
 M866 5 2 0.8280 0.171999991
 M867 5 2 0.3820 0.618000001
 M868 5 2 0.2820 0.717999995
 M869 5 2 0.7135 0.286499977
 M870 5 2 0.4715 0.528499991
 M871 5 2 0.1675 0.832499996
 M872 5 2 0.9350 0.064999998
 M873 5 2 0.2980 0.701999992
 M874 5 2 0.3445 0.655499995
 M875 5 2 0.1175 0.882500000
 M876 5 2 0.4275 0.572499990
 M877 5 2 0.2270 0.773000002
 M878 5 2 0.2200 0.780000001
 M879 5 2 0.6525 0.347500026
 M880 5 2 0.3435 0.656500012
 M881 5 2 0.7650 0.235000014
 M882 5 2 0.5160 0.484000027
 M883 5 2 0.5500 0.449999988
 M884 5 2 0.6690 0.330999970
 M885 5 2 0.4085 0.591500014
 M886 5 2 0.7575 0.242500007
 M887 5 2 0.4615 0.538500011
 M888 5 2 0.4790 0.520999998
 M889 5 2 0.4975 0.502499998
 M890 5 2 0.3280 0.671999991
 M891 5 2 0.8470 0.152999997
 M892 5 2 0.3440 0.655999988
 M893 5 2 0.2565 0.743499994
 M894 5 2 0.3095 0.690499991
 M895 5 2 0.4630 0.537000000
 M896 5 2 0.2220 0.777999997
 M897 5 2 0.2390 0.761000007
 M898 5 2 0.8690 0.130999982
 M899 5 2 0.4100 0.590000004
 M900 5 2 0.5185 0.481500030
 M901 5 2 0.2885 0.711499989
 M902 5 2 0.8145 0.185500026
 M903 5 2 0.5285 0.471499979
 M904 5 2 0.4015 0.598500013
 M905 5 2 0.7010 0.299000025
 M906 5 2 0.8680 0.132000029
 M907 5 2 0.4680 0.532000005
 M908 5 2 0.4820 0.518000007
 M909 5 2 0.4415 0.558499992
 M910 5 2 0.9645 0.035499990
 M911 5 2 0.4010 0.599000007
 M912 5 2 0.5750 0.425000012
 M913 5 2 0.7450 0.254999995
 M914 5 2 0.7870 0.213000000
 M915 5 2 0.8250 0.175000012
 M916 5 2 0.0480 0.952000000
 M917 5 2 0.2655 0.734499991
 M918 5 2 0.2445 0.755500004
 M919 5 2 0.1805 0.819499999
 M920 5 2 0.1170 0.883000001
 M921 5 2 0.7555 0.244499981
 M922 5 2 0.8745 0.125500023
 M923 5 2 0.3440 0.655999988
 M924 5 2 0.1630 0.836999997
 M925 5 2 0.4935 0.506500006
 M926 5 2 0.8110 0.189000010
 M927 5 2 0.0960 0.903999999
 M928 5 2 0.1560 0.843999997
 M929 5 2 0.3300 0.669999987
 M930 5 2 0.7365 0.263499975
 M931 5 2 0.6675 0.332499981
 M932 5 2 0.5030 0.496999979
 M933 5 2 0.4900 0.509999990
 M934 5 2 0.3735 0.626500010
 M935 5 2 0.8490 0.151000023
 M936 5 2 0.3875 0.612500012
 M937 5 2 0.3310 0.669000000
 M938 5 2 0.8565 0.143499970
 M939 5 2 0.2905 0.709500015
 M940 5 2 0.8025 0.197499990
 M941 5 2 0.2400 0.760000005
 M942 5 2 0.7690 0.231000006
 M943 5 2 0.4170 0.583000004
 M944 5 2 0.3550 0.645000011
 M945 5 2 0.4715 0.528499991
 M946 5 2 0.6660 0.333999991
 M947 5 2 0.0960 0.903999999
 M948 5 2 0.2980 0.701999992
 M949 5 2 0.9165 0.083500028
 M950 5 2 0.1330 0.866999999
 M951 5 2 0.2225 0.777500004
 M952 5 2 0.3185 0.681499988
 M953 5 2 0.5080 0.491999984
 M954 5 2 0.4430 0.557000011
 M955 5 2 0.8105 0.189499974
 M956 5 2 0.7450 0.254999995
 M957 5 2 0.0865 0.913500004
 M958 5 2 0.7550 0.245000005
 M959 5 2 0.1650 0.834999993
 M960 5 2 0.8190 0.180999994
 M961 5 2 0.2255 0.774499997
 M962 5 2 0.7935 0.206499994
 M963 5 2 0.2555 0.744500011
 M964 5 2 0.2795 0.720499992
 M965 5 2 0.0495 0.950500000
 M966 5 2 0.2055 0.794499993
 M967 5 2 0.5740 0.425999999
 M968 5 2 0.7385 0.261500001
 M969 5 2 0.3770 0.622999996
 M970 5 2 0.1965 0.803499997
 M971 5 2 0.2070 0.792999998
 M972 5 2 0.5990 0.401000023
 M973 5 2 0.7350 0.264999986
 M974 5 2 0.7130 0.287000000
 M975 5 2 0.6675 0.332499981
 M976 5 2 0.3700 0.629999995
 M977 5 2 0.4065 0.593499988
 M978 5 2 0.3060 0.694000006
 M979 5 2 0.5705 0.429499984
 M980 5 2 0.0335 0.966499999
 M981 5 2 0.0590 0.941000000
 M982 5 2 0.3760 0.624000013
 M983 5 2 0.6500 0.350000024
 M984 5 2 0.6370 0.362999976
 M985 5 2 0.0470 0.953000002
 M986 5 2 0.7895 0.210500002
 M987 5 2 0.6475 0.352500021
 M988 5 2 0.3410 0.659000009
 M989 5 2 0.3230 0.676999986
 M990 5 2 0.9315 0.068499982
 M991 5 2 0.9660 0.033999979
 M992 5 2 0.6235 0.376500010
 M993 5 2 0.0700 0.930000000
 M994 5 2 0.2750 0.724999994
 M995 5 2 0.6070 0.393000007
 M996 5 2 0.7710 0.228999972
 M997 5 2 0.4210 0.578999996
 M998 5 2 0.0870 0.913000003
 M999 5 2 0.4625 0.537499994
M1000 5 2 0.4595 0.540499985
M1001 5 2 0.8260 0.174000025
M1002 5 2 0.3040 0.696000010
M1003 5 2 0.8310 0.169000030
M1004 5 2 0.9440 0.055999994
M1005 5 2 0.1195 0.880500004
M1006 5 2 0.8120 0.188000023
M1007 5 2 0.6545 0.345499992
M1008 5 2 0.1985 0.801499993
M1009 5 2 0.8370 0.162999988
M1010 5 2 0.8095 0.190500021
M1011 5 2 0.8745 0.125500023
M1012 5 2 0.6405 0.359499991
M1013 5 2 0.5375 0.462499976
M1014 5 2 0.8245 0.175499976
M1015 5 2 0.7790 0.221000016
M1016 5 2 0.2730 0.726999998
M1017 5 2 0.6525 0.347500026
M1018 5 2 0.4715 0.528499991
M1019 5 2 0.4930 0.506999999
M1020 5 2 0.7800 0.220000029
M1021 5 2 0.6090 0.390999973
M1022 5 2 0.5440 0.455999970
M1023 5 2 0.0365 0.963500001
M1024 5 2 0.3745 0.625499994
M1025 5 2 0.7415 0.258499980
M1026 5 2 0.4440 0.555999994
M1027 5 2 0.2230 0.776999995
M1028 5 2 0.9390 0.060999990
M1029 5 2 0.4170 0.583000004
M1030 5 2 0.5230 0.476999998
M1031 5 2 0.8750 0.125000000
M1032 5 2 0.8260 0.174000025
M1033 5 2 0.0990 0.901000001
M1034 5 2 0.2275 0.772499993
M1035 5 2 0.5795 0.420499980
M1036 5 2 0.4770 0.523000002
M1037 5 2 0.4205 0.579499990
M1038 5 2 0.0325 0.967500001
M1039 5 2 0.8080 0.191999972
M1040 5 2 0.7085 0.291499972
M1041 5 2 0.6065 0.393499970
M1042 5 2 0.7820 0.217999995
M1043 5 2 0.2485 0.751499996
M1044 5 2 0.3225 0.677500010
M1045 5 2 0.4045 0.595499992
M1046 5 2 0.6450 0.355000019
M1047 5 2 0.6195 0.380500019
M1048 5 2 0.8245 0.175499976
M1049 5 2 0.0930 0.906999998
M1050 5 2 0.0660 0.934000000
M1051 5 2 0.6395 0.360499978
M1052 5 2 0.4795 0.520500004
M1053 5 2 0.9200 0.079999983
M1054 5 2 0.7590 0.240999997
M1055 5 2 0.3620 0.638000011
M1056 5 2 0.6860 0.314000010
M1057 5 2 0.8195 0.180499971
M1058 5 2 0.8370 0.162999988
M1059 5 2 0.1275 0.872500002
M1060 5 2 0.5330 0.467000008
M1061 5 2 0.7985 0.201499999
M1062 5 2 0.1360 0.863999993
M1063 5 2 0.2305 0.769500002
M1064 5 2 0.5810 0.419000030
M1065 5 2 0.2285 0.771500006
M1066 5 2 0.6945 0.305499971
M1067 5 2 0.3770 0.622999996
M1068 5 2 0.6450 0.355000019
M1069 5 2 0.4200 0.580000013
M1070 5 2 0.5570 0.443000019
M1071 5 2 0.4035 0.596500009
M1072 5 2 0.5120 0.487999976
M1073 5 2 0.4390 0.560999990
M1074 5 2 0.2695 0.730500013
M1075 5 2 0.4075 0.592500001
M1076 5 2 0.7940 0.205999970
M1077 5 2 0.5575 0.442499995
M1078 5 2 0.6495 0.350499988
M1079 5 2 0.8685 0.131500006
M1080 5 2 0.3440 0.655999988
M1081 5 2 0.3045 0.695499986
M1082 5 2 0.3910 0.608999997
M1083 5 2 0.2950 0.705000013
M1084 5 2 0.3290 0.671000004
M1085 5 2 0.5955 0.404500008
M1086 5 2 0.6765 0.323499978
M1087 5 2 0.8535 0.146499991
M1088 5 2 0.9200 0.079999983
M1089 5 2 0.4055 0.594500005
M1090 5 2 0.9645 0.035499990
M1091 5 2 0.6035 0.396499991
M1092 5 2 0.7335 0.266499996
M1093 5 2 0.7360 0.263999999
M1094 5 2 0.5190 0.481000006
M1095 5 2 0.7110 0.288999975
M1096 5 2 0.2120 0.788000003
M1097 5 2 0.8520 0.148000002
M1098 5 2 0.6980 0.301999986
M1099 5 2 0.5885 0.411499977
M1100 5 2 0.7470 0.253000021
M1101 5 2 0.4775 0.522500008
M1102 5 2 0.9840 0.015999973
M1103 5 2 0.7680 0.231999993
M1104 5 2 0.1290 0.871000007
M1105 5 2 0.7505 0.249499977
M1106 5 2 0.4670 0.532999992
M1107 5 2 0.3175 0.682500005
M1108 5 2 0.1955 0.804499999
M1109 5 2 0.9565 0.043500006
M1110 5 2 0.5740 0.425999999
M1111 5 2 0.4120 0.588000000
M1112 5 2 0.3925 0.607499987
M1113 5 2 0.7070 0.292999983
M1114 5 2 0.3570 0.643000007
M1115 5 2 0.7890 0.211000025
M1116 5 2 0.5680 0.431999981
M1117 5 2 0.0720 0.928000003
M1118 5 2 0.6365 0.363499999
M1119 5 2 0.6375 0.362500012
M1120 5 2 0.1610 0.839000002
M1121 5 2 0.8345 0.165499985
M1122 5 2 0.2110 0.789000005
M1123 5 2 0.6850 0.314999998
M1124 5 2 0.4970 0.502999991
M1125 5 2 0.3450 0.655000001
M1126 5 2 0.0310 0.969000001
M1127 5 2 0.0935 0.906499997
M1128 5 2 0.6580 0.342000008
M1129 5 2 0.4330 0.567000002
M1130 5 2 0.5325 0.467499971
M1131 5 2 0.5470 0.453000009
M1132 5 2 0.7260 0.273999989
M1133 5 2 0.5785 0.421500027
M1134 5 2 0.8995 0.100499988
M1135 5 2 0.2510 0.749000013
M1136 5 2 0.8940 0.106000006
M1137 5 2 0.0575 0.942499999
M1138 5 2 0.6220 0.378000021
M1139 5 2 0.3845 0.615500003
M1140 5 2 0.6485 0.351499975
M1141 5 2 0.1955 0.804499999
M1142 5 2 0.4495 0.550500005
M1143 5 2 0.6755 0.324500024
M1144 5 2 0.4455 0.554500014
M1145 5 2 0.3655 0.634499997
M1146 5 2 0.8220 0.177999973
M1147 5 2 0.2615 0.738499999
M1148 5 2 0.1595 0.840499997
M1149 5 2 0.1025 0.897500001
M1150 5 2 0.2120 0.788000003
M1151 5 2 0.4295 0.570499986
M1152 5 2 0.3225 0.677500010
M1153 5 2 0.2355 0.764500007
M1154 5 2 0.0070 0.993000000
M1155 5 2 0.4070 0.592999995
M1156 5 2 0.5030 0.496999979
M1157 5 2 0.7655 0.234499991
M1158 5 2 0.2695 0.730500013
M1159 5 2 0.1980 0.802000001
M1160 5 2 0.9665 0.033500016
M1161 5 2 0.2325 0.767499998
M1162 5 2 0.7590 0.240999997
M1163 5 2 0.2030 0.797000006
M1164 5 2 0.5775 0.422500014
M1165 5 2 0.6440 0.356000006
M1166 5 2 0.2620 0.738000005
M1167 5 2 0.4100 0.590000004
M1168 5 2 0.0390 0.960999999
M1169 5 2 0.5700 0.430000007
M1170 5 2 0.4510 0.548999995
M1171 5 2 0.1935 0.806500003
M1172 5 2 0.2595 0.740500003
M1173 5 2 0.7850 0.214999974
M1174 5 2 0.6265 0.373499990
M1175 5 2 0.3715 0.628500015
M1176 5 2 0.1010 0.898999996
M1177 5 2 0.6305 0.369499981
M1178 5 2 0.2220 0.777999997
M1179 5 2 0.5290 0.471000016
M1180 5 2 0.6455 0.354499996
M1181 5 2 0.9740 0.026000023
M1182 5 2 0.0070 0.993000000
M1183 5 2 0.3450 0.655000001
M1184 5 2 0.1015 0.898500003
M1185 5 2 0.7920 0.208000004
M1186 5 2 0.7470 0.253000021
M1187 5 2 0.5620 0.438000023
M1188 5 2 0.7810 0.218999982
M1189 5 2 0.2395 0.760499999
M1190 5 2 0.9180 0.082000017
M1191 5 2 0.6650 0.334999979
M1192 5 2 0.9180 0.082000017
M1193 5 2 0.3255 0.674499989
M1194 5 2 0.8620 0.138000011
M1195 5 2 0.4845 0.515500009
M1196 5 2 0.2105 0.789499998
M1197 5 2 0.6060 0.393999994
M1198 5 2 0.0260 0.973999999
M1199 5 2 0.0290 0.971000001
M1200 5 2 0.1955 0.804499999
M1201 5 2 0.3070 0.692999989
M1202 5 2 0.7065 0.293500006
M1203 5 2 0.2585 0.741499990
M1204 5 2 0.3625 0.637499988
M1205 5 2 0.8510 0.148999989
M1206 5 2 0.6765 0.323499978
M1207 5 2 0.1265 0.873500004
M1208 5 2 0.8935 0.106500030
M1209 5 2 0.0355 0.964499999
M1210 5 2 0.6650 0.334999979
M1211 5 2 0.8505 0.149500012
M1212 5 2 0.3795 0.620499998
M1213 5 2 0.9395 0.060500026
M1214 5 2 0.1265 0.873500004
M1215 5 2 0.1065 0.893500000
M1216 5 2 0.3830 0.617000014
M1217 5 2 0.9560 0.044000030
M1218 5 2 0.0645 0.935500003
M1219 5 2 0.5720 0.427999973
M1220 5 2 0.4845 0.515500009
M1221 5 2 0.3670 0.632999986
M1222 5 2 0.1190 0.880999997
M1223 5 2 0.2495 0.750499994
M1224 5 2 0.2610 0.738999993
M1225 5 2 0.3785 0.621499985
M1226 5 2 0.8960 0.103999972
M1227 5 2 0.9200 0.079999983
M1228 5 2 0.1400 0.859999999
M1229 5 2 0.9860 0.013999999
M1230 5 2 0.6895 0.310500026
M1231 5 2 0.7560 0.244000018
M1232 5 2 0.9020 0.097999990
M1233 5 2 0.8545 0.145500004
M1234 5 2 0.2710 0.729000002
M1235 5 2 0.6125 0.387499988
M1236 5 2 0.9640 0.036000013
M1237 5 2 0.5005 0.499499977
M1238 5 2 0.3730 0.627000004
M1239 5 2 0.0730 0.927000001
M1240 5 2 0.3360 0.664000005
M1241 5 2 0.2160 0.783999994
M1242 5 2 0.9715 0.028500021
M1243 5 2 0.6250 0.375000000
M1244 5 2 0.6405 0.359499991
M1245 5 2 0.1715 0.828500003
M1246 5 2 0.2885 0.711499989
M1247 5 2 0.9675 0.032500029
M1248 5 2 0.4005 0.599500000
M1249 5 2 0.7615 0.238499999
M1250 5 2 0.2875 0.712500006
M1251 5 2 0.9440 0.055999994
M1252 5 2 0.9185 0.081499994
M1253 5 2 0.7080 0.291999996
M1254 5 2 0.3590 0.641000003
M1255 5 2 0.5785 0.421500027
M1256 5 2 0.5840 0.416000009
M1257 5 2 0.1085 0.891500004
M1258 5 2 0.1750 0.825000003
M1259 5 2 0.8450 0.154999971
M1260 5 2 0.9090 0.091000021
M1261 5 2 0.8355 0.164499998
M1262 5 2 0.8445 0.155499995
M1263 5 2 0.7850 0.214999974
M1264 5 2 0.8195 0.180499971
M1265 5 2 0.5840 0.416000009
M1266 5 2 0.3110 0.689000010
M1267 5 2 0.7815 0.218500018
M1268 5 2 0.4380 0.562000006
M1269 5 2 0.5630 0.436999977
M1270 5 2 0.8950 0.105000019
M1271 5 2 0.9300 0.069999993
M1272 5 2 0.4940 0.506000012
M1273 5 2 0.1225 0.877499998
M1274 5 2 0.3700 0.629999995
M1275 5 2 0.9220 0.078000009
M1276 5 2 0.5575 0.442499995
M1277 5 2 0.2455 0.754500002
M1278 5 2 0.5180 0.481999993
M1279 5 2 0.2130 0.787000000
M1280 5 2 0.6355 0.364499986
M1281 5 2 0.2980 0.701999992
M1282 5 2 0.8070 0.193000019
M1283 5 2 0.0355 0.964499999
M1284 5 2 0.4190 0.581000000
M1285 5 2 0.1715 0.828500003
M1286 5 2 0.4675 0.532499999
M1287 5 2 0.6475 0.352500021
M1288 5 2 0.8180 0.181999981
M1289 5 2 0.4600 0.539999992
M1290 5 2 0.5950 0.404999971
M1291 5 2 0.6890 0.310999990
M1292 5 2 0.9105 0.089500010
M1293 5 2 0.1010 0.898999996
M1294 5 2 0.3240 0.675999999
M1295 5 2 0.7915 0.208500028
M1296 5 2 0.2420 0.758000001
M1297 5 2 0.6145 0.385500014
M1298 5 2 0.4610 0.539000005
M1299 5 2 0.8555 0.144500017
M1300 5 2 0.4275 0.572499990
M1301 5 2 0.0345 0.965500001
M1302 5 2 0.7655 0.234499991
M1303 5 2 0.8455 0.154500008
M1304 5 2 0.6945 0.305499971
M1305 5 2 0.1785 0.821500003
M1306 5 2 0.3175 0.682500005
M1307 5 2 0.4750 0.525000006
M1308 5 2 0.7010 0.299000025
M1309 5 2 0.6150 0.384999990
M1310 5 2 0.3960 0.604000002
M1311 5 2 0.5670 0.433000028
M1312 5 2 0.7985 0.201499999
M1313 5 2 0.4025 0.597499996
M1314 5 2 0.0355 0.964499999
M1315 5 2 0.8455 0.154500008
M1316 5 2 0.9020 0.097999990
M1317 5 2 0.2285 0.771500006
M1318 5 2 0.5135 0.486500025
M1319 5 2 0.6830 0.316999972
M1320 5 2 0.1700 0.829999998
M1321 5 2 0.3315 0.668500006
M1322 5 2 0.6720 0.328000009
M1323 5 2 0.2655 0.734499991
M1324 5 2 0.9720 0.027999997
M1325 5 2 0.9890 0.010999978
M1326 5 2 0.5985 0.401499987
M1327 5 2 0.8350 0.165000021
M1328 5 2 0.2140 0.785999998
M1329 5 2 0.8155 0.184499979
M1330 5 2 0.7850 0.214999974
M1331 5 2 0.4605 0.539499998
M1332 5 2 0.2655 0.734499991
M1333 5 2 0.7710 0.228999972
M1334 5 2 0.7005 0.299499989
M1335 5 2 0.6655 0.334500015
M1336 5 2 0.6985 0.301500022
M1337 5 2 0.5425 0.457499981
M1338 5 2 0.5990 0.401000023
M1339 5 2 0.2970 0.703000009
M1340 5 2 0.6945 0.305499971
M1341 5 2 0.3255 0.674499989
M1342 5 2 0.0150 0.985000000
M1343 5 2 0.0805 0.919500001
M1344 5 2 0.2425 0.757499993
M1345 5 2 0.4550 0.544999987
M1346 5 2 0.0805 0.919500001
M1347 5 2 0.8635 0.136500001
M1348 5 2 0.9640 0.036000013
M1349 5 2 0.7700 0.230000019
M1350 5 2 0.0255 0.974500000
M1351 5 3 0.0695 0.930500001
M1352 5 3 0.3180 0.682000011
M1353 5 3 0.6295 0.370500028
M1354 5 3 0.5390 0.461000025
M1355 5 3 0.1720 0.827999994
M1356 5 3 0.4665 0.533499986
M1357 5 3 0.3505 0.649500012
M1358 5 3 0.8055 0.194500029
M1359 5 3 0.6730 0.327000022
M1360 5 3 0.3565 0.643500000
M1361 5 3 0.5975 0.402499974
M1362 5 3 0.6230 0.376999974
M1363 5 3 0.0675 0.932499997
M1364 5 3 0.5735 0.426500022
M1365 5 3 0.8655 0.134500027
M1366 5 3 0.4780 0.522000015
M1367 5 3 0.1280 0.871999994
M1368 5 3 0.4870 0.513000011
M1369 5 3 0.0795 0.920500003
M1370 5 3 0.0895 0.910499997
M1371 5 3 0.4415 0.558499992
M1372 5 3 0.6365 0.363499999
M1373 5 3 0.1945 0.805500001
M1374 5 3 0.4275 0.572499990
M1375 5 3 0.2210 0.778999999
M1376 5 3 0.5400 0.459999979
M1377 5 3 0.8690 0.130999982
M1378 5 3 0.3645 0.635500014
M1379 5 3 0.1965 0.803499997
M1380 5 3 0.8235 0.176500022
M1381 5 3 0.5955 0.404500008
M1382 5 3 0.4875 0.512499988
M1383 5 3 0.1510 0.849000007
M1384 5 3 0.3070 0.692999989
M1385 5 3 0.4175 0.582500011
M1386 5 3 0.2990 0.701000005
M1387 5 3 0.6700 0.329999983
M1388 5 3 0.4135 0.586499989
M1389 5 3 0.9810 0.018999994
M1390 5 3 0.5905 0.409500003
M1391 5 3 0.4545 0.545500010
M1392 5 3 0.6625 0.337499976
M1393 5 3 0.2445 0.755500004
M1394 5 3 0.6410 0.359000027
M1395 5 3 0.6855 0.314499974
M1396 5 3 0.5275 0.472500026
M1397 5 3 0.9080 0.092000008
M1398 5 3 0.6530 0.347000003
M1399 5 3 0.2715 0.728500009
M1400 5 3 0.7610 0.239000022
M1401 5 3 0.7310 0.268999994
M1402 5 3 0.4580 0.541999996
M1403 5 3 0.3380 0.662000000
M1404 5 3 0.4910 0.509000003
M1405 5 3 0.4810 0.518999994
M1406 5 3 0.3045 0.695499986
M1407 5 3 0.4715 0.528499991
M1408 5 3 0.6055 0.394500017
M1409 5 3 0.0105 0.989500000
M1410 5 3 0.8255 0.174499989
M1411 5 3 0.4780 0.522000015
M1412 5 3 0.2650 0.735000014
M1413 5 3 0.4045 0.595499992
M1414 5 3 0.8915 0.108500004
M1415 5 3 0.2015 0.798500001
M1416 5 3 0.7030 0.296999991
M1417 5 3 0.5325 0.467499971
M1418 5 3 0.5355 0.464500010
M1419 5 3 0.1370 0.863000005
M1420 5 3 0.6300 0.370000005
M1421 5 3 0.2285 0.771500006
M1422 5 3 0.4670 0.532999992
M1423 5 3 0.6000 0.399999976
M1424 5 3 0.8235 0.176500022
M1425 5 3 0.6420 0.357999980
M1426 5 3 0.6425 0.357500017
M1427 5 3 0.9090 0.091000021
M1428 5 3 0.3495 0.650500000
M1429 5 3 0.0915 0.908500001
M1430 5 3 0.6325 0.367500007
M1431 5 3 0.6970 0.302999973
M1432 5 3 0.4140 0.585999995
M1433 5 3 0.9790 0.021000028
M1434 5 3 0.1245 0.875500001
M1435 5 3 0.2430 0.756999999
M1436 5 3 0.6355 0.364499986
M1437 5 3 0.7655 0.234499991
M1438 5 3 0.1945 0.805500001
M1439 5 3 0.2620 0.738000005
M1440 5 3 0.5800 0.420000017
M1441 5 3 0.6805 0.319500029
M1442 5 3 0.5555 0.444500029
M1443 5 3 0.1930 0.806999996
M1444 5 3 0.5990 0.401000023
M1445 5 3 0.6990 0.300999999
M1446 5 3 0.7205 0.279500008
M1447 5 3 0.5840 0.416000009
M1448 5 3 0.6070 0.393000007
M1449 5 3 0.1185 0.881499998
M1450 5 3 0.5670 0.433000028
M1451 5 3 0.1830 0.817000002
M1452 5 3 0.8570 0.143000007
M1453 5 3 0.5160 0.484000027
M1454 5 3 0.0310 0.969000001
M1455 5 3 0.3415 0.658499986
M1456 5 3 0.7810 0.218999982
M1457 5 3 0.1480 0.851999998
M1458 5 3 0.1780 0.821999997
M1459 5 3 0.1760 0.824000001
M1460 5 3 0.4710 0.529000014
M1461 5 3 0.8435 0.156499982
M1462 5 3 0.6425 0.357500017
M1463 5 3 0.1520 0.848000005
M1464 5 3 0.7235 0.276499987
M1465 5 3 0.9515 0.048500001
M1466 5 3 0.7000 0.300000012
M1467 5 3 0.8330 0.166999996
M1468 5 3 0.5080 0.491999984
M1469 5 3 0.2465 0.753500000
M1470 5 3 0.1900 0.810000002
M1471 5 3 0.0320 0.967999998
M1472 5 3 0.6240 0.375999987
M1473 5 3 0.4085 0.591500014
M1474 5 3 0.5660 0.434000015
M1475 5 3 0.6740 0.325999975
M1476 5 3 0.4940 0.506000012
M1477 5 3 0.6565 0.343500018
M1478 5 3 0.3250 0.675000012
M1479 5 3 0.4550 0.544999987
M1480 5 3 0.4700 0.530000001
M1481 5 3 0.1850 0.814999998
M1482 5 3 0.6815 0.318499982
M1483 5 3 0.3715 0.628500015
M1484 5 3 0.6450 0.355000019
M1485 5 3 0.4230 0.576999992
M1486 5 3 0.7965 0.203499973
M1487 5 3 0.8365 0.163500011
M1488 5 3 0.5960 0.403999984
M1489 5 3 0.5735 0.426500022
M1490 5 3 0.0070 0.993000000
M1491 5 3 0.0420 0.958000001
M1492 5 3 0.5150 0.485000014
M1493 5 3 0.8360 0.163999975
M1494 5 3 0.4555 0.544499993
M1495 5 3 0.2790 0.720999986
M1496 5 3 0.7445 0.255500019
M1497 5 3 0.4165 0.583499998
M1498 5 3 0.6280 0.371999979
M1499 5 3 0.5140 0.486000001
M1500 5 3 0.5880 0.412000000
M1501 5 3 0.7235 0.276499987
M1502 5 3 0.6985 0.301500022
M1503 5 3 0.1665 0.833499998
M1504 5 3 0.6855 0.314499974
M1505 5 3 0.4555 0.544499993
M1506 5 3 0.6665 0.333500028
M1507 5 3 0.1730 0.827000007
M1508 5 3 0.1185 0.881499998
M1509 5 3 0.0575 0.942499999
M1510 5 3 0.5530 0.447000027
M1511 5 3 0.8060 0.194000006
M1512 5 3 0.9030 0.097000003
M1513 5 3 0.4390 0.560999990
M1514 5 3 0.1810 0.819000006
M1515 5 3 0.7135 0.286499977
M1516 5 3 0.3375 0.662499994
M1517 5 3 0.2360 0.763999999
M1518 5 3 0.9480 0.051999986
M1519 5 3 0.4755 0.524500012
M1520 5 3 0.2620 0.738000005
M1521 5 3 0.2520 0.747999996
M1522 5 3 0.5145 0.485499978
M1523 5 3 0.5190 0.481000006
M1524 5 3 0.2355 0.764500007
M1525 5 3 0.9500 0.050000012
M1526 5 3 0.2175 0.782499999
M1527 5 3 0.9240 0.075999975
M1528 5 3 0.5395 0.460500002
M1529 5 3 0.5950 0.404999971
M1530 5 3 0.4565 0.543500006
M1531 5 3 0.0040 0.996000000
M1532 5 3 0.4900 0.509999990
M1533 5 3 0.8610 0.138999999
M1534 5 3 0.4860 0.513999999
M1535 5 3 0.5200 0.480000019
M1536 5 3 0.7695 0.230499983
M1537 5 3 0.7250 0.274999976
M1538 5 3 0.6530 0.347000003
M1539 5 3 0.5315 0.468500018
M1540 5 3 0.5875 0.412500024
M1541 5 3 0.3345 0.665499985
M1542 5 3 0.2395 0.760499999
M1543 5 3 0.3215 0.678499997
M1544 5 3 0.3710 0.629000008
M1545 5 3 0.3135 0.686500013
M1546 5 3 0.3625 0.637499988
M1547 5 3 0.8075 0.192499995
M1548 5 3 0.7505 0.249499977
M1549 5 3 0.5320 0.467999995
M1550 5 3 0.1910 0.809000000
M1551 5 3 0.6025 0.397499979
M1552 5 3 0.1985 0.801499993
M1553 5 3 0.7000 0.300000012
M1554 5 3 0.5450 0.454999983
M1555 5 3 0.2320 0.768000007
M1556 5 3 0.4755 0.524500012
M1557 5 3 0.7595 0.240499973
M1558 5 3 0.4070 0.592999995
M1559 5 3 0.6345 0.365499973
M1560 5 3 0.7330 0.267000020
M1561 5 3 0.5820 0.417999983
M1562 5 3 0.9030 0.097000003
M1563 5 3 0.3850 0.615000010
M1564 5 3 0.7065 0.293500006
M1565 5 3 0.8715 0.128499985
M1566 5 3 0.8795 0.120500028
M1567 5 3 0.7255 0.274500012
M1568 5 3 0.8950 0.105000019
M1569 5 3 0.4480 0.551999986
M1570 5 3 0.2665 0.733500004
M1571 5 3 0.6750 0.324999988
M1572 5 3 0.7745 0.225499988
M1573 5 3 0.1410 0.858999997
M1574 5 3 0.3885 0.611499995
M1575 5 3 0.1840 0.816000000
M1576 5 3 0.6420 0.357999980
M1577 5 3 0.7905 0.209500015
M1578 5 3 0.1505 0.849500000
M1579 5 3 0.0555 0.944499999
M1580 5 3 0.6155 0.384500027
M1581 5 3 0.2475 0.752499998
M1582 5 3 0.1505 0.849500000
M1583 5 3 0.2285 0.771500006
M1584 5 3 0.5870 0.412999988
M1585 5 3 0.5325 0.467499971
M1586 5 3 0.4255 0.574499995
