ID sire dam generation sex phen env tbvp gebvp
   1 1533 2129 2 M  1.235548e+00 -0.377290399 1.379557666 0
   2 1533 2129 2 M  6.258494e-01 -1.053796122 1.379364140 0
   3 1533 2129 2 F  2.885204e+00 -0.237146193 1.709641787 0
   4 1533 2129 2 M  3.446837e+00  0.895146563 1.653919928 0
   5 1533 2129 2 F  3.162982e+00 -0.024280018 1.771051022 0
   6 1533 1614 2 M -6.982395e-01  0.353382955 0.568492942 0
   7 1533 1614 2 F -1.779201e+00 -1.086911307 0.551368813 0
   8 1533 1614 2 M -7.079149e-01  0.284327523 0.552695530 0
   9 1533 1614 2 M -1.108948e+00 -0.438216341 0.552656567 0
  10 1533 1614 2 F -3.686671e-01  0.562550706 0.567049502 0
  11 1535 1759 2 F  1.646046e+00 -0.236948482 1.357603504 0
  12 1535 1759 2 M  2.521514e+00  0.571685449 1.426183896 0
  13 1535 1759 2 M  1.794265e+00 -0.053534846 1.432596584 0
  14 1535 1759 2 M  2.213926e+00 -0.354510613 1.551411079 0
  15 1535 1759 2 M  2.234019e+00  0.239911833 1.483726424 0
  16 1535 2099 2 M  1.218753e+00 -0.388656451 1.372826996 0
  17 1535 2099 2 M  1.392817e+00  0.024528962 1.439959460 0
  18 1535 2099 2 M  2.095904e+00  0.515039043 1.369429713 0
  19 1535 2099 2 F  7.328297e-01 -0.930777692 1.450953630 0
  20 1535 2099 2 F  2.471040e+00  0.376901659 1.464840533 0
  21 1534 2236 2 F  1.242934e+00 -0.748983498 1.453275109 0
  22 1534 2236 2 F  3.399032e+00  1.827979098 1.322955036 0
  23 1534 2236 2 F  8.796500e-01 -1.057774113 1.418181314 0
  24 1534 2236 2 M  3.168836e+00  0.852448909 1.420870354 0
  25 1534 2236 2 M  2.037658e+00  0.132743055 1.389391568 0
  26 1534 2214 2 M  2.650252e+00  1.071670246 1.303708400 0
  27 1534 2214 2 M -4.176455e-02 -0.662886016 1.072639204 0
  28 1534 2214 2 M  1.103861e+00 -0.376428347 1.187586219 0
  29 1534 2214 2 F  7.382493e-01 -0.634165476 1.181844760 0
  30 1534 2214 2 F  1.858624e+00  0.183430509 1.281369679 0
  31 1303 1877 2 M  2.388879e+00  0.129741233 1.510666399 0
  32 1303 1877 2 F  1.774926e+00 -0.061099515 1.338302177 0
  33 1303 1877 2 M  3.384550e+00  0.158582107 1.778724592 0
  34 1303 1877 2 F  1.520404e+00 -1.244228768 1.508783911 0
  35 1303 1877 2 F  1.492017e+00 -0.256079638 1.170311687 0
  36 1303 1339 2 F  4.519549e+00  1.274873735 1.858746196 0
  37 1303 1339 2 F  2.010324e+00 -0.435895735 1.678293422 0
  38 1303 1339 2 M  3.155045e+00  0.764971969 1.757367279 0
  39 1303 1339 2 M  2.725394e+00 -0.032281208 1.774568074 0
  40 1303 1339 2 M  1.447250e+00 -0.361448707 1.521468805 0
  41 1645 1752 2 M  4.780427e-01  1.278264763 0.501616231 0
  42 1645 1752 2 F -1.576617e+00 -1.041296568 0.453843203 0
  43 1645 1752 2 M -1.150908e+00 -0.438943069 0.475412895 0
  44 1645 1752 2 M -7.225892e-01 -0.429558569 0.653101294 0
  45 1645 1752 2 M -2.752854e-01 -0.029437986 0.676025581 0
  46 1645 1372 2 F  2.572377e+00 -0.171816093 1.626094304 0
  47 1645 1372 2 F  1.687374e+00 -0.395065507 1.462511881 0
  48 1645 1372 2 M  2.672165e+00 -0.120339130 1.665303403 0
  49 1645 1372 2 F  1.329368e+00 -0.301645169 1.336892870 0
  50 1645 1372 2 M  1.945362e+00 -0.223082077 1.594809422 0
  51 2266 1326 2 M  4.527720e+00  1.398916581 1.826091616 0
  52 2266 1326 2 F  6.370785e-01 -1.066321612 1.339320653 0
  53 2266 1326 2 M  1.935430e+00 -0.948126849 1.646374483 0
  54 2266 1326 2 F  2.107596e+00 -0.154675301 1.439013719 0
  55 2266 1326 2 M  2.707206e+00 -0.765662843 1.848407070 0
  56 2266 1375 2 M -4.334580e-01 -0.304495303 0.703490903 0
  57 2266 1375 2 M -4.254951e-01  0.180496654 0.551026039 0
  58 2266 1375 2 F -1.611211e+00 -0.776580814 0.504938422 0
  59 2266 1375 2 M -4.443211e-01  0.206283921 0.405441937 0
  60 2266 1375 2 M  5.674514e-01  0.989417417 0.411443639 0
  61 1611 2120 2 M  2.562154e+00 -0.010849119 1.577529081 0
  62 1611 2120 2 M  1.105000e+00 -0.537891079 1.330140097 0
  63 1611 2120 2 F  2.966231e+00  0.890760461 1.485770380 0
  64 1611 2120 2 M  2.018515e+00 -0.409066950 1.539617614 0
  65 1611 2120 2 M  3.226710e+00  1.216833754 1.487937328 0
  66 1611 1789 2 F  3.017838e+00  0.024163431 1.713909201 0
  67 1611 1789 2 M  2.381952e+00 -0.093711546 1.553216154 0
  68 1611 1789 2 M  1.703898e+00 -1.119126685 1.663649813 0
  69 1611 1789 2 M  2.854630e+00  0.219416738 1.636013763 0
  70 1611 1789 2 F  2.482947e+00 -0.141478955 1.632361984 0
  71 1564 2097 2 M  3.578057e+00  1.617768887 1.599691990 0
  72 1564 2097 2 F  2.590444e+00 -0.083428370 1.554030341 0
  73 1564 2097 2 M  1.935103e+00  0.476075506 1.309870795 0
  74 1564 2097 2 M  2.353379e+00  0.232811783 1.523993295 0
  75 1564 2097 2 M  9.022494e-01 -0.483810489 1.396976181 0
  76 1564 2130 2 F  2.902130e+00  0.528604347 1.580106384 0
  77 1564 2130 2 M  2.237719e+00  0.042836448 1.642627953 0
  78 1564 2130 2 F  7.184922e-01 -0.839033994 1.453397183 0
  79 1564 2130 2 M  3.267715e+00  0.599814051 1.770938195 0
  80 1564 2130 2 F  1.289761e+00 -0.697397861 1.472776460 0
  81 1731 1311 2 F -1.515224e+00 -0.626612898 0.509576098 0
  82 1731 1311 2 F -1.037638e-01  0.249411278 0.529880666 0
  83 1731 1311 2 F -8.702376e-02  0.292048111 0.606083089 0
  84 1731 1311 2 F  1.093261e-01  0.320488412 0.719221889 0
  85 1731 1311 2 F  4.600195e-01  0.941481833 0.620199614 0
  86 1731 2113 2 F  1.920384e+00 -0.634857657 1.578952782 0
  87 1731 2113 2 M  2.589391e+00  0.034370733 1.519703261 0
  88 1731 2113 2 M  2.550374e+00 -0.402525402 1.736641559 0
  89 1731 2113 2 M  3.282413e+00  1.432794221 1.340127661 0
  90 1731 2113 2 F  9.314236e-01 -0.168870298 1.076463773 0
  91 2263 1757 2 F  6.396204e-01 -0.484354506 1.131268697 0
  92 2263 1757 2 F  1.054853e+00  0.156874742 1.108474009 0
  93 2263 1757 2 F -4.611364e-01 -1.629667330 1.217396170 0
  94 2263 1757 2 F  5.740243e-01 -0.831520555 1.259354066 0
  95 2263 1757 2 F  3.679537e-01 -0.907368125 1.230780571 0
  96 2263 2279 2 M  2.743088e+00  0.668098135 1.445095824 0
  97 2263 2279 2 M  2.050984e+00 -0.052266298 1.387619848 0
  98 2263 2279 2 F  2.835984e+00  0.643332300 1.358664346 0
  99 2263 2279 2 F  3.771412e+00  1.657976970 1.433694877 0
 100 2263 2279 2 M  1.569770e+00 -0.393709795 1.238820459 0
 101 1539 2282 2 M  2.477920e+00  1.029615087 1.301238920 0
 102 1539 2282 2 F  7.281574e-01 -0.615690232 1.181565513 0
 103 1539 2282 2 F  3.513987e+00  1.031857638 1.545507429 0
 104 1539 2282 2 M  3.020711e+00  0.523360187 1.486980795 0
 105 1539 2282 2 F  1.817323e+00 -0.575558832 1.502579999 0
 106 1539 1751 2 F  9.856444e-01 -0.375433728 1.257790895 0
 107 1539 1751 2 F  1.621481e+00  0.232541925 1.278240711 0
 108 1539 1751 2 M  1.526664e+00  0.152496740 1.275534630 0
 109 1539 1751 2 F  1.067837e-01 -0.361486632 1.000099334 0
 110 1539 1751 2 F  2.101038e+00  0.922848012 1.170278390 0
 111 2268 1888 2 M  2.756776e+00  1.321960417 1.350769976 0
 112 2268 1888 2 F  7.233262e-02 -1.302979783 1.293407947 0
 113 2268 1888 2 M  1.845199e+00  0.199345222 1.349019544 0
 114 2268 1888 2 M  2.320443e+00  0.644286079 1.402946747 0
 115 2268 1888 2 F  1.995271e+00  0.226970768 1.395650567 0
 116 2268 1549 2 F  2.984175e+00  0.779343209 1.493986500 0
 117 2268 1549 2 M  1.660324e+00 -0.868134836 1.596344209 0
 118 2268 1549 2 F  3.043658e+00  0.559731053 1.491231042 0
 119 2268 1549 2 F  3.528192e+00  0.987533264 1.512825217 0
 120 2268 1549 2 F  1.767984e+00 -0.401297264 1.565158091 0
 121 1369 2037 2 F  3.529144e+00  0.693434544 1.618737455 0
 122 1369 2037 2 F  3.318474e+00  1.320971851 1.551276606 0
 123 1369 2037 2 F  2.751722e+00  0.270572818 1.618555178 0
 124 1369 2037 2 F  1.357306e+00 -1.417212357 1.737668294 0
 125 1369 2037 2 F  3.139889e+00  0.654974371 1.512236156 0
 126 1369 1959 2 F  1.624912e+00 -0.504585485 1.485266475 0
 127 1369 1959 2 F  2.069458e+00  0.489069424 1.437252653 0
 128 1369 1959 2 F  2.515405e+00  0.416964031 1.453393425 0
 129 1369 1959 2 F  3.187153e+00  1.235285944 1.602009934 0
 130 1369 1959 2 F  1.592389e+00  0.090137584 1.369744169 0
 131 1575 1301 2 F  2.252409e+00  0.704303181 1.363779002 0
 132 1575 1301 2 F  3.387673e+00  0.644251026 1.605472438 0
 133 1575 1301 2 F  3.060298e+00  1.259639170 1.470564185 0
 134 1575 1301 2 F  3.797206e+00  0.418802534 1.789207763 0
 135 1575 1301 2 F  1.304307e+00 -0.782799903 1.358700725 0
 136 1575 1914 2 F  3.756160e+00  1.904394812 1.460009657 0
 137 1575 1914 2 F  6.651398e-01 -0.246036672 1.043665154 0
 138 1575 1914 2 M  6.636402e-01 -0.489831179 1.312586360 0
 139 1575 1914 2 M  1.578904e+00  0.443324283 1.163977172 0
 140 1575 1914 2 F  7.571130e-01 -0.914783430 1.262173204 0
 141 2104 1839 2 F  2.852673e-01 -1.400127249 1.287604369 0
 142 2104 1839 2 F  1.575112e+00 -0.261874464 1.387531118 0
 143 2104 1839 2 F  1.565210e+00 -0.015580283 1.287639613 0
 144 2104 1839 2 F  1.275987e+00 -0.581987601 1.341050674 0
 145 2104 1839 2 M  1.723002e+00 -0.396120371 1.485042284 0
 146 2104 2119 2 M  9.330067e-01 -0.390789412 1.481149162 0
 147 2104 2119 2 F  1.734610e+00 -0.158172598 1.398676439 0
 148 2104 2119 2 M -5.251267e-01 -0.880873971 1.082648983 0
 149 2104 2119 2 F  1.926737e+00  0.514925456 1.334041442 0
 150 2104 2119 2 F  2.329837e+00  0.447895974 1.274329239 0
 151 1507 2211 2 F  1.781807e+00 -0.103272787 1.475886204 0
 152 1507 2211 2 F  1.764602e+00  0.570397556 1.120613315 0
 153 1507 2211 2 F  3.150730e-02 -0.435841108 0.993143279 0
 154 1507 2211 2 M  9.104226e-01  0.084474143 1.001574813 0
 155 1507 2211 2 M  1.654576e+00  0.796676058 1.102917704 0
 156 1507 1850 2 M  1.696297e+00 -0.352133945 1.445632000 0
 157 1507 1850 2 F  2.521842e+00 -0.090071969 1.698241884 0
 158 1507 1850 2 F  2.161994e+00  0.195165590 1.418742594 0
 159 1507 1850 2 M  1.720204e+00 -0.269943540 1.558604287 0
 160 1507 1850 2 M  1.732989e+00 -0.001260432 1.401712451 0
 161 1540 1490 2 M  1.833782e+00 -0.835128420 1.595915635 0
 162 1540 1490 2 M  2.581531e+00 -0.126008156 1.694111845 0
 163 1540 1490 2 M  2.878511e+00  0.106393975 1.678685698 0
 164 1540 1490 2 F  4.015644e+00  1.172750559 1.664070404 0
 165 1540 1490 2 M  3.637076e+00  0.513401472 1.819302454 0
 166 1540 1615 2 M  2.157908e+00 -0.618980376 1.695028123 0
 167 1540 1615 2 F  1.470087e+00 -0.956758210 1.475703736 0
 168 1540 1615 2 M  3.004966e+00  0.480476946 1.540639781 0
 169 1540 1615 2 M  2.096473e+00 -0.677911961 1.581064278 0
 170 1540 1615 2 F  3.781674e+00  0.921853177 1.683071529 0
 171 1386 1493 2 M  3.509813e+00  0.400342192 1.760548319 0
 172 1386 1493 2 M  9.691870e-01 -0.945201527 1.405224333 0
 173 1386 1493 2 F  2.888504e+00 -0.575396462 1.801624480 0
 174 1386 1493 2 M  1.871211e+00  0.184515018 1.374353865 0
 175 1386 1493 2 M  5.305827e-01 -0.662269164 1.169822828 0
 176 1386 1878 2 M  3.027738e+00  0.008856216 1.750928879 0
 177 1386 1878 2 F  1.941174e+00 -0.341453889 1.387345298 0
 178 1386 1878 2 F  1.720865e+00 -1.128973100 1.719192621 0
 179 1386 1878 2 F  1.309569e+00  0.267539456 1.114100478 0
 180 1386 1878 2 M  7.518581e-01 -0.855358590 1.372661028 0
 181 1532 1728 2 F  2.526104e+00 -0.315770541 1.676914483 0
 182 1532 1728 2 F  2.599251e+00  0.237495869 1.449333228 0
 183 1532 1728 2 F  3.827559e+00  1.429019703 1.369958375 0
 184 1532 1728 2 M  2.349546e+00  0.158918813 1.345609463 0
 185 1532 1728 2 M  3.517863e+00  1.373323596 1.294415953 0
 186 1532 1846 2 F  6.771143e-01 -1.353390297 1.460788274 0
 187 1532 1846 2 M  2.882072e+00  0.288287596 1.623078030 0
 188 1532 1846 2 F  2.351895e+00  0.325128889 1.506131773 0
 189 1532 1846 2 F  1.514512e+00 -0.639873403 1.508290573 0
 190 1532 1846 2 M  9.612192e-01 -1.157808399 1.475599675 0
 191 1593 1883 2 M  1.275556e+00  0.416923367 1.134079005 0
 192 1593 1883 2 F  2.031993e+00  0.124268380 1.357170229 0
 193 1593 1883 2 F  2.125075e+00  0.260356933 1.388381617 0
 194 1593 1883 2 F  3.058022e+00  0.617167462 1.421756033 0
 195 1593 1883 2 F  7.838764e-01 -1.641665431 1.477967981 0
 196 1593 1676 2 F  1.950807e+00  0.555925409 1.318520500 0
 197 1593 1676 2 F  1.836567e+00  0.595853654 1.268669956 0
 198 1593 1676 2 M  1.312840e+00 -0.245654707 1.371495241 0
 199 1593 1676 2 F  8.413327e-01 -0.806710920 1.474212293 0
 200 1593 1676 2 F  1.866337e+00 -0.589791888 1.582784600 0
 201 2270 2095 2 M  3.218623e+00  0.500052563 1.606284127 0
 202 2270 2095 2 F  1.489708e+00 -0.579709334 1.332908941 0
 203 2270 2095 2 M  3.299128e+00  0.909815052 1.624778726 0
 204 2270 2095 2 F  3.617590e+00  0.815903198 1.551230966 0
 205 2270 2095 2 M  2.068351e+00 -0.253653457 1.554355841 0
 206 2270 1781 2 M  2.308417e+00 -0.247467077 1.475691410 0
 207 2270 1781 2 F  1.593285e+00  0.814450489 1.138913020 0
 208 2270 1781 2 M  1.111078e+00 -0.721844991 1.460954908 0
 209 2270 1781 2 F  3.769623e+00  1.625682835 1.390169481 0
 210 2270 1781 2 M  1.972592e+00 -0.287274475 1.466992546 0
 211 2262 1412 2 F  2.077685e+00  0.149291743 1.383631507 0
 212 2262 1412 2 F  2.176648e+00 -0.378554472 1.591505892 0
 213 2262 1412 2 M  2.631714e+00 -0.108004558 1.597060540 0
 214 2262 1412 2 M  1.367827e+00 -0.601987268 1.304499209 0
 215 2262 1412 2 F  2.263522e+00  0.235568973 1.389369037 0
 216 2262 1912 2 F  6.870292e-01 -0.970688134 1.310187571 0
 217 2262 1912 2 F  3.586556e+00  1.302281458 1.349565691 0
 218 2262 1912 2 M  2.221885e+00  0.103025100 1.378292454 0
 219 2262 1912 2 F  1.795262e+00  0.816450174 1.137408964 0
 220 2262 1912 2 F  2.037635e+00  0.167641074 1.258186153 0
 221 2267 1431 2 M  3.319418e+00  1.187398500 1.444153277 0
 222 2267 1431 2 F  4.162755e-01 -1.637539125 1.352003015 0
 223 2267 1431 2 M  7.627728e-01 -1.094340269 1.355183797 0
 224 2267 1431 2 F  1.866338e+00 -0.117715440 1.341026709 0
 225 2267 1431 2 M  1.771682e+00  0.153243330 1.262334726 0
 226 2267 2009 2 F  2.456302e+00  0.451467179 1.380683016 0
 227 2267 2009 2 F  2.549692e+00  0.021372257 1.440730592 0
 228 2267 2009 2 F  1.888605e+00 -0.525290901 1.480334772 0
 229 2267 2009 2 M  1.627687e+00 -0.180628222 1.252909809 0
 230 2267 2009 2 M  1.922864e+00  0.095705128 1.249446789 0
 231 1561 2080 2 M  2.664066e+00  0.038377109 1.632142252 0
 232 1561 2080 2 M  1.826201e+00  0.363092961 1.386925815 0
 233 1561 2080 2 M  8.268803e-01 -1.327955504 1.433813781 0
 234 1561 2080 2 M  1.157051e+00 -0.706648745 1.416092445 0
 235 1561 2080 2 F  3.481574e+00  0.822531472 1.736393844 0
 236 1561 1756 2 F  1.781670e+00 -0.387878351 1.491063130 0
 237 1561 1756 2 M  1.784399e+00  0.730212101 1.291528612 0
 238 1561 1756 2 M  1.160771e+00 -0.249301727 1.335590175 0
 239 1561 1756 2 F  2.642199e+00  1.742238422 1.288354140 0
 240 1561 1756 2 F  1.610405e+00  0.366989754 1.158769921 0
 241 1614 1838 2 M  3.161866e+00  0.705396902 1.579675212 0
 242 1614 1838 2 F  1.066332e+00 -1.865333256 1.602701713 0
 243 1614 1838 2 M  2.397086e+00 -0.343959077 1.640707375 0
 244 1614 1838 2 F  2.326114e+00 -0.224318820 1.604428730 0
 245 1614 1838 2 F  1.128393e+00 -2.127444225 1.708652501 0
 246 1614 1449 2 F  2.211627e+00 -0.132858417 1.571078274 0
 247 1614 1449 2 F  6.250320e-01 -1.158591122 1.345419361 0
 248 1614 1449 2 M  1.621899e+00 -0.074906450 1.385031188 0
 249 1614 1449 2 M  2.042460e+00  0.004440952 1.428784838 0
 250 1614 1449 2 F  4.759587e-01 -1.547617558 1.460975639 0
 251 1988 2126 2 M  1.755243e+00 -0.362834142 1.388978537 0
 252 1988 2126 2 M  2.423676e+00  0.226828323 1.459579610 0
 253 1988 2126 2 M  6.677815e-01 -0.442261299 1.219262315 0
 254 1988 2126 2 M  1.636849e+00 -0.003479563 1.304947391 0
 255 1988 2126 2 F  1.555280e+00  0.321097058 1.178490111 0
 256 1988 2277 2 F  2.868503e+00  0.712181524 1.415382052 0
 257 1988 2277 2 M  1.120394e+00 -0.414668041 1.231010001 0
 258 1988 2277 2 F  2.734645e+00  0.236614088 1.485957550 0
 259 1988 2277 2 M  1.166955e+00 -1.047734623 1.395680229 0
 260 1988 2277 2 M  2.066415e+00 -0.166722413 1.366537618 0
 261 1388 1831 2 M  2.157510e+00 -0.560550953 1.481280512 0
 262 1388 1831 2 F  2.569974e+00 -0.369064638 1.596038479 0
 263 1388 1831 2 M  1.379304e+00 -0.294153404 1.374217105 0
 264 1388 1831 2 M  3.843644e+00  1.484796851 1.563132836 0
 265 1388 1831 2 M  2.195224e+00  0.201713711 1.242397323 0
 266 1388 1788 2 F  2.616153e+00  0.184423514 1.462601427 0
 267 1388 1788 2 F  1.995196e+00  0.610963901 1.196036224 0
 268 1388 1788 2 M  4.673274e-01 -0.813777003 1.328981015 0
 269 1388 1788 2 F  4.967847e+00  1.487026401 1.900940739 0
 270 1388 1788 2 M  3.155152e+00  1.327044753 1.388091907 0
 271 1661 2240 2 M  1.257040e+00 -0.770723602 1.438477928 0
 272 1661 2240 2 M  2.743039e+00  0.974764899 1.395073806 0
 273 1661 2240 2 F  2.114775e+00  0.921420394 1.230295448 0
 274 1661 2240 2 M  1.320063e+00  0.304843905 1.189316467 0
 275 1661 2240 2 M  1.528822e+00  0.217676258 1.217578903 0
 276 1661 2153 2 F  1.282096e+00  0.120733599 1.137970329 0
 277 1661 2153 2 M  1.488565e+00  0.399309170 1.146015392 0
 278 1661 2153 2 F  2.564314e-01 -1.278299690 1.227886087 0
 279 1661 2153 2 M  1.555981e+00  0.013578005 1.325787670 0
 280 1661 2153 2 M  1.478307e+00  0.019983601 1.291194122 0
 281 1446 1730 2 F  1.093776e+00 -0.249444919 1.302568547 0
 282 1446 1730 2 M  1.306737e+00 -0.399376467 1.412060802 0
 283 1446 1730 2 F  2.342463e-01 -0.982861876 1.310958326 0
 284 1446 1730 2 M  2.904553e+00  1.007229130 1.465281003 0
 285 1446 1730 2 M  4.879285e-01 -1.003487028 1.323496503 0
 286 1446 2079 2 F  1.502228e+00 -0.465882714 1.440650880 0
 287 1446 2079 2 F  2.158002e+00 -0.195912582 1.528605388 0
 288 1446 2079 2 F  2.931558e+00  0.228916540 1.600864469 0
 289 1446 2079 2 M  2.102452e+00  0.808077226 1.375442559 0
 290 1446 2079 2 M  3.004533e+00 -0.384470563 1.814004517 0
 291 1990 1486 2 M  1.411652e+00 -0.502233002 1.475611506 0
 292 1990 1486 2 F  2.754372e+00  1.508785670 1.350176410 0
 293 1990 1486 2 F  2.162314e+00 -0.301928574 1.556424234 0
 294 1990 1486 2 F  2.949500e+00  1.091244323 1.477428646 0
 295 1990 1486 2 F  1.556610e+00  0.291267071 1.389040292 0
 296 1990 1855 2 F  1.734208e+00  0.487530932 1.221524014 0
 297 1990 1855 2 M  7.971026e-01 -0.610952815 1.250271273 0
 298 1990 1855 2 F  8.145011e-01 -0.162971311 1.046598769 0
 299 1990 1855 2 F  1.447825e+00  0.298209451 1.136517748 0
 300 1990 1855 2 F -6.321772e-02 -0.880189810 1.140114715 0
 301 1509 1989 2 M  2.664728e+00 -0.450503275 1.734208241 0
 302 1509 1989 2 M  2.719066e+00 -0.211450820 1.762250866 0
 303 1509 1989 2 F  2.100209e+00 -0.624811769 1.548893370 0
 304 1509 1989 2 F  3.313517e+00  0.826700769 1.549689466 0
 305 1509 1989 2 F  3.013747e+00 -0.006793552 1.774197028 0
 306 1509 1485 2 M  4.433826e+00  1.162566288 1.780514322 0
 307 1509 1485 2 M  3.333879e+00  0.426366485 1.755163518 0
 308 1509 1485 2 F  2.953908e+00  0.581984315 1.516753726 0
 309 1509 1485 2 F  4.344496e+00  1.121975872 1.785362855 0
 310 1509 1485 2 M  1.973042e+00 -0.899107832 1.698740475 0
 311 1355 1362 2 M  1.990460e+00  0.075963102 1.512574799 0
 312 1355 1362 2 F  2.733549e+00  0.842779563 1.445315509 0
 313 1355 1362 2 F  1.896059e+00  0.035731629 1.520034831 0
 314 1355 1362 2 M  6.527970e-01 -0.939600686 1.435385063 0
 315 1355 1362 2 F  2.596084e+00  0.952432718 1.499453928 0
 316 1355 2213 2 F  3.277586e-01 -0.595386580 1.170542790 0
 317 1355 2213 2 F  1.438781e-01 -0.250732266 0.884760444 0
 318 1355 2213 2 F  5.659827e-01 -0.354629170 1.146822935 0
 319 1355 2213 2 M  2.007003e-01 -0.722754414 1.111957202 0
 320 1355 2213 2 F  1.776434e+00  1.112780094 1.082176682 0
 321 2169 1873 2 F  6.577937e-01 -0.679489426 1.298077154 0
 322 2169 1873 2 F  1.544335e+00  0.484235238 1.230977902 0
 323 2169 1873 2 M  1.618776e+00 -0.666989463 1.479030605 0
 324 2169 1873 2 F  8.280393e-01 -0.380352156 1.234140897 0
 325 2169 1873 2 F  1.251339e+00 -0.518404708 1.472234462 0
 326 2169 1770 2 F  8.875630e-01 -1.390966193 1.532392898 0
 327 2169 1770 2 M  2.647003e+00  0.270213699 1.429556096 0
 328 2169 1770 2 F  4.454940e+00  1.390774259 1.728468956 0
 329 2169 1770 2 M  2.796063e+00 -0.094021892 1.697908558 0
 330 2169 1770 2 F  3.018176e+00  0.309758497 1.609262501 0
 331 1381 1802 2 M  1.934519e+00  0.718050668 1.239194032 0
 332 1381 1802 2 F  2.365393e+00 -0.447404398 1.775831031 0
 333 1381 1802 2 M  1.949812e+00  0.702269108 1.246622458 0
 334 1381 1802 2 M  1.362360e+00 -0.933316622 1.600975769 0
 335 1381 1802 2 M  2.874003e+00  0.178734444 1.514094433 0
 336 1381 1546 2 F  2.080343e+00 -0.264642340 1.654204996 0
 337 1381 1546 2 M  2.382100e+00 -0.006630595 1.467128852 0
 338 1381 1546 2 F  3.388226e+00  0.992950791 1.547662567 0
 339 1381 1546 2 F  2.227385e+00  0.252823237 1.407340390 0
 340 1381 1546 2 F  3.172880e+00  0.729220080 1.569041915 0
 341 2241 1661 2 F -2.339902e-01  0.744325173 0.284324454 0
 342 2241 1661 2 F -4.881854e-01  0.149544170 0.295197544 0
 343 2241 1661 2 F -1.452707e+00 -0.218284977 0.105830521 0
 344 2241 1661 2 F -1.711169e+00 -0.782034511 0.284233789 0
 345 2241 1661 2 M -1.413312e+00 -0.121881607 0.130887354 0
 346 2241 1304 2 F  2.400251e+00  0.121400337 1.438559391 0
 347 2241 1304 2 M  2.398081e+00  0.094539277 1.323231785 0
 348 2241 1304 2 F  2.732380e+00  0.606401039 1.265008306 0
 349 2241 1304 2 F  1.753147e+00 -0.620110689 1.512792735 0
 350 2241 1304 2 M  3.691741e+00  1.460320823 1.437556766 0
 351 1419 1499 2 M  3.332499e+00  0.411418780 1.755100376 0
 352 1419 1499 2 F  2.822577e+00  0.346697781 1.560150136 0
 353 1419 1499 2 F  2.463389e+00  0.314874801 1.643013404 0
 354 1419 1499 2 F  3.022007e+00 -0.032877976 1.654173299 0
 355 1419 1499 2 M  2.249582e+00  0.026694600 1.544208839 0
 356 1419 1415 2 F  3.596914e+00  0.359663039 1.874938611 0
 357 1419 1415 2 F  2.242468e+00  0.170449110 1.537682273 0
 358 1419 1415 2 M  2.760747e+00  0.847977727 1.445792679 0
 359 1419 1415 2 M  2.992585e+00 -0.130577203 1.758378595 0
 360 1419 1415 2 M  3.120235e+00  0.163998558 1.669454399 0
 361 1311 1805 2 F  2.754488e+00  0.559876321 1.493283242 0
 362 1311 1805 2 M  2.163020e+00  0.105048673 1.486387685 0
 363 1311 1805 2 M  3.223063e+00  0.601102843 1.747826445 0
 364 1311 1805 2 M  1.346126e+00 -0.527149162 1.585887112 0
 365 1311 1805 2 M  5.445509e-01 -1.650172755 1.519945565 0
 366 1311 2062 2 F  2.681229e+00  0.937685260 1.213843838 0
 367 1311 2062 2 F  4.752950e-01 -0.149627112 0.916970473 0
 368 1311 2062 2 M  2.200203e+00  1.133285404 1.127679259 0
 369 1311 2062 2 M  1.584423e+00  0.426759790 1.127376855 0
 370 1311 2062 2 F  2.198157e+00  0.471280960 1.294325086 0
 371 1394 1786 2 M  2.651894e+00  0.293203575 1.498165382 0
 372 1394 1786 2 M  3.009494e+00  0.831704969 1.442152629 0
 373 1394 1786 2 M  2.463161e+00  0.127855070 1.583298019 0
 374 1394 1786 2 F  2.512206e+00  0.250998845 1.398040630 0
 375 1394 1786 2 M  3.020470e+00  0.818928433 1.440533405 0
 376 1394 1882 2 M  2.139514e+00  0.567969439 1.229684850 0
 377 1394 1882 2 M  3.618849e+00  0.800609527 1.800009508 0
 378 1394 1882 2 M  7.802432e-01 -0.772605775 1.392573144 0
 379 1394 1882 2 F  3.185975e+00  0.275408907 1.815192659 0
 380 1394 1882 2 M  3.461619e+00  1.042773310 1.602263002 0
 381 1949 2235 2 M  2.860642e+00  0.386901615 1.534628889 0
 382 1949 2235 2 F  2.015807e+00 -0.661809692 1.736077754 0
 383 1949 2235 2 F  1.628095e+00 -0.016466648 1.516407716 0
 384 1949 2235 2 M -1.595854e-01 -1.613735189 1.445536235 0
 385 1949 2235 2 M  1.461294e+00 -0.273952902 1.523805199 0
 386 1949 2212 2 F  2.380970e+00  0.742150295 1.272781167 0
 387 1949 2212 2 F  1.350322e+00  0.247908452 1.088449254 0
 388 1949 2212 2 F  7.531507e-01 -0.687224977 1.331032899 0
 389 1949 2212 2 F  1.793932e+00  0.967842094 1.306167087 0
 390 1949 2212 2 F  1.193319e+00  0.211438795 1.050292410 0
 391 2154 1444 2 F  2.253761e+00  0.568978671 1.319982119 0
 392 2154 1444 2 M  2.089815e+00 -0.938580196 1.779365066 0
 393 2154 1444 2 M  2.563965e+00 -0.066888254 1.594413504 0
 394 2154 1444 2 M  2.022960e+00  0.755393631 1.213496267 0
 395 2154 1444 2 M  2.178201e+00  0.271998589 1.355284158 0
 396 2154 2198 2 M  2.911754e+00  1.100579823 1.389940191 0
 397 2154 2198 2 F  2.223119e+00 -0.380324364 1.514917120 0
 398 2154 2198 2 M  9.874772e-01 -1.189146633 1.519281552 0
 399 2154 2198 2 F  2.987190e+00  0.463036263 1.466055067 0
 400 2154 2198 2 M  2.853286e+00  0.146424377 1.640857244 0
 401 1354 1653 2 F  2.618306e+00  1.067026652 1.281063837 0
 402 1354 1653 2 M  1.961797e+00  0.416925314 1.232618777 0
 403 1354 1653 2 M  1.830084e+00  0.085614194 1.301158265 0
 404 1354 1653 2 F  9.566855e-01  0.061405205 1.129561975 0
 405 1354 1653 2 F  1.376482e+00 -0.049479613 1.201244387 0
 406 1354 1315 2 M  2.242327e+00  0.130683980 1.481691584 0
 407 1354 1315 2 M  3.113402e+00  0.606022033 1.500609042 0
 408 1354 1315 2 M  1.109668e+00 -1.265703939 1.591906651 0
 409 1354 1315 2 F  2.084737e+00  0.164651615 1.448863045 0
 410 1354 1315 2 M  4.992644e-01 -1.451276889 1.413732166 0
 411 1310 1560 2 F  1.358123e+00  0.551140729 1.130247393 0
 412 1310 1560 2 M  1.983268e+00  0.358163636 1.402776893 0
 413 1310 1560 2 M  2.326121e+00  0.056222013 1.438062568 0
 414 1310 1560 2 M  1.657048e+00  0.607500258 1.086853325 0
 415 1310 1560 2 F  9.121994e-01 -0.100255135 1.216457748 0
 416 1310 1919 2 M  1.654560e+00  0.484755067 1.223886274 0
 417 1310 1919 2 M  2.033637e+00 -0.140446593 1.390048481 0
 418 1310 1919 2 F  1.995532e+00 -0.277828625 1.359671588 0
 419 1310 1919 2 M  1.545633e+00 -0.576631730 1.415936281 0
 420 1310 1919 2 M  1.476834e+00 -0.988770892 1.469741392 0
 421 1531 2091 2 F  1.170823e+00 -0.246150587 1.316606225 0
 422 1531 2091 2 M  1.716989e+00  0.431222949 1.216423031 0
 423 1531 2091 2 M -7.228127e-02 -1.922047181 1.405029259 0
 424 1531 2091 2 F  1.374103e+00 -0.354431447 1.449592915 0
 425 1531 2091 2 F  2.206824e+00 -0.337344548 1.586726768 0
 426 1531 1345 2 M  4.133137e-01 -1.126703342 1.419987534 0
 427 1531 1345 2 M  1.702689e+00 -0.571838964 1.490222746 0
 428 1531 1345 2 F  2.411365e+00  1.078066662 1.225656917 0
 429 1531 1345 2 M  1.378228e+00 -0.716856983 1.474646587 0
 430 1531 1345 2 F  1.069498e+00 -0.453330320 1.295051836 0
 431 1766 1990 2 M -4.322087e-02  0.764279552 0.497637922 0
 432 1766 1990 2 M  3.033724e-01  1.007290090 0.484128392 0
 433 1766 1990 2 M -1.552099e+00 -0.076339967 0.445981459 0
 434 1766 1990 2 F -9.425770e-01 -0.186622009 0.285909337 0
 435 1766 1990 2 M -1.412449e+00  0.081447686 0.315280521 0
 436 1766 1840 2 M  8.063229e-01 -0.401134905 1.194957492 0
 437 1766 1840 2 F  1.990479e+00  1.182769504 1.193219152 0
 438 1766 1840 2 F  2.632865e+00  0.024089346 1.567064722 0
 439 1766 1840 2 M  1.084513e+00 -0.825689368 1.374500972 0
 440 1766 1840 2 F  1.334551e+00  0.189504131 1.203725257 0
 441 1569 1408 2 M  2.710442e+00  0.079635931 1.657643818 0
 442 1569 1408 2 M  2.221781e+00  0.706933395 1.375946615 0
 443 1569 1408 2 M  2.698405e+00  0.691644101 1.463398273 0
 444 1569 1408 2 F  2.627946e-01 -1.886881858 1.520836407 0
 445 1569 1408 2 F  1.940969e+00  0.692517095 1.305967408 0
 446 1569 2109 2 F  1.504454e+00 -0.838097156 1.457908200 0
 447 1569 2109 2 F  2.898185e+00  1.018841691 1.404858353 0
 448 1569 2109 2 F  2.617828e+00  0.125566257 1.545667072 0
 449 1569 2109 2 F  1.909757e+00  0.302392335 1.316130410 0
 450 1569 2109 2 M  1.618022e+00 -0.229773175 1.386416264 0
 451 1610 1803 2 F  2.742005e+00  0.533091288 1.478855435 0
 452 1610 1803 2 F  2.672904e+00  0.500724220 1.423404547 0
 453 1610 1803 2 M  3.547889e+00  0.478831225 1.630466744 0
 454 1610 1803 2 M  2.376261e+00  0.447960717 1.440572167 0
 455 1610 1803 2 M -9.458150e-02 -2.068817779 1.361894126 0
 456 1610 1871 2 M  1.582633e+00 -0.916754545 1.506972761 0
 457 1610 1871 2 M  3.228969e+00  1.041154364 1.448210584 0
 458 1610 1871 2 F  3.090604e+00  0.377751738 1.606328417 0
 459 1610 1871 2 M  2.374251e+00 -0.139885249 1.455737015 0
 460 1610 1871 2 M  3.182147e+00  0.958053684 1.382497816 0
 461 1428 1450 2 F  1.912805e+00  0.427725147 1.351152742 0
 462 1428 1450 2 F  3.481914e+00  0.332779739 1.771992572 0
 463 1428 1450 2 M  4.986927e+00  2.460019975 1.696706966 0
 464 1428 1450 2 F  3.355939e+00  0.478980107 1.729138886 0
 465 1428 1450 2 F  3.012393e+00  0.917892868 1.557098320 0
 466 1428 2244 2 M  1.817407e+00  0.220803826 1.369347026 0
 467 1428 2244 2 M -2.241311e-01 -1.130939543 1.230564916 0
 468 1428 2244 2 F  1.177891e+00 -0.240489464 1.307969412 0
 469 1428 2244 2 M  1.933249e+00 -0.245943894 1.506313621 0
 470 1428 2244 2 F  1.587573e+00  0.946370681 0.978437271 0
 471 1512 1433 2 M  4.229688e+00  1.511978397 1.612846238 0
 472 1512 1433 2 F  2.831367e+00  0.312612173 1.596650976 0
 473 1512 1433 2 M  1.647229e+00 -1.173967853 1.646070748 0
 474 1512 1433 2 M  2.003339e+00 -0.837717419 1.709508052 0
 475 1512 1433 2 M  3.290082e+00  0.522081665 1.698640297 0
 476 1512 1794 2 M  3.089255e+00  0.842831294 1.383751796 0
 477 1512 1794 2 F  3.310886e+00  0.960292632 1.472351119 0
 478 1512 1794 2 F  1.541891e+00 -0.582049845 1.444163262 0
 479 1512 1794 2 F  3.736686e+00  0.741443763 1.829540929 0
 480 1512 1794 2 F  2.913760e+00  0.374213161 1.532295914 0
 481 2166 1373 2 F  1.649644e+00  0.351843656 1.221602515 0
 482 2166 1373 2 F  1.176735e+00 -0.126189583 1.232973199 0
 483 2166 1373 2 F  1.730836e-01 -0.585017328 1.207591614 0
 484 2166 1373 2 F  6.105891e-01 -1.133583134 1.383487511 0
 485 2166 1373 2 F  1.293132e+00  0.496132406 1.229816104 0
 486 2166 2112 2 M  2.649823e+00  0.611257616 1.349657393 0
 487 2166 2112 2 F  2.218635e+00  0.898488164 1.400910403 0
 488 2166 2112 2 F  1.906198e+00  0.711240398 1.145570003 0
 489 2166 2112 2 F  2.215546e+00  0.761140625 1.280935534 0
 490 2166 2112 2 F  3.986603e-01 -0.829583454 0.987701088 0
 491 2106 2272 2 F -6.165334e-02 -0.209788807 0.774096660 0
 492 2106 2272 2 F -6.450622e-01 -1.125146664 0.951973189 0
 493 2106 2272 2 M  4.430727e-01 -0.644538965 1.019056834 0
 494 2106 2272 2 F  2.261061e+00  0.525624298 1.194110203 0
 495 2106 2272 2 M  5.799547e-01  0.303406966 0.853072167 0
 496 2106 2144 2 F  4.483310e-01 -1.220013883 1.107160202 0
 497 2106 2144 2 F  7.402307e-01 -0.964887700 1.305755632 0
 498 2106 2144 2 M  3.211391e+00  1.118561288 1.287719656 0
 499 2106 2144 2 M  1.217323e+00 -0.690041547 1.250822720 0
 500 2106 2144 2 F  8.563739e-01 -0.259593236 1.167985789 0
 501 1699 2261 2 M  1.489326e+00  0.293751643 1.214710174 0
 502 1699 2261 2 F  1.618911e+00  0.661447808 1.220072942 0
 503 1699 2261 2 F  7.178482e-01 -0.479735520 1.212797133 0
 504 1699 2261 2 M  2.401084e+00  0.058706534 1.391493348 0
 505 1699 2261 2 M  2.214372e+00  0.362765666 1.365749577 0
 506 1699 1506 2 F  2.086052e+00  0.642625369 1.303978813 0
 507 1699 1506 2 F  2.424682e+00  0.034889238 1.500757528 0
 508 1699 1506 2 F  3.313340e+00  0.069104154 1.778127795 0
 509 1699 1506 2 M  2.418843e+00  0.673354311 1.310547859 0
 510 1699 1506 2 M  2.606574e+00  0.728377448 1.425403615 0
 511 1417 1741 2 F  2.437040e+00  0.683925612 1.264382416 0
 512 1417 1741 2 F  2.226636e+00  0.168412749 1.395321612 0
 513 1417 1741 2 F  1.602905e+00  0.050465366 1.264747884 0
 514 1417 1741 2 M  2.070169e+00  0.286102519 1.278553710 0
 515 1417 1741 2 M  2.240079e+00  0.372335179 1.303244426 0
 516 1417 1852 2 F  3.118657e+00  0.615221190 1.496108649 0
 517 1417 1852 2 M  2.222360e+00  0.678564135 1.105642956 0
 518 1417 1852 2 M  2.349338e+00  0.586707917 1.256515100 0
 519 1417 1852 2 F  1.640687e+00 -0.031268923 1.195032775 0
 520 1417 1852 2 M  1.073533e+00  0.103217738 0.958169930 0
 521 1517 2202 2 F  2.781091e+00  1.299864554 1.142930551 0
 522 1517 2202 2 F  1.403457e+00 -0.637304568 1.375871724 0
 523 1517 2202 2 M  1.300008e+00 -0.151370121 1.303339965 0
 524 1517 2202 2 M  6.588981e-01 -0.484477434 1.098762871 0
 525 1517 2202 2 M  2.228532e+00  0.946027525 1.201690072 0
 526 1517 1439 2 M  1.365510e+00  0.047653704 1.382086702 0
 527 1517 1439 2 M  1.233708e+00 -0.131219759 1.284438684 0
 528 1517 1439 2 F  5.180934e-01 -0.455678253 1.094606692 0
 529 1517 1439 2 F  2.405954e+00  0.203300177 1.420104647 0
 530 1517 1439 2 F  2.503273e+00  0.982025199 1.291472843 0
 531 2063 2115 2 M  8.834715e-01  0.052310597 1.010003195 0
 532 2063 2115 2 M  4.234848e-01 -0.636250827 1.064379298 0
 533 2063 2115 2 F  2.288773e+00  0.598110926 1.073851412 0
 534 2063 2115 2 F -3.572718e-01 -1.279670139 1.116987601 0
 535 2063 2115 2 M  1.426960e+00  0.710901854 0.893706430 0
 536 2063 1983 2 M  1.706014e+00 -0.302677644 1.369016171 0
 537 2063 1983 2 M  1.446606e+00  0.387424749 1.123831310 0
 538 2063 1983 2 M  3.088767e+00  1.131858401 1.358661851 0
 539 2063 1983 2 F  1.709949e+00  0.053185419 1.264333722 0
 540 2063 1983 2 M  2.011936e+00  0.699669022 1.124499621 0
 541 1522 2007 2 M  7.080661e-01 -0.497542015 1.256898778 0
 542 1522 2007 2 M  1.066812e+00  0.266074624 1.120323624 0
 543 1522 2007 2 M  1.020196e-01 -1.498983472 1.245658265 0
 544 1522 2007 2 F  4.128593e+00  1.364912454 1.576843952 0
 545 1522 2007 2 F  2.668067e+00 -0.166297024 1.503099676 0
 546 1522 1319 2 F  1.705466e-01 -0.068255847 0.920743997 0
 547 1522 1319 2 F  6.816660e-01 -1.576309753 1.397274246 0
 548 1522 1319 2 M  2.580228e+00 -0.177457070 1.575708313 0
 549 1522 1319 2 M  3.644000e+00  1.363618313 1.413139307 0
 550 1522 1319 2 F  1.290615e+00  1.117958917 0.917227788 0
 551 1511 1591 2 F  2.272034e+00 -0.700876376 1.657051462 0
 552 1511 1591 2 F  1.235854e+00 -0.046215977 1.341984559 0
 553 1511 1591 2 F  4.161211e-01 -1.136033700 1.279899316 0
 554 1511 1591 2 M  2.517260e+00  0.685726078 1.407889131 0
 555 1511 1591 2 M  2.993260e+00  0.787976981 1.431325558 0
 556 1511 1813 2 F  1.736910e+00 -1.167296752 1.759350777 0
 557 1511 1813 2 F  2.653284e+00  0.223468756 1.512251945 0
 558 1511 1813 2 F  2.528602e+00  0.259172387 1.415625479 0
 559 1511 1813 2 M  2.141485e+00  0.087601822 1.390152683 0
 560 1511 1813 2 F  2.945605e+00  0.290928026 1.651586409 0
 561 1384 1556 2 F  9.675268e-01 -0.495941340 1.428458836 0
 562 1384 1556 2 M  1.589231e+00 -0.042367693 1.329701752 0
 563 1384 1556 2 F  1.139637e+00 -0.913783400 1.378229635 0
 564 1384 1556 2 M  1.884764e+00 -0.198117075 1.392758161 0
 565 1384 1556 2 M  9.145388e-01 -0.599937869 1.343517633 0
 566 1384 1343 2 F  2.412137e+00  0.762264682 1.406110857 0
 567 1384 1343 2 F  8.221456e-01 -0.787538627 1.322067024 0
 568 1384 1343 2 M  2.629127e+00  0.059702211 1.611745395 0
 569 1384 1343 2 F  1.361495e+00 -0.908026117 1.461960179 0
 570 1384 1343 2 F -7.709225e-02 -1.213534125 1.174655717 0
 571 1646 1832 2 F  2.300256e+00  0.213776035 1.360296034 0
 572 1646 1832 2 F  2.591699e+00  0.411574105 1.425989944 0
 573 1646 1832 2 M  2.903707e+00  0.268617040 1.623194372 0
 574 1646 1832 2 F  1.912173e+00 -0.282908052 1.515357981 0
 575 1646 1832 2 F  2.441276e+00 -0.078184506 1.396728161 0
 576 1646 1487 2 M  3.095339e+00  0.306380194 1.887079852 0
 577 1646 1487 2 M  2.023572e+00 -1.021972118 1.610600200 0
 578 1646 1487 2 M  3.384420e+00  0.470629682 1.694298259 0
 579 1646 1487 2 F  1.564968e+00 -0.764485356 1.426526008 0
 580 1646 1487 2 M  2.724995e+00  0.478155016 1.414246749 0
 581 1492 1329 2 M -2.196847e+00 -1.144576400 0.471697363 0
 582 1492 1329 2 M -1.416922e+00 -0.254003807 0.389603601 0
 583 1492 1329 2 M -1.451115e+00 -0.061502417 0.322225088 0
 584 1492 1329 2 M -1.726556e+00 -0.681482801 0.391213295 0
 585 1492 1329 2 F  3.350055e-02  1.015208597 0.418776678 0
 586 1492 2292 2 F  3.448179e+00  0.454832463 1.670268468 0
 587 1492 2292 2 F  1.592272e+00 -0.474697823 1.377452656 0
 588 1492 2292 2 F  3.128801e+00 -0.026184849 1.651415478 0
 589 1492 2292 2 F  3.542449e+00  1.051619974 1.467232289 0
 590 1492 2292 2 M  1.997586e+00 -0.422484906 1.444619299 0
 591 1383 1509 2 F -8.259843e-01 -0.218201129 0.614086418 0
 592 1383 1509 2 F  1.930494e-01  1.040926803 0.524258121 0
 593 1383 1509 2 F -1.487187e+00 -0.407248930 0.252665743 0
 594 1383 1509 2 M  6.944539e-01  1.647199616 0.388664217 0
 595 1383 1509 2 M -1.618768e+00 -0.747741615 0.428411275 0
 596 1383 1561 2 F -2.076659e-01  0.425273153 0.604456313 0
 597 1383 1561 2 M -1.455630e+00 -0.803774463 0.458618847 0
 598 1383 1561 2 F -1.438966e+00 -0.253837077 0.381415532 0
 599 1383 1561 2 M -9.537108e-01 -0.013535434 0.383778684 0
 600 1383 1561 2 M -6.066659e-01  0.191682058 0.574039677 0
 601 1836 1349 2 F  1.626316e+00 -0.184037853 1.427400146 0
 602 1836 1349 2 M  1.572493e+00 -0.076179029 1.317908474 0
 603 1836 1349 2 F  1.894526e+00  0.013545058 1.401981986 0
 604 1836 1349 2 M  1.775519e+00  0.581010547 1.186352887 0
 605 1836 1349 2 F  1.703251e+00 -0.049996450 1.338330018 0
 606 1836 2151 2 M  3.068690e-02 -0.397327207 1.098502660 0
 607 1836 2151 2 F  2.278739e+00  0.703576451 1.308701918 0
 608 1836 2151 2 M  1.306803e+00  0.002960219 1.322324651 0
 609 1836 2151 2 F  3.090960e+00  1.268030172 1.456386816 0
 610 1836 2151 2 F  1.026163e+00  0.157299287 1.153622519 0
 611 1718 1792 2 M  3.585933e+00  1.739864679 1.412500970 0
 612 1718 1792 2 M  1.522380e+00 -0.094424324 1.352595938 0
 613 1718 1792 2 M  3.267783e-01 -0.909871586 1.197001642 0
 614 1718 1792 2 F  2.164805e+00  0.588035815 1.350726232 0
 615 1718 1792 2 M  2.465919e+00  0.113046186 1.502754910 0
 616 1718 1336 2 M  2.565595e+00  0.141829869 1.467881438 0
 617 1718 1336 2 F  2.267789e+00 -0.291366987 1.554004218 0
 618 1718 1336 2 M  5.672672e-01 -0.315571475 1.246052037 0
 619 1718 1336 2 M  2.758972e+00 -0.608614658 1.762078658 0
 620 1718 1336 2 M  2.483731e+00 -0.876301344 1.819754051 0
 621 1915 2055 2 F  2.774918e+00  0.897801103 1.466863607 0
 622 1915 2055 2 M  1.789740e+00 -0.440734733 1.565245545 0
 623 1915 2055 2 M  3.254794e+00  0.997629968 1.443939447 0
 624 1915 2055 2 F  2.161422e+00  0.102149705 1.454076109 0
 625 1915 2055 2 M  2.179446e+00  0.412112365 1.291663845 0
 626 1915 1338 2 F  2.680914e+00  0.339941545 1.569511092 0
 627 1915 1338 2 F  3.338303e+00  0.515086499 1.598704543 0
 628 1915 1338 2 F  3.782649e+00  1.014606146 1.629241815 0
 629 1915 1338 2 M  2.593699e+00  0.811247893 1.443163871 0
 630 1915 1338 2 F  2.894114e+00  0.204161580 1.541017560 0
 631 1432 2293 2 M  6.343696e-01 -1.079450991 1.192890572 0
 632 1432 2293 2 F  1.894772e+00  0.224182244 1.408184227 0
 633 1432 2293 2 F  1.376368e+00 -0.224205052 1.214155645 0
 634 1432 2293 2 M  3.008443e+00  1.037136277 1.369813359 0
 635 1432 2293 2 F  2.514913e+00  0.322848006 1.360221685 0
 636 1432 1896 2 F  2.942602e+00  1.392146765 1.226191628 0
 637 1432 1896 2 F  1.215753e+00  0.068452135 1.125947515 0
 638 1432 1896 2 M  5.354868e-01  0.025691542 1.011100278 0
 639 1432 1896 2 M  1.215051e+00 -0.257013422 1.240971483 0
 640 1432 1896 2 M  6.723460e-01 -0.976358616 1.332786258 0
 641 2250 1320 2 F  3.079457e+00  0.643809504 1.553929758 0
 642 2250 1320 2 M  1.942881e+00  0.015165941 1.458795376 0
 643 2250 1320 2 F  1.584526e+00 -0.524549265 1.536044140 0
 644 2250 1320 2 M  1.740864e+00 -0.221015102 1.421674494 0
 645 2250 1320 2 M  2.764239e+00  0.582000921 1.582555556 0
 646 2250 1545 2 M  6.025015e-01 -1.485519216 1.545643311 0
 647 2250 1545 2 M  2.943935e+00  0.202545809 1.689203418 0
 648 2250 1545 2 F  1.848218e+00 -0.377709676 1.492012119 0
 649 2250 1545 2 M  6.930766e-01 -0.950641193 1.430569564 0
 650 2250 1545 2 F  1.460904e+00  0.320352968 1.266146164 0
 651 1518 1424 2 M  4.578593e+00  1.277100765 1.753737692 0
 652 1518 1424 2 F  4.446668e+00  0.933647212 1.820326703 0
 653 1518 1424 2 F  1.913890e+00 -1.502771708 1.812038589 0
 654 1518 1424 2 F  4.131005e+00  0.309332849 1.923347877 0
 655 1518 1424 2 M  3.381815e+00  0.197310282 1.685754569 0
 656 1518 1997 2 F  3.112046e+00  0.554660694 1.650428534 0
 657 1518 1997 2 M  2.780546e+00  0.288254544 1.598624691 0
 658 1518 1997 2 F  2.570427e+00 -0.133249780 1.716331877 0
 659 1518 1997 2 F  2.912407e+00  0.297562288 1.573226435 0
 660 1518 1997 2 F  1.807368e+00 -0.880588907 1.621419085 0
 661 1375 1876 2 M  5.498425e-01  0.236233573 1.011794743 0
 662 1375 1876 2 M  1.955348e+00 -0.139245917 1.498331593 0
 663 1375 1876 2 M -3.981377e-01 -1.107636576 1.060069166 0
 664 1375 1876 2 F  2.711294e+00  0.867676149 1.480475242 0
 665 1375 1876 2 M  6.754337e-01 -1.310985590 1.392370797 0
 666 1375 2145 2 F  2.144540e+00 -0.178322391 1.488335317 0
 667 1375 2145 2 F  2.548910e+00  0.093775893 1.486341166 0
 668 1375 2145 2 M  3.000636e+00  0.429526277 1.731664111 0
 669 1375 2145 2 M  3.463778e+00  0.801081341 1.568528642 0
 670 1375 2145 2 M  2.112460e+00 -0.457109343 1.711051392 0
 671 1592 2152 2 F  8.502749e-01 -1.271208418 1.434495084 0
 672 1592 2152 2 F  2.891822e+00  0.957609002 1.447227725 0
 673 1592 2152 2 M  5.712189e-01 -1.440150316 1.466857159 0
 674 1592 2152 2 F  1.100706e+00 -0.002547748 1.281278061 0
 675 1592 2152 2 M  1.224841e+00  0.563110544 1.196933952 0
 676 1592 1702 2 M  1.004426e+00 -1.315494768 1.507983727 0
 677 1592 1702 2 M  2.441792e+00  0.127081879 1.505886877 0
 678 1592 1702 2 M  2.749856e+00  0.628093638 1.443748889 0
 679 1592 1702 2 F  2.022650e+00  0.091327188 1.382060564 0
 680 1592 1702 2 F  1.901371e+00 -0.135684553 1.480364767 0
 681 2269 1381 2 M -5.166378e-01  0.161362966 0.515918246 0
 682 2269 1381 2 M -1.045360e+00 -0.658502918 0.539424648 0
 683 2269 1381 2 F -5.628113e-02  0.607954163 0.560929722 0
 684 2269 1381 2 M -1.213426e+00  0.018075245 0.291050571 0
 685 2269 1381 2 F -1.301398e+00 -0.411083964 0.561879052 0
 686 2269 1641 2 M  1.883631e+00 -0.482864348 1.441725195 0
 687 2269 1641 2 F  2.077554e-01 -1.715286499 1.384982265 0
 688 2269 1641 2 F  2.009739e+00 -0.310329910 1.488468932 0
 689 2269 1641 2 F  2.726727e+00 -0.278314179 1.595421003 0
 690 2269 1641 2 F  1.854237e+00 -0.753899867 1.532614115 0
 691 1491 1666 2 F  3.714301e+00  0.748327012 1.598690024 0
 692 1491 1666 2 M  1.914821e+00 -0.067262591 1.250367363 0
 693 1491 1666 2 F  4.903009e-01 -1.102664459 1.234175440 0
 694 1491 1666 2 M  2.950690e+00  0.244654590 1.601680034 0
 695 1491 1666 2 F  3.142335e+00  0.513848929 1.449544174 0
 696 1491 1455 2 M  1.586811e+00 -1.041424784 1.467266145 0
 697 1491 1455 2 M  7.147806e-01 -0.716279945 1.320919168 0
 698 1491 1455 2 F  5.808762e-01 -0.911646880 1.222835003 0
 699 1491 1455 2 M  2.051038e+00 -0.181568166 1.345547391 0
 700 1491 1455 2 M  1.058106e+00 -1.383265402 1.460842446 0
 701 1520 1363 2 F -1.600288e-01 -0.066396213 0.772348173 0
 702 1520 1363 2 M -1.300056e+00 -0.406170952 0.516475905 0
 703 1520 1363 2 F -1.099258e+00 -0.591235462 0.491316413 0
 704 1520 1363 2 M  4.558795e-02  0.379350219 0.617448576 0
 705 1520 1363 2 F -5.403774e-01 -0.253457363 0.614146593 0
 706 1520 1818 2 F  1.212598e+00 -0.655869180 1.388893631 0
 707 1520 1818 2 F  2.321188e+00 -0.091243563 1.458379085 0
 708 1520 1818 2 F  1.957033e+00 -0.613599749 1.514280904 0
 709 1520 1818 2 F  3.019244e+00  0.346570799 1.527165931 0
 710 1520 1818 2 F  3.336100e+00  0.972852402 1.526068273 0
 711 1688 1836 2 M -2.574141e+00 -1.455683217 0.206384986 0
 712 1688 1836 2 F -2.125939e-01  0.266150304 0.424191429 0
 713 1688 1836 2 M -2.641267e+00 -1.793275273 0.360880802 0
 714 1688 1836 2 M  1.152793e-01  0.805913981 0.382400651 0
 715 1688 1836 2 F  1.031625e-01  0.984613128 0.218373903 0
 716 1688 1529 2 M  2.571791e+00  0.239927250 1.445407184 0
 717 1688 1529 2 M  3.434277e+00  1.002543626 1.591974879 0
 718 1688 1529 2 M  2.902168e+00  0.161898134 1.602331093 0
 719 1688 1529 2 M  2.980272e+00  0.328452396 1.612343779 0
 720 1688 1529 2 F  4.001967e+00  1.561176172 1.506363596 0
 721 2002 2175 2 F  3.016428e+00  0.629683643 1.463947877 0
 722 2002 2175 2 M  2.771936e+00  0.542573309 1.425234066 0
 723 2002 2175 2 F  1.028633e+00 -0.018699342 1.086915193 0
 724 2002 2175 2 F  2.744507e-02 -0.873717125 1.040000174 0
 725 2002 2175 2 M  7.815110e-01 -0.050346183 1.118330324 0
 726 2002 1675 2 M  1.858055e+00  0.349922354 1.242844022 0
 727 2002 1675 2 F  9.409078e-01 -0.002994631 1.079407017 0
 728 2002 1675 2 M  1.233773e+00 -0.461291039 1.192108480 0
 729 2002 1675 2 F  1.864239e+00 -0.370465872 1.412458619 0
 730 2002 1675 2 M  2.299581e+00  0.443432834 1.227304444 0
 731 1736 1632 2 F  3.225470e-02 -0.967700820 1.084754618 0
 732 1736 1632 2 M  1.204772e+00 -1.408525045 1.672420675 0
 733 1736 1632 2 M  1.758557e+00 -0.018493049 1.379942211 0
 734 1736 1632 2 M  3.294910e+00  0.479959404 1.708149820 0
 735 1736 1632 2 F  1.820297e+00  0.571175125 1.300839948 0
 736 1736 2157 2 F  3.059217e+00  0.520025489 1.544701556 0
 737 1736 2157 2 F  3.018129e+00 -0.082907332 1.765701557 0
 738 1736 2157 2 F  9.480945e-01 -0.928727547 1.299050644 0
 739 1736 2157 2 F  3.192084e+00  0.270763812 1.608120345 0
 740 1736 2157 2 M  2.945200e+00 -0.022928027 1.656176107 0
 741 2000 1981 2 M  2.584555e+00 -0.047648167 1.657804670 0
 742 2000 1981 2 M  2.484119e+00 -0.339096968 1.701345263 0
 743 2000 1981 2 M  2.022498e+00 -0.363760834 1.460349865 0
 744 2000 1981 2 F  1.629073e+00 -0.631081024 1.423215090 0
 745 2000 1981 2 M  2.318531e+00  0.467596044 1.269618706 0
 746 2000 1670 2 M  2.335966e+00  0.498353984 1.362869648 0
 747 2000 1670 2 M  2.892036e+00  0.569834448 1.464973312 0
 748 2000 1670 2 M  2.891368e+00  1.415783468 1.277351985 0
 749 2000 1670 2 F  2.604601e+00  0.081516673 1.604830940 0
 750 2000 1670 2 M  2.041627e+00  0.540339733 1.233120039 0
 751 1946 1889 2 M  1.388207e+00 -0.095390056 1.222881750 0
 752 1946 1889 2 M  1.680319e+00  0.351034994 1.474587167 0
 753 1946 1889 2 M  2.397434e+00  0.320469989 1.496044055 0
 754 1946 1889 2 M  1.785403e+00  0.290273793 1.409919767 0
 755 1946 1889 2 F  2.657536e+00  0.484100837 1.557015495 0
 756 1946 1738 2 M  2.897452e+00  0.256250568 1.692702247 0
 757 1946 1738 2 F  1.507633e+00 -0.254801323 1.318362125 0
 758 1946 1738 2 M  2.861536e+00  0.987220701 1.388548361 0
 759 1946 1738 2 M  1.669550e+00 -0.701709515 1.693978610 0
 760 1946 1738 2 F  3.200116e+00  0.746612075 1.564815852 0
 761 2035 1495 2 M  1.201093e+00  0.402604005 0.976511855 0
 762 2035 1495 2 F  5.958006e-01 -1.457793815 1.309062492 0
 763 2035 1495 2 F  2.923791e+00  0.727469693 1.310711087 0
 764 2035 1495 2 M  1.606241e+00 -0.443506993 1.298590348 0
 765 2035 1495 2 F  3.515594e-01 -0.606107556 1.059624371 0
 766 2035 1528 2 F  9.836441e-01 -0.993565400 1.419288783 0
 767 2035 1528 2 F  3.063729e+00  0.464642081 1.531307599 0
 768 2035 1528 2 F  1.882835e+00 -0.157713476 1.507243339 0
 769 2035 1528 2 M  2.030915e+00  0.395494383 1.273319222 0
 770 2035 1528 2 F  1.479093e+00 -0.525978127 1.428044603 0
 771 1366 1984 2 F  1.819066e+00 -0.731960278 1.600035500 0
 772 1366 1984 2 F  1.369376e+00 -0.643160730 1.390487081 0
 773 1366 1984 2 M  1.765654e+00 -0.494354557 1.473074766 0
 774 1366 1984 2 F -4.124762e-02 -2.067466410 1.446594114 0
 775 1366 1984 2 M  2.463768e+00 -0.307779048 1.615954517 0
 776 1366 1725 2 F  1.437551e-01 -0.874193622 1.115415763 0
 777 1366 1725 2 F  7.234839e-01 -0.184614040 1.122500815 0
 778 1366 1725 2 F  1.105717e+00  0.157757781 1.244661799 0
 779 1366 1725 2 M  1.284720e+00 -0.218599599 1.404821203 0
 780 1366 1725 2 F  1.238385e+00  0.507709471 0.920368415 0
 781 1508 1478 2 M  7.630351e-01 -0.857940853 1.261228968 0
 782 1508 1478 2 F  2.584743e+00 -0.086558136 1.648326049 0
 783 1508 1478 2 F  1.328048e+00 -0.430013042 1.286588076 0
 784 1508 1478 2 M  1.436837e+00 -0.310644292 1.280603971 0
 785 1508 1478 2 F  5.027024e-01 -1.793905258 1.707174333 0
 786 1508 2073 2 M  2.705154e+00 -0.189754113 1.580189351 0
 787 1508 2073 2 F  6.355287e-01  0.212953516 0.942466508 0
 788 1508 2073 2 F  2.626646e+00 -0.107319838 1.595855319 0
 789 1508 2073 2 F  1.379370e+00 -0.103274033 1.349918083 0
 790 1508 2073 2 F  5.293294e-01 -1.151538742 1.451184839 0
 791 1484 2165 2 M  2.269633e+00  0.701863703 1.363324097 0
 792 1484 2165 2 M  1.867174e+00 -0.444617477 1.553899036 0
 793 1484 2165 2 F  3.187032e+00  0.459304492 1.628197796 0
 794 1484 2165 2 F  2.973680e+00  0.542076023 1.554814007 0
 795 1484 2165 2 M  1.652706e+00 -0.022596542 1.368162441 0
 796 1484 1967 2 M  3.891685e+00  0.849306526 1.680642733 0
 797 1484 1967 2 M  1.997647e+00 -0.402928266 1.501481793 0
 798 1484 1967 2 M  3.606412e+00  1.065014426 1.518574842 0
 799 1484 1967 2 F  2.197573e+00  0.271973175 1.298030683 0
 800 1484 1967 2 M  2.540739e+00  0.683498358 1.257714880 0
 801 1681 1432 2 M -1.539472e-01  0.711550243 0.450330961 0
 802 1681 1432 2 F -1.292455e-01  0.494949458 0.429181597 0
 803 1681 1432 2 F -8.772789e-01  0.057374859 0.372458283 0
 804 1681 1432 2 F -1.099385e+00 -0.228542800 0.371254990 0
 805 1681 1432 2 M  3.777214e-01  1.538842327 0.349547070 0
 806 1681 2094 2 F  1.580568e+00 -1.115975528 1.586370568 0
 807 1681 2094 2 M  2.564585e+00 -0.280741434 1.517548586 0
 808 1681 2094 2 F  2.018036e+00 -0.218555192 1.441472104 0
 809 1681 2094 2 M  1.676823e+00 -0.639054329 1.439087213 0
 810 1681 2094 2 M  2.030677e+00 -0.230681209 1.460900685 0
 811 1613 2176 2 M  1.230603e+00  0.331657199 1.166335181 0
 812 1613 2176 2 F  2.517186e+00  1.211926620 1.359041739 0
 813 1613 2176 2 F  1.156093e+00 -0.452735895 1.426509531 0
 814 1613 2176 2 F  6.579224e-01 -0.824556898 1.364873169 0
 815 1613 2176 2 F  8.829933e-01 -0.944013365 1.514352844 0
 816 1613 1857 2 M  2.413085e+00  0.773018793 1.431967057 0
 817 1613 1857 2 F  1.165253e+00 -0.539068465 1.367304317 0
 818 1613 1857 2 F  7.370378e-01 -0.737673063 1.245657504 0
 819 1613 1857 2 M  1.910368e+00 -0.084108957 1.497606668 0
 820 1613 1857 2 F  1.764815e+00 -0.865460528 1.670780097 0
 821 2042 1708 2 F  1.259483e+00 -0.584365158 1.536084075 0
 822 2042 1708 2 M  9.960118e-01 -0.486259325 1.500191247 0
 823 2042 1708 2 F  9.743402e-01 -0.303936064 1.295710048 0
 824 2042 1708 2 M  3.739694e+00  1.467365560 1.567297727 0
 825 2042 1708 2 M  7.239614e-01 -0.189489910 1.203189034 0
 826 2042 1446 2 F -1.942806e+00 -1.179152267 0.442729834 0
 827 2042 1446 2 F  1.532196e-01  0.682829324 0.537539435 0
 828 2042 1446 2 M -6.171953e-01 -0.168980907 0.489784415 0
 829 2042 1446 2 F -5.068266e-02  0.855364027 0.404449384 0
 830 2042 1446 2 F -7.993666e-01 -0.297192444 0.523153329 0
 831 2249 2163 2 M  2.405652e+00 -0.148910624 1.490079303 0
 832 2249 2163 2 F  3.255063e+00  0.809879247 1.392923334 0
 833 2249 2163 2 F  1.162630e+00  0.008724420 1.139425845 0
 834 2249 2163 2 M  1.220442e+00 -0.249086474 1.220438779 0
 835 2249 2163 2 M  1.042639e+00  0.003678205 1.111083093 0
 836 2249 1791 2 M  5.045716e-02 -1.156310116 1.244106594 0
 837 2249 1791 2 F  3.519841e-01 -0.973463932 1.138211367 0
 838 2249 1791 2 F  9.413052e-01  0.031873237 1.098072054 0
 839 2249 1791 2 M  6.592930e-01 -0.115717871 1.072358416 0
 840 2249 1791 2 F  1.803680e+00 -0.214790882 1.395719398 0
 841 1389 1795 2 F  2.128040e+00  0.007178750 1.483960410 0
 842 1389 1795 2 F  1.279971e+00 -0.185793326 1.284624511 0
 843 1389 1795 2 F  1.883307e+00 -0.154170233 1.390578606 0
 844 1389 1795 2 F -2.179693e-01 -1.649403662 1.230956465 0
 845 1389 1795 2 F  7.934078e-01 -0.687747395 1.296372770 0
 846 1389 1335 2 F  1.482825e+00  0.039422790 1.314402854 0
 847 1389 1335 2 F  9.249802e-01  0.120136907 1.171221205 0
 848 1389 1335 2 M  9.259637e-01 -0.578977669 1.336116822 0
 849 1389 1335 2 F  6.761502e-01 -0.387578542 1.127005998 0
 850 1389 1335 2 F  1.551217e+00 -0.329812386 1.418071593 0
 851 2164 1579 2 M  1.444336e+00  0.085142006 1.266794369 0
 852 2164 1579 2 F  2.676592e-01 -0.726005163 1.058329690 0
 853 2164 1579 2 F  2.271355e+00  0.594767524 1.428095184 0
 854 2164 1579 2 M  1.399908e+00  1.088637679 0.926747100 0
 855 2164 1579 2 F  7.969923e-01 -0.972021189 1.311670801 0
 856 2164 1809 2 M  1.356366e+00 -0.334784947 1.406230574 0
 857 2164 1809 2 F  1.239857e+00 -0.313843255 1.255527787 0
 858 2164 1809 2 F  5.046776e-01 -1.078288621 1.333241631 0
 859 2164 1809 2 F  1.596741e+00 -0.645864042 1.493414310 0
 860 2164 1809 2 F -2.403624e-01 -0.806345475 1.096190305 0
 861 1353 1915 2 M -1.859918e+00 -0.957529355 0.410767243 0
 862 1353 1915 2 M -2.733788e-01  0.617923651 0.358856594 0
 863 1353 1915 2 F -1.417623e+00 -0.775110615 0.355068087 0
 864 1353 1915 2 F  5.077704e-02  0.952001892 0.421242592 0
 865 1353 1915 2 F -3.337465e+00 -2.123572658 0.343747909 0
 866 1353 1862 2 M  2.729536e+00  0.177580469 1.505634544 0
 867 1353 1862 2 M  1.542733e+00  0.174090621 1.207101328 0
 868 1353 1862 2 M  2.499370e+00  0.561976966 1.340508299 0
 869 1353 1862 2 F  5.528897e-01 -0.201602350 1.013774468 0
 870 1353 1862 2 M  2.335523e+00  0.162999134 1.269773753 0
 871 1363 1492 2 M -1.555907e+00 -0.404518753 0.323274078 0
 872 1363 1492 2 F -1.159468e-02  0.900179934 0.454802463 0
 873 1363 1492 2 M -1.303488e+00 -0.305204308 0.394897026 0
 874 1363 1492 2 M -1.634632e+00 -0.547028904 0.365014795 0
 875 1363 1492 2 F  5.249288e-05  0.378279995 0.591876899 0
 876 1363 1382 2 F  4.296957e+00  1.238570292 1.739438390 0
 877 1363 1382 2 M  2.341499e+00  0.036322339 1.575912003 0
 878 1363 1382 2 F  3.029375e+00 -0.064454239 1.738369638 0
 879 1363 1382 2 M  4.863252e-01 -0.922412669 1.220168511 0
 880 1363 1382 2 F  2.533597e+00  0.205065286 1.480388196 0
 881 2064 2257 2 M -7.050251e-01 -0.978734708 0.929457164 0
 882 2064 2257 2 M  2.326101e-01 -0.212949790 1.099385650 0
 883 2064 2257 2 F  1.097698e+00  0.463045949 0.960978416 0
 884 2064 2257 2 F  1.423244e+00  1.064353885 0.944058849 0
 885 2064 2257 2 F -3.590380e-01 -1.218956627 1.080908402 0
 886 2064 1569 2 F -1.998526e+00 -0.780392328 0.362266400 0
 887 2064 1569 2 F  4.963277e-01  1.258761983 0.452304190 0
 888 2064 1569 2 F -9.631167e-01  0.055754308 0.367338475 0
 889 2064 1569 2 F -1.325446e+00 -0.535980974 0.435181276 0
 890 2064 1569 2 M -3.274705e-01  0.536129805 0.357486024 0
 891 2021 1745 2 M -8.118602e-02 -1.370634595 1.192320372 0
 892 2021 1745 2 F  1.547963e+00  0.447739327 1.141664130 0
 893 2021 1745 2 M  1.692129e+00  0.496422155 1.084908588 0
 894 2021 1745 2 M  2.708102e+00  1.036081340 1.334816653 0
 895 2021 1745 2 M  3.582991e-01 -0.350564446 1.079262532 0
 896 2021 1829 2 M  2.912159e+00  0.504021447 1.475940309 0
 897 2021 1829 2 F  1.584703e+00  0.493326969 1.127938940 0
 898 2021 1829 2 F  2.747915e+00  0.101442234 1.506806511 0
 899 2021 1829 2 F  3.551555e+00  1.274185763 1.457168346 0
 900 2021 1829 2 M  2.210049e+00  0.119389697 1.332617753 0
 901 2248 1557 2 F  2.762224e+00  1.005965160 1.381339624 0
 902 2248 1557 2 M  2.665419e+00 -0.171264739 1.515137534 0
 903 2248 1557 2 M  1.336008e+00 -0.063432922 1.175965122 0
 904 2248 1557 2 M  1.889094e+00 -0.815275722 1.589836945 0
 905 2248 1557 2 M  2.870556e+00  1.128738876 1.289967441 0
 906 2248 2024 2 F  2.327744e+00  0.628063119 1.389890759 0
 907 2248 2024 2 F  2.589901e+00  0.226446871 1.542791274 0
 908 2248 2024 2 F  2.877202e+00  0.331087848 1.458327702 0
 909 2248 2024 2 F  3.195957e+00  0.723289428 1.519584325 0
 910 2248 2024 2 M  7.625249e-01 -1.257925977 1.454574371 0
 911 1323 1761 2 F  3.186895e+00  0.514770025 1.647279588 0
 912 1323 1761 2 F  1.621791e+00 -1.130075250 1.551198433 0
 913 1323 1761 2 M  3.225138e+00  0.630318307 1.571343965 0
 914 1323 1761 2 M  2.561981e+00 -0.544397314 1.749316701 0
 915 1323 1761 2 F  1.183246e+00 -0.240150518 1.275435360 0
 916 1323 2074 2 F -3.501605e-01 -1.451466688 1.237589488 0
 917 1323 2074 2 M  8.541633e-02  0.023124082 0.935807672 0
 918 1323 2074 2 F  1.515225e+00 -0.480719964 1.292889994 0
 919 1323 2074 2 M  2.148361e+00  0.168444501 1.424545543 0
 920 1323 2074 2 M  1.983025e+00 -0.184782853 1.449678783 0
 921 1773 1558 2 F  8.825955e-01 -0.207406358 1.012819066 0
 922 1773 1558 2 F  1.930366e+00  0.934444428 1.070199307 0
 923 1773 1558 2 M  2.877031e-01 -0.519382730 1.142814431 0
 924 1773 1558 2 F  8.024640e-02 -0.339203203 0.815493307 0
 925 1773 1558 2 F  2.691153e-01 -0.630451423 1.008882347 0
 926 1773 2264 2 M -1.334648e+00 -0.062671905 0.380188392 0
 927 1773 2264 2 F -7.005233e-01  0.794572654 0.007526498 0
 928 1773 2264 2 F  3.174388e-01  1.490580592 0.449422583 0
 929 1773 2264 2 F -1.560035e+00 -0.184684737 0.159891536 0
 930 1773 2264 2 F -1.621001e+00 -0.066621871 0.278547016 0
 931 1596 1659 2 F  1.086078e+00 -0.817550457 1.325940072 0
 932 1596 1659 2 M  2.105265e+00 -0.014130120 1.412745496 0
 933 1596 1659 2 M  1.172775e+00 -0.776757610 1.346453691 0
 934 1596 1659 2 M  1.875351e+00 -0.497481003 1.519875846 0
 935 1596 1659 2 F  2.144423e+00  0.349813149 1.294454740 0
 936 1596 1342 2 F  9.309783e-01 -1.359653441 1.465868505 0
 937 1596 1342 2 M  3.256926e+00  0.901173679 1.403697926 0
 938 1596 1342 2 M  2.567374e+00  0.766972908 1.293771750 0
 939 1596 1342 2 M  1.932805e+00  0.593684043 1.221467820 0
 940 1596 1342 2 F  1.318070e+00  0.020187253 1.287497757 0
 941 2242 1705 2 M  1.549039e+00 -0.673039586 1.436684948 0
 942 2242 1705 2 M  1.105284e+00 -0.855323583 1.357928032 0
 943 2242 1705 2 F  3.262259e+00  1.106146530 1.486293510 0
 944 2242 1705 2 M  2.456214e+00  0.385425532 1.436460066 0
 945 2242 1705 2 F  1.842854e+00  0.052895137 1.322575398 0
 946 2242 1620 2 F  2.575472e+00  0.818953863 1.429280282 0
 947 2242 1620 2 M  1.716861e+00  0.232407913 1.354925593 0
 948 2242 1620 2 M  3.143246e+00  0.939780711 1.543369009 0
 949 2242 1620 2 M  1.830637e+00  0.015028466 1.427706118 0
 950 2242 1620 2 F  1.788464e+00  0.192335669 1.327937739 0
 951 1352 1536 2 M  2.360518e+00 -0.186923664 1.703423993 0
 952 1352 1536 2 M -4.363427e-01 -1.163332554 1.156698102 0
 953 1352 1536 2 M  3.828017e+00  1.209331382 1.719340792 0
 954 1352 1536 2 M  1.689753e+00  0.442349212 1.332529918 0
 955 1352 1536 2 F  2.903630e+00  1.042579945 1.340262757 0
 956 1352 2010 2 F  2.373557e+00  0.654930340 1.367060740 0
 957 1352 2010 2 F  1.871098e+00  0.311805792 1.226174499 0
 958 1352 2010 2 M  2.485455e+00  0.945955732 1.325061715 0
 959 1352 2010 2 M  1.460960e+00 -1.028524580 1.444794162 0
 960 1352 2010 2 F  2.217668e+00 -0.272866930 1.462671371 0
 961 2264 2075 2 F  2.391805e-01 -0.355546648 0.964655756 0
 962 2264 2075 2 M  3.854210e+00  1.640694563 1.470743838 0
 963 2264 2075 2 M -9.542264e-01 -1.407353746 0.961130426 0
 964 2264 2075 2 F  2.672710e-01 -0.253175516 0.980527420 0
 965 2264 2075 2 F  1.767439e+00 -0.554380640 1.562069131 0
 966 2264 1453 2 F  2.119467e+00 -0.168778125 1.455890453 0
 967 2264 1453 2 M  2.668808e+00  0.242289552 1.437717489 0
 968 2264 1453 2 F  3.144888e+00  0.299701213 1.668968440 0
 969 2264 1453 2 M  1.879474e+00 -0.575399505 1.388636629 0
 970 2264 1453 2 F  3.120748e+00  0.639408076 1.432176214 0
 971 1752 1660 2 F  2.718801e+00 -0.301595320 1.605503343 0
 972 1752 1660 2 M  3.713315e+00  0.596845936 1.758778162 0
 973 1752 1660 2 F  1.557941e+00 -0.874229491 1.599120435 0
 974 1752 1660 2 M  3.181242e+00  1.043065147 1.490108975 0
 975 1752 1660 2 F  2.290443e+00 -0.569702945 1.688017534 0
 976 1752 1703 2 M  1.821283e+00  0.291244320 1.436839467 0
 977 1752 1703 2 F  2.148676e+00  0.479276187 1.547828115 0
 978 1752 1703 2 F  2.335058e+00  0.764616516 1.279703951 0
 979 1752 1703 2 M  2.564757e+00  0.120893420 1.510960702 0
 980 1752 1703 2 M  1.743876e+00  0.674229231 1.138283021 0
 981 1329 1476 2 M  1.874903e+00  0.045220502 1.488377119 0
 982 1329 1476 2 M  2.145019e+00  0.322206478 1.504693050 0
 983 1329 1476 2 F  2.492422e+00  0.878018529 1.348298135 0
 984 1329 1476 2 M  1.731962e+00 -0.485911820 1.364069154 0
 985 1329 1476 2 M  1.115456e+00 -0.222836908 1.334904468 0
 986 1329 1672 2 M  8.704525e-01 -0.062044271 1.054810288 0
 987 1329 1672 2 F  5.514106e-01 -1.236327912 1.251143237 0
 988 1329 1672 2 F  2.153446e+00 -0.525209658 1.670339993 0
 989 1329 1672 2 F  1.658291e+00  0.272039559 1.201584114 0
 990 1329 1672 2 M  7.549657e-01 -0.172746392 1.029412222 0
 991 1733 1868 2 M  2.321836e+00  0.133993618 1.341734064 0
 992 1733 1868 2 F  1.728929e+00  0.663039736 1.033599913 0
 993 1733 1868 2 M  4.806912e-01 -0.519585964 1.014513529 0
 994 1733 1868 2 F  9.157065e-01  0.814685193 0.836809379 0
 995 1733 1868 2 F  1.363122e+00 -0.741447481 1.372764871 0
 996 1733 2193 2 F  2.939620e+00  0.449589161 1.454080182 0
 997 1733 2193 2 M  3.246452e+00  0.468768297 1.705853153 0
 998 1733 2193 2 M  1.979671e+00 -0.390357696 1.401143695 0
 999 1733 2193 2 F  2.779620e+00  0.766039872 1.356736332 0
1000 1733 2193 2 F  2.472777e+00  0.275978188 1.525622584 0
