ID Generation Chr Freq.Allele1 Freq.Allele2
   M1 3 1 0.2455 0.754500002
   M2 3 1 0.3695 0.630499989
   M3 3 1 0.6690 0.330999970
   M4 3 1 0.6505 0.349500000
   M5 3 1 0.0410 0.958999999
   M6 3 1 0.5475 0.452499986
   M7 3 1 0.5790 0.421000004
   M8 3 1 0.4255 0.574499995
   M9 3 1 0.3170 0.682999998
  M10 3 1 0.7275 0.272499979
  M11 3 1 0.6020 0.398000002
  M12 3 1 0.6790 0.320999980
  M13 3 1 0.9740 0.026000023
  M14 3 1 0.8205 0.179499984
  M15 3 1 0.7190 0.281000018
  M16 3 1 0.6655 0.334500015
  M17 3 1 0.2770 0.722999990
  M18 3 1 0.5110 0.489000022
  M19 3 1 0.5250 0.475000024
  M20 3 1 0.9670 0.032999992
  M21 3 1 0.6635 0.336499989
  M22 3 1 0.3430 0.657000005
  M23 3 1 0.5965 0.403500021
  M24 3 1 0.0370 0.963000000
  M25 3 1 0.6360 0.364000022
  M26 3 1 0.6000 0.399999976
  M27 3 1 0.4910 0.509000003
  M28 3 1 0.6720 0.328000009
  M29 3 1 0.4170 0.583000004
  M30 3 1 0.6485 0.351499975
  M31 3 1 0.0465 0.953499999
  M32 3 1 0.3415 0.658499986
  M33 3 1 0.8880 0.111999989
  M34 3 1 0.2415 0.758499995
  M35 3 1 0.7870 0.213000000
  M36 3 1 0.5495 0.450500011
  M37 3 1 0.7680 0.231999993
  M38 3 1 0.2290 0.770999998
  M39 3 1 0.3540 0.645999998
  M40 3 1 0.7605 0.239499986
  M41 3 1 0.8190 0.180999994
  M42 3 1 0.5760 0.424000025
  M43 3 1 0.7035 0.296500027
  M44 3 1 0.6905 0.309499979
  M45 3 1 0.6490 0.351000011
  M46 3 1 0.0760 0.924000002
  M47 3 1 0.2675 0.732499987
  M48 3 1 0.4595 0.540499985
  M49 3 1 0.2720 0.727999985
  M50 3 1 0.4195 0.580500007
  M51 3 1 0.4695 0.530499995
  M52 3 1 0.8050 0.194999993
  M53 3 1 0.4645 0.535499990
  M54 3 1 0.5860 0.413999975
  M55 3 1 0.1975 0.802499995
  M56 3 1 0.1690 0.831000000
  M57 3 1 0.4400 0.560000002
  M58 3 1 0.4510 0.548999995
  M59 3 1 0.8210 0.179000020
  M60 3 1 0.6180 0.382000029
  M61 3 1 0.7780 0.222000003
  M62 3 1 0.3995 0.600499988
  M63 3 1 0.3030 0.696999997
  M64 3 1 0.4635 0.536500007
  M65 3 1 0.8945 0.105499983
  M66 3 1 0.7005 0.299499989
  M67 3 1 0.4000 0.599999994
  M68 3 1 0.6155 0.384500027
  M69 3 1 0.7695 0.230499983
  M70 3 1 0.3610 0.638999999
  M71 3 1 0.5775 0.422500014
  M72 3 1 0.4420 0.557999998
  M73 3 1 0.6525 0.347500026
  M74 3 1 0.6200 0.379999995
  M75 3 1 0.5960 0.403999984
  M76 3 1 0.4630 0.537000000
  M77 3 1 0.6240 0.375999987
  M78 3 1 0.3275 0.672500014
  M79 3 1 0.4420 0.557999998
  M80 3 1 0.2740 0.726000011
  M81 3 1 0.7940 0.205999970
  M82 3 1 0.3715 0.628500015
  M83 3 1 0.3135 0.686500013
  M84 3 1 0.1295 0.870499998
  M85 3 1 0.1245 0.875500001
  M86 3 1 0.6545 0.345499992
  M87 3 1 0.6745 0.325500011
  M88 3 1 0.1045 0.895499997
  M89 3 1 0.5275 0.472500026
  M90 3 1 0.7795 0.220499992
  M91 3 1 0.9135 0.086499989
  M92 3 1 0.8380 0.162000000
  M93 3 1 0.0490 0.951000001
  M94 3 1 0.3235 0.676499993
  M95 3 1 0.2610 0.738999993
  M96 3 1 0.6340 0.365999997
  M97 3 1 0.7410 0.259000003
  M98 3 1 0.5005 0.499499977
  M99 3 1 0.7575 0.242500007
 M100 3 1 0.6660 0.333999991
 M101 3 1 0.2895 0.710500002
 M102 3 1 0.0845 0.915500000
 M103 3 1 0.0500 0.949999999
 M104 3 1 0.7160 0.283999979
 M105 3 1 0.6975 0.302500010
 M106 3 1 0.8470 0.152999997
 M107 3 1 0.4795 0.520500004
 M108 3 1 0.6735 0.326499999
 M109 3 1 0.3850 0.615000010
 M110 3 1 0.3245 0.675500005
 M111 3 1 0.8070 0.193000019
 M112 3 1 0.2915 0.708499998
 M113 3 1 0.5495 0.450500011
 M114 3 1 0.6705 0.329500020
 M115 3 1 0.7780 0.222000003
 M116 3 1 0.2745 0.725499988
 M117 3 1 0.2775 0.722499996
 M118 3 1 0.7525 0.247500002
 M119 3 1 0.3430 0.657000005
 M120 3 1 0.0890 0.910999998
 M121 3 1 0.5495 0.450500011
 M122 3 1 0.2190 0.781000003
 M123 3 1 0.7210 0.278999984
 M124 3 1 0.7150 0.285000026
 M125 3 1 0.9225 0.077499986
 M126 3 1 0.4285 0.571500003
 M127 3 1 0.8720 0.128000021
 M128 3 1 0.4585 0.541500002
 M129 3 1 0.3525 0.647500008
 M130 3 1 0.5180 0.481999993
 M131 3 1 0.4505 0.549499989
 M132 3 1 0.7210 0.278999984
 M133 3 1 0.7255 0.274500012
 M134 3 1 0.3360 0.664000005
 M135 3 1 0.4105 0.589500010
 M136 3 1 0.1365 0.863499999
 M137 3 1 0.7725 0.227500021
 M138 3 1 0.8220 0.177999973
 M139 3 1 0.2555 0.744500011
 M140 3 1 0.4260 0.574000001
 M141 3 1 0.3405 0.659500003
 M142 3 1 0.1865 0.813500002
 M143 3 1 0.4240 0.576000005
 M144 3 1 0.3725 0.627499998
 M145 3 1 0.6655 0.334500015
 M146 3 1 0.4410 0.558999985
 M147 3 1 0.9125 0.087499976
 M148 3 1 0.4315 0.568500012
 M149 3 1 0.2910 0.708999991
 M150 3 1 0.2660 0.733999997
 M151 3 1 0.1605 0.839499995
 M152 3 1 0.0845 0.915500000
 M153 3 1 0.6135 0.386500001
 M154 3 1 0.3355 0.664499998
 M155 3 1 0.2685 0.731500000
 M156 3 1 0.3125 0.687500000
 M157 3 1 0.7295 0.270500004
 M158 3 1 0.6315 0.368499994
 M159 3 1 0.7445 0.255500019
 M160 3 1 0.4340 0.566000015
 M161 3 1 0.8610 0.138999999
 M162 3 1 0.6075 0.392499983
 M163 3 1 0.6755 0.324500024
 M164 3 1 0.8990 0.101000011
 M165 3 1 0.3405 0.659500003
 M166 3 1 0.2545 0.745499998
 M167 3 1 0.0405 0.959500000
 M168 3 1 0.4175 0.582500011
 M169 3 1 0.6015 0.398500025
 M170 3 1 0.4780 0.522000015
 M171 3 1 0.5120 0.487999976
 M172 3 1 0.0475 0.952500001
 M173 3 1 0.1545 0.845500007
 M174 3 1 0.7930 0.207000017
 M175 3 1 0.4555 0.544499993
 M176 3 1 0.5210 0.478999972
 M177 3 1 0.4075 0.592500001
 M178 3 1 0.8210 0.179000020
 M179 3 1 0.8465 0.153500021
 M180 3 1 0.1465 0.853499994
 M181 3 1 0.5750 0.425000012
 M182 3 1 0.5770 0.422999978
 M183 3 1 0.6660 0.333999991
 M184 3 1 0.3395 0.660499990
 M185 3 1 0.5630 0.436999977
 M186 3 1 0.6725 0.327499986
 M187 3 1 0.7565 0.243499994
 M188 3 1 0.1295 0.870499998
 M189 3 1 0.2460 0.753999993
 M190 3 1 0.8990 0.101000011
 M191 3 1 0.5310 0.468999982
 M192 3 1 0.1520 0.848000005
 M193 3 1 0.6250 0.375000000
 M194 3 1 0.8180 0.181999981
 M195 3 1 0.2995 0.700500011
 M196 3 1 0.8820 0.117999971
 M197 3 1 0.1860 0.813999996
 M198 3 1 0.1575 0.842500001
 M199 3 1 0.1230 0.876999997
 M200 3 1 0.8660 0.134000003
 M201 3 1 0.4230 0.576999992
 M202 3 1 0.7380 0.262000024
 M203 3 1 0.8750 0.125000000
 M204 3 1 0.7170 0.282999992
 M205 3 1 0.6895 0.310500026
 M206 3 1 0.3660 0.634000003
 M207 3 1 0.2525 0.747500002
 M208 3 1 0.4805 0.519499987
 M209 3 1 0.4220 0.578000009
 M210 3 1 0.5580 0.441999972
 M211 3 1 0.4140 0.585999995
 M212 3 1 0.2720 0.727999985
 M213 3 1 0.2425 0.757499993
 M214 3 1 0.6255 0.374499977
 M215 3 1 0.8505 0.149500012
 M216 3 1 0.2720 0.727999985
 M217 3 1 0.2230 0.776999995
 M218 3 1 0.9265 0.073499978
 M219 3 1 0.5535 0.446500003
 M220 3 1 0.9200 0.079999983
 M221 3 1 0.3995 0.600499988
 M222 3 1 0.7990 0.200999975
 M223 3 1 0.6935 0.306500018
 M224 3 1 0.6905 0.309499979
 M225 3 1 0.8885 0.111500025
 M226 3 1 0.7115 0.288500011
 M227 3 1 0.6120 0.388000011
 M228 3 1 0.8905 0.109499991
 M229 3 1 0.6275 0.372500002
 M230 3 1 0.6300 0.370000005
 M231 3 1 0.3280 0.671999991
 M232 3 1 0.2740 0.726000011
 M233 3 1 0.1825 0.817499995
 M234 3 1 0.1520 0.848000005
 M235 3 1 0.5660 0.434000015
 M236 3 1 0.6470 0.352999985
 M237 3 1 0.9815 0.018499970
 M238 3 1 0.4170 0.583000004
 M239 3 1 0.0140 0.986000000
 M240 3 1 0.9100 0.089999974
 M241 3 1 0.5955 0.404500008
 M242 3 1 0.9135 0.086499989
 M243 3 1 0.3915 0.608500004
 M244 3 1 0.5505 0.449500024
 M245 3 1 0.2220 0.777999997
 M246 3 1 0.3290 0.671000004
 M247 3 1 0.0890 0.910999998
 M248 3 1 0.7910 0.208999991
 M249 3 1 0.9540 0.046000004
 M250 3 1 0.4415 0.558499992
 M251 3 1 0.7935 0.206499994
 M252 3 1 0.6790 0.320999980
 M253 3 1 0.5350 0.464999974
 M254 3 1 0.7925 0.207499981
 M255 3 1 0.0495 0.950500000
 M256 3 1 0.7280 0.272000015
 M257 3 1 0.5060 0.494000018
 M258 3 1 0.5840 0.416000009
 M259 3 1 0.3060 0.694000006
 M260 3 1 0.3770 0.622999996
 M261 3 1 0.2440 0.755999997
 M262 3 1 0.8745 0.125500023
 M263 3 1 0.4415 0.558499992
 M264 3 1 0.6860 0.314000010
 M265 3 1 0.2790 0.720999986
 M266 3 1 0.1425 0.857500002
 M267 3 1 0.2555 0.744500011
 M268 3 1 0.7390 0.260999978
 M269 3 1 0.5110 0.489000022
 M270 3 1 0.1015 0.898500003
 M271 3 1 0.0535 0.946500000
 M272 3 1 0.4995 0.500499994
 M273 3 1 0.5725 0.427500010
 M274 3 1 0.4705 0.529500008
 M275 3 1 0.9600 0.040000021
 M276 3 1 0.0000 1.000000000
 M277 3 1 0.8300 0.170000017
 M278 3 1 0.6110 0.388999999
 M279 3 1 0.4030 0.597000003
 M280 3 1 0.8230 0.176999986
 M281 3 1 0.5295 0.470499992
 M282 3 1 0.6455 0.354499996
 M283 3 1 0.6430 0.356999993
 M284 3 1 0.3660 0.634000003
 M285 3 1 0.8550 0.144999981
 M286 3 1 0.7805 0.219500005
 M287 3 1 0.3980 0.601999998
 M288 3 1 0.4985 0.501500010
 M289 3 1 0.3340 0.666000009
 M290 3 1 0.0395 0.960499998
 M291 3 1 0.2460 0.753999993
 M292 3 1 0.6065 0.393499970
 M293 3 1 0.3460 0.654000014
 M294 3 1 0.5625 0.437500000
 M295 3 1 0.9490 0.050999999
 M296 3 1 0.7100 0.290000021
 M297 3 1 0.5205 0.479499996
 M298 3 1 0.9250 0.074999988
 M299 3 1 0.7990 0.200999975
 M300 3 1 0.1810 0.819000006
 M301 3 1 0.0950 0.905000001
 M302 3 1 0.5095 0.490499973
 M303 3 1 0.3965 0.603500009
 M304 3 1 0.2995 0.700500011
 M305 3 1 0.2205 0.779499993
 M306 3 1 0.9110 0.088999987
 M307 3 1 0.1660 0.834000006
 M308 3 1 0.6975 0.302500010
 M309 3 1 0.2695 0.730500013
 M310 3 1 0.7665 0.233500004
 M311 3 1 0.9340 0.065999985
 M312 3 1 0.2080 0.791999996
 M313 3 1 0.4050 0.594999999
 M314 3 1 0.5650 0.435000002
 M315 3 1 0.9980 0.001999974
 M316 3 1 0.1370 0.863000005
 M317 3 1 0.0150 0.985000000
 M318 3 1 0.2715 0.728500009
 M319 3 1 0.1475 0.852500007
 M320 3 1 0.4340 0.566000015
 M321 3 1 0.1995 0.800500005
 M322 3 1 0.5575 0.442499995
 M323 3 1 0.7080 0.291999996
 M324 3 1 0.6480 0.351999998
 M325 3 1 0.6610 0.338999987
 M326 3 1 0.3055 0.694499999
 M327 3 1 0.3805 0.619500011
 M328 3 1 0.5025 0.497500002
 M329 3 1 0.3175 0.682500005
 M330 3 1 0.2560 0.743999988
 M331 3 1 0.6045 0.395500004
 M332 3 1 0.5730 0.426999986
 M333 3 1 0.4400 0.560000002
 M334 3 1 0.6515 0.348500013
 M335 3 1 0.6780 0.322000027
 M336 3 1 0.3315 0.668500006
 M337 3 1 0.7245 0.275500000
 M338 3 1 0.5725 0.427500010
 M339 3 1 0.7650 0.235000014
 M340 3 1 0.4600 0.539999992
 M341 3 1 0.5505 0.449500024
 M342 3 1 0.4975 0.502499998
 M343 3 1 0.6840 0.315999985
 M344 3 1 0.4230 0.576999992
 M345 3 1 0.5155 0.484499991
 M346 3 1 0.7245 0.275500000
 M347 3 1 0.4555 0.544499993
 M348 3 1 0.9815 0.018499970
 M349 3 1 0.4970 0.502999991
 M350 3 1 0.3985 0.601500005
 M351 3 1 0.2365 0.763500005
 M352 3 1 0.2880 0.712000012
 M353 3 1 0.7695 0.230499983
 M354 3 1 0.3690 0.631000012
 M355 3 1 0.6050 0.394999981
 M356 3 1 0.4155 0.584500015
 M357 3 1 0.1965 0.803499997
 M358 3 1 0.4115 0.588499993
 M359 3 1 0.7630 0.236999989
 M360 3 1 0.1805 0.819499999
 M361 3 1 0.2695 0.730500013
 M362 3 1 0.8295 0.170499980
 M363 3 1 0.5835 0.416499972
 M364 3 1 0.7030 0.296999991
 M365 3 1 0.6580 0.342000008
 M366 3 1 0.7145 0.285499990
 M367 3 1 0.2265 0.773499995
 M368 3 1 0.5600 0.439999998
 M369 3 1 0.3195 0.680500001
 M370 3 1 0.0955 0.904500000
 M371 3 1 0.9535 0.046500027
 M372 3 1 0.1475 0.852500007
 M373 3 1 0.3765 0.623499990
 M374 3 1 0.3390 0.661000013
 M375 3 1 0.8660 0.134000003
 M376 3 1 0.8705 0.129499972
 M377 3 1 0.9470 0.052999973
 M378 3 1 0.4680 0.532000005
 M379 3 1 0.2020 0.797999993
 M380 3 1 0.9940 0.005999982
 M381 3 1 0.8075 0.192499995
 M382 3 1 0.4675 0.532499999
 M383 3 1 0.1610 0.839000002
 M384 3 1 0.2145 0.785500005
 M385 3 1 0.4860 0.513999999
 M386 3 1 0.0015 0.998500000
 M387 3 1 0.7470 0.253000021
 M388 3 1 0.2005 0.799500003
 M389 3 1 0.8665 0.133499980
 M390 3 1 0.9645 0.035499990
 M391 3 1 0.0995 0.900500000
 M392 3 1 0.4500 0.550000012
 M393 3 1 0.7290 0.271000028
 M394 3 1 0.5135 0.486500025
 M395 3 1 0.9645 0.035499990
 M396 3 1 0.1535 0.846499994
 M397 3 1 0.8580 0.142000020
 M398 3 1 0.5835 0.416499972
 M399 3 1 0.5320 0.467999995
 M400 3 1 0.1170 0.883000001
 M401 3 1 0.5795 0.420499980
 M402 3 1 0.8115 0.188499987
 M403 3 1 0.6790 0.320999980
 M404 3 1 0.1825 0.817499995
 M405 3 1 0.5195 0.480499983
 M406 3 1 0.1175 0.882500000
 M407 3 1 0.8290 0.171000004
 M408 3 1 0.4015 0.598500013
 M409 3 1 0.2120 0.788000003
 M410 3 1 0.4175 0.582500011
 M411 3 1 0.0770 0.923000000
 M412 3 1 0.0040 0.996000000
 M413 3 1 0.1460 0.854000002
 M414 3 1 0.5265 0.473500013
 M415 3 1 0.1465 0.853499994
 M416 3 1 0.5740 0.425999999
 M417 3 1 0.4960 0.504000008
 M418 3 1 0.1265 0.873500004
 M419 3 1 0.6990 0.300999999
 M420 3 1 0.7150 0.285000026
 M421 3 1 0.7585 0.241500020
 M422 3 1 0.7205 0.279500008
 M423 3 1 0.2430 0.756999999
 M424 3 1 0.6895 0.310500026
 M425 3 1 0.3675 0.632499993
 M426 3 1 0.5405 0.459500015
 M427 3 1 0.5420 0.458000004
 M428 3 1 0.8645 0.135500014
 M429 3 1 0.8895 0.110499978
 M430 3 1 0.5330 0.467000008
 M431 3 1 0.4660 0.534000009
 M432 3 1 0.8980 0.101999998
 M433 3 1 0.2520 0.747999996
 M434 3 1 0.6935 0.306500018
 M435 3 1 0.2265 0.773499995
 M436 3 1 0.3310 0.669000000
 M437 3 1 0.1170 0.883000001
 M438 3 1 0.1415 0.858500004
 M439 3 1 0.2495 0.750499994
 M440 3 1 0.6950 0.305000007
 M441 3 1 0.2495 0.750499994
 M442 3 1 0.5410 0.458999991
 M443 3 1 0.5010 0.499000013
 M444 3 1 0.7425 0.257499993
 M445 3 1 0.8945 0.105499983
 M446 3 1 0.8435 0.156499982
 M447 3 1 0.9165 0.083500028
 M448 3 1 0.4900 0.509999990
 M449 3 1 0.8050 0.194999993
 M450 3 1 0.5055 0.494499981
 M451 3 1 0.0710 0.928999998
 M452 3 1 0.4090 0.590999991
 M453 3 1 0.6650 0.334999979
 M454 3 1 0.6800 0.319999993
 M455 3 2 0.4015 0.598500013
 M456 3 2 0.5070 0.492999971
 M457 3 2 0.6935 0.306500018
 M458 3 2 0.6740 0.325999975
 M459 3 2 0.2585 0.741499990
 M460 3 2 0.4400 0.560000002
 M461 3 2 0.6435 0.356500030
 M462 3 2 0.1315 0.868499994
 M463 3 2 0.7150 0.285000026
 M464 3 2 0.6090 0.390999973
 M465 3 2 0.1355 0.864500001
 M466 3 2 0.1955 0.804499999
 M467 3 2 0.4240 0.576000005
 M468 3 2 0.3970 0.602999985
 M469 3 2 0.0990 0.901000001
 M470 3 2 0.1865 0.813500002
 M471 3 2 0.5825 0.417500019
 M472 3 2 0.0135 0.986500000
 M473 3 2 0.6645 0.335500002
 M474 3 2 0.0360 0.964000002
 M475 3 2 0.8995 0.100499988
 M476 3 2 0.7765 0.223500013
 M477 3 2 0.2710 0.729000002
 M478 3 2 0.8650 0.134999990
 M479 3 2 0.9085 0.091499984
 M480 3 2 0.1405 0.859500006
 M481 3 2 0.2840 0.715999991
 M482 3 2 0.8440 0.156000018
 M483 3 2 0.8995 0.100499988
 M484 3 2 0.6925 0.307500005
 M485 3 2 0.6015 0.398500025
 M486 3 2 0.4645 0.535499990
 M487 3 2 0.5985 0.401499987
 M488 3 2 0.4285 0.571500003
 M489 3 2 0.2925 0.707500011
 M490 3 2 0.1370 0.863000005
 M491 3 2 0.3745 0.625499994
 M492 3 2 0.9665 0.033500016
 M493 3 2 0.9760 0.023999989
 M494 3 2 0.5385 0.461499989
 M495 3 2 0.3440 0.655999988
 M496 3 2 0.1195 0.880500004
 M497 3 2 0.8910 0.109000027
 M498 3 2 0.9340 0.065999985
 M499 3 2 0.3255 0.674499989
 M500 3 2 0.6100 0.389999986
 M501 3 2 0.7980 0.202000022
 M502 3 2 0.4840 0.516000003
 M503 3 2 0.7495 0.250500023
 M504 3 2 0.6625 0.337499976
 M505 3 2 0.5335 0.466499984
 M506 3 2 0.4755 0.524500012
 M507 3 2 0.2645 0.735500008
 M508 3 2 0.2180 0.782000005
 M509 3 2 0.2985 0.701499999
 M510 3 2 0.9640 0.036000013
 M511 3 2 0.5410 0.458999991
 M512 3 2 0.8560 0.143999994
 M513 3 2 0.9240 0.075999975
 M514 3 2 0.7860 0.213999987
 M515 3 2 0.6895 0.310500026
 M516 3 2 0.2470 0.753000006
 M517 3 2 0.0955 0.904500000
 M518 3 2 0.6725 0.327499986
 M519 3 2 0.7010 0.299000025
 M520 3 2 0.8190 0.180999994
 M521 3 2 0.9885 0.011500001
 M522 3 2 0.3330 0.666999996
 M523 3 2 0.4795 0.520500004
 M524 3 2 0.6600 0.339999974
 M525 3 2 0.1255 0.874500006
 M526 3 2 0.7825 0.217499971
 M527 3 2 0.3385 0.661500007
 M528 3 2 0.2160 0.783999994
 M529 3 2 0.8660 0.134000003
 M530 3 2 0.9040 0.096000016
 M531 3 2 0.2425 0.757499993
 M532 3 2 0.4945 0.505499989
 M533 3 2 0.2440 0.755999997
 M534 3 2 0.3100 0.689999998
 M535 3 2 0.7065 0.293500006
 M536 3 2 0.2255 0.774499997
 M537 3 2 0.7600 0.240000010
 M538 3 2 0.5640 0.435999990
 M539 3 2 0.9690 0.031000018
 M540 3 2 0.0975 0.902500004
 M541 3 2 0.5390 0.461000025
 M542 3 2 0.1340 0.865999997
 M543 3 2 0.2615 0.738499999
 M544 3 2 0.4295 0.570499986
 M545 3 2 0.2120 0.788000003
 M546 3 2 0.0965 0.903499998
 M547 3 2 0.9015 0.098500013
 M548 3 2 0.7410 0.259000003
 M549 3 2 0.4370 0.562999994
 M550 3 2 0.7220 0.277999997
 M551 3 2 0.1700 0.829999998
 M552 3 2 0.2080 0.791999996
 M553 3 2 0.7795 0.220499992
 M554 3 2 0.4495 0.550500005
 M555 3 2 0.0875 0.912500001
 M556 3 2 0.3520 0.648000002
 M557 3 2 0.0930 0.906999998
 M558 3 2 0.4765 0.523499995
 M559 3 2 0.4660 0.534000009
 M560 3 2 0.7215 0.278500021
 M561 3 2 0.2520 0.747999996
 M562 3 2 0.5785 0.421500027
 M563 3 2 0.4480 0.551999986
 M564 3 2 0.4355 0.564500004
 M565 3 2 0.9230 0.077000022
 M566 3 2 0.7435 0.256500006
 M567 3 2 0.3190 0.680999994
 M568 3 2 0.4675 0.532499999
 M569 3 2 0.1515 0.848499998
 M570 3 2 0.7285 0.271499991
 M571 3 2 0.5720 0.427999973
 M572 3 2 0.0755 0.924500003
 M573 3 2 0.2650 0.735000014
 M574 3 2 0.6800 0.319999993
 M575 3 2 0.4135 0.586499989
 M576 3 2 0.2830 0.717000008
 M577 3 2 0.7920 0.208000004
 M578 3 2 0.5105 0.489499986
 M579 3 2 0.8885 0.111500025
 M580 3 2 0.9370 0.063000023
 M581 3 2 0.2855 0.714500010
 M582 3 2 0.5740 0.425999999
 M583 3 2 0.3670 0.632999986
 M584 3 2 0.2595 0.740500003
 M585 3 2 0.4430 0.557000011
 M586 3 2 0.8100 0.189999998
 M587 3 2 0.1665 0.833499998
 M588 3 2 0.3180 0.682000011
 M589 3 2 0.3645 0.635500014
 M590 3 2 0.4765 0.523499995
 M591 3 2 0.3495 0.650500000
 M592 3 2 0.5380 0.462000012
 M593 3 2 0.2910 0.708999991
 M594 3 2 0.1465 0.853499994
 M595 3 2 0.8200 0.180000007
 M596 3 2 0.3460 0.654000014
 M597 3 2 0.0745 0.925499998
 M598 3 2 0.7075 0.292500019
 M599 3 2 0.3645 0.635500014
 M600 3 2 0.6525 0.347500026
 M601 3 2 0.6650 0.334999979
 M602 3 2 0.4845 0.515500009
 M603 3 2 0.9045 0.095499992
 M604 3 2 0.2390 0.761000007
 M605 3 2 0.4205 0.579499990
 M606 3 2 0.5840 0.416000009
 M607 3 2 0.3340 0.666000009
 M608 3 2 0.6005 0.399500012
 M609 3 2 0.4375 0.562500000
 M610 3 2 0.6450 0.355000019
 M611 3 2 0.0990 0.901000001
 M612 3 2 0.5995 0.400500000
 M613 3 2 0.8010 0.199000001
 M614 3 2 0.8800 0.120000005
 M615 3 2 0.8225 0.177500010
 M616 3 2 0.5725 0.427500010
 M617 3 2 0.4060 0.594000012
 M618 3 2 0.5275 0.472500026
 M619 3 2 0.0060 0.994000000
 M620 3 2 0.8595 0.140500009
 M621 3 2 0.8155 0.184499979
 M622 3 2 0.6055 0.394500017
 M623 3 2 0.6315 0.368499994
 M624 3 2 0.6230 0.376999974
 M625 3 2 0.2780 0.722000003
 M626 3 2 0.6290 0.370999992
 M627 3 2 0.3045 0.695499986
 M628 3 2 0.8495 0.150500000
 M629 3 2 0.7010 0.299000025
 M630 3 2 0.4445 0.555500001
 M631 3 2 0.5845 0.415499985
 M632 3 2 0.7315 0.268499970
 M633 3 2 0.3190 0.680999994
 M634 3 2 0.7280 0.272000015
 M635 3 2 0.2800 0.719999999
 M636 3 2 0.4660 0.534000009
 M637 3 2 0.4825 0.517500013
 M638 3 2 0.2840 0.715999991
 M639 3 2 0.8025 0.197499990
 M640 3 2 0.9680 0.032000005
 M641 3 2 0.2140 0.785999998
 M642 3 2 0.7340 0.265999973
 M643 3 2 0.7735 0.226499975
 M644 3 2 0.2475 0.752499998
 M645 3 2 0.6880 0.311999977
 M646 3 2 0.6825 0.317499995
 M647 3 2 0.6150 0.384999990
 M648 3 2 0.3825 0.617500007
 M649 3 2 0.5315 0.468500018
 M650 3 2 0.0280 0.971999999
 M651 3 2 0.6865 0.313499987
 M652 3 2 0.1080 0.891999997
 M653 3 2 0.9320 0.068000019
 M654 3 2 0.8195 0.180499971
 M655 3 2 0.0540 0.945999999
 M656 3 2 0.0810 0.919000000
 M657 3 2 0.6645 0.335500002
 M658 3 2 0.2580 0.742000014
 M659 3 2 0.8290 0.171000004
 M660 3 2 0.3710 0.629000008
 M661 3 2 0.2060 0.794000000
 M662 3 2 0.6880 0.311999977
 M663 3 2 0.1820 0.818000004
 M664 3 2 0.8850 0.115000010
 M665 3 2 0.5185 0.481500030
 M666 3 2 0.1270 0.872999996
 M667 3 2 0.2105 0.789499998
 M668 3 2 0.5400 0.459999979
 M669 3 2 0.1595 0.840499997
 M670 3 2 0.5620 0.438000023
 M671 3 2 0.5965 0.403500021
 M672 3 2 0.4330 0.567000002
 M673 3 2 0.8695 0.130500019
 M674 3 2 0.9600 0.040000021
 M675 3 2 0.5545 0.445500016
 M676 3 2 0.5555 0.444500029
 M677 3 2 0.1945 0.805500001
 M678 3 2 0.8700 0.129999995
 M679 3 2 0.6080 0.392000020
 M680 3 2 0.6280 0.371999979
 M681 3 2 0.6640 0.336000025
 M682 3 2 0.0780 0.921999998
 M683 3 2 0.7590 0.240999997
 M684 3 2 0.0690 0.931000002
 M685 3 2 0.3285 0.671499997
 M686 3 2 0.3665 0.633500010
 M687 3 2 0.3325 0.667499989
 M688 3 2 0.3470 0.652999997
 M689 3 2 0.5360 0.463999987
 M690 3 2 0.7830 0.217000008
 M691 3 2 0.0915 0.908500001
 M692 3 2 0.1950 0.805000007
 M693 3 2 0.1605 0.839499995
 M694 3 2 0.7315 0.268499970
 M695 3 2 0.7280 0.272000015
 M696 3 2 0.1985 0.801499993
 M697 3 2 0.2535 0.746499985
 M698 3 2 0.1830 0.817000002
 M699 3 2 0.6870 0.313000023
 M700 3 2 0.3970 0.602999985
 M701 3 2 0.7015 0.298500001
 M702 3 2 0.7385 0.261500001
 M703 3 2 0.5310 0.468999982
 M704 3 2 0.4825 0.517500013
 M705 3 2 0.7460 0.254000008
 M706 3 2 0.3625 0.637499988
 M707 3 2 0.4805 0.519499987
 M708 3 2 0.2370 0.762999997
 M709 3 2 0.8165 0.183499992
 M710 3 2 0.9910 0.009000003
 M711 3 2 0.2770 0.722999990
 M712 3 2 0.3335 0.666500002
 M713 3 2 0.4190 0.581000000
 M714 3 2 0.6390 0.361000001
 M715 3 2 0.8235 0.176500022
 M716 3 2 0.6335 0.366500020
 M717 3 2 0.8175 0.182500005
 M718 3 2 0.8105 0.189499974
 M719 3 2 0.0545 0.945500001
 M720 3 2 0.0995 0.900500000
 M721 3 2 0.6645 0.335500002
 M722 3 2 0.8860 0.114000022
 M723 3 2 0.5200 0.480000019
 M724 3 2 0.6325 0.367500007
 M725 3 2 0.0815 0.918499999
 M726 3 2 0.9185 0.081499994
 M727 3 2 0.0900 0.909999996
 M728 3 2 0.3555 0.644499987
 M729 3 2 0.8265 0.173500001
 M730 3 2 0.4820 0.518000007
 M731 3 2 0.6790 0.320999980
 M732 3 2 0.6250 0.375000000
 M733 3 2 0.7975 0.202499986
 M734 3 2 0.1020 0.898000002
 M735 3 2 0.5315 0.468500018
 M736 3 2 0.3745 0.625499994
 M737 3 2 0.5570 0.443000019
 M738 3 2 0.8075 0.192499995
 M739 3 2 0.3240 0.675999999
 M740 3 2 0.6630 0.337000012
 M741 3 2 0.1960 0.804000005
 M742 3 2 0.9330 0.066999972
 M743 3 2 0.2435 0.756500006
 M744 3 2 0.3795 0.620499998
 M745 3 2 0.6580 0.342000008
 M746 3 2 0.3605 0.639499992
 M747 3 2 0.3205 0.679500014
 M748 3 2 0.7350 0.264999986
 M749 3 2 0.7780 0.222000003
 M750 3 2 0.3830 0.617000014
 M751 3 2 0.9085 0.091499984
 M752 3 2 0.6415 0.358500004
 M753 3 2 0.0950 0.905000001
 M754 3 2 0.3960 0.604000002
 M755 3 2 0.6920 0.308000028
 M756 3 2 0.1135 0.886500001
 M757 3 2 0.7630 0.236999989
 M758 3 2 0.6055 0.394500017
 M759 3 2 0.1585 0.841499999
 M760 3 2 0.2790 0.720999986
 M761 3 2 0.8845 0.115499973
 M762 3 2 0.2210 0.778999999
 M763 3 2 0.2320 0.768000007
 M764 3 2 0.6360 0.364000022
 M765 3 2 0.7715 0.228500009
 M766 3 2 0.7210 0.278999984
 M767 3 2 0.7150 0.285000026
 M768 3 2 0.7095 0.290499985
 M769 3 2 0.9215 0.078499973
 M770 3 2 0.8765 0.123499990
 M771 3 2 0.1490 0.850999996
 M772 3 2 0.0360 0.964000002
 M773 3 2 0.5380 0.462000012
 M774 3 2 0.7160 0.283999979
 M775 3 2 0.9685 0.031499982
 M776 3 2 0.9175 0.082499981
 M777 3 2 0.8390 0.161000013
 M778 3 2 0.1235 0.876500003
 M779 3 2 0.1700 0.829999998
 M780 3 2 0.9445 0.055499971
 M781 3 2 0.2605 0.739499986
 M782 3 2 0.7270 0.273000002
 M783 3 2 0.4200 0.580000013
 M784 3 2 0.7260 0.273999989
 M785 3 2 0.5995 0.400500000
 M786 3 2 0.7855 0.214500010
 M787 3 2 0.2260 0.774000004
 M788 3 2 0.5845 0.415499985
 M789 3 2 0.1025 0.897500001
 M790 3 2 0.6715 0.328499973
 M791 3 2 0.0505 0.949499998
 M792 3 2 0.6105 0.389500022
 M793 3 2 0.1570 0.842999995
 M794 3 2 0.2070 0.792999998
 M795 3 2 0.6115 0.388499975
 M796 3 2 0.5370 0.463000000
 M797 3 2 0.6455 0.354499996
 M798 3 2 0.7880 0.212000012
 M799 3 2 0.1240 0.876000002
 M800 3 2 0.5240 0.476000011
 M801 3 2 0.1465 0.853499994
 M802 3 2 0.4020 0.597999990
 M803 3 2 0.2255 0.774499997
 M804 3 2 0.3610 0.638999999
 M805 3 2 0.6440 0.356000006
 M806 3 2 0.5210 0.478999972
 M807 3 2 0.8060 0.194000006
 M808 3 2 0.1030 0.897000000
 M809 3 2 0.7995 0.200500011
 M810 3 2 0.9275 0.072499990
 M811 3 2 0.9815 0.018499970
 M812 3 2 0.3910 0.608999997
 M813 3 2 0.4730 0.527000010
 M814 3 2 0.2920 0.708000004
 M815 3 2 0.3195 0.680500001
 M816 3 2 0.6475 0.352500021
 M817 3 2 0.2485 0.751499996
 M818 3 2 0.5300 0.470000029
 M819 3 2 0.8600 0.139999986
 M820 3 2 0.6470 0.352999985
 M821 3 2 0.2655 0.734499991
 M822 3 2 0.2255 0.774499997
 M823 3 2 0.1890 0.811000004
 M824 3 2 0.9325 0.067499995
 M825 3 2 0.3770 0.622999996
 M826 3 2 0.3080 0.692000002
 M827 3 2 0.3780 0.622000009
 M828 3 2 0.3780 0.622000009
 M829 3 2 0.7180 0.282000005
 M830 3 2 0.3975 0.602499992
 M831 3 2 0.1005 0.899499997
 M832 3 2 0.1920 0.807999998
 M833 3 2 0.3815 0.618499994
 M834 3 2 0.0520 0.947999999
 M835 3 2 0.8275 0.172500014
 M836 3 2 0.2150 0.784999996
 M837 3 2 0.1295 0.870499998
 M838 3 2 0.1325 0.867500007
 M839 3 2 0.1070 0.892999999
 M840 3 2 0.2710 0.729000002
 M841 3 2 0.1180 0.881999999
 M842 3 2 0.8695 0.130500019
 M843 3 2 0.9055 0.094500005
 M844 3 2 0.1555 0.844500005
 M845 3 2 0.9300 0.069999993
 M846 3 2 0.7380 0.262000024
 M847 3 2 0.0705 0.929499999
 M848 3 2 0.3380 0.662000000
 M849 3 2 0.2495 0.750499994
 M850 3 2 0.7580 0.241999984
 M851 3 2 0.7865 0.213500023
 M852 3 2 0.0295 0.970500000
 M853 3 2 0.1030 0.897000000
 M854 3 2 0.6185 0.381500006
 M855 3 2 0.3465 0.653499991
 M856 3 2 0.7190 0.281000018
 M857 3 2 0.3650 0.634999990
 M858 3 2 0.7915 0.208500028
 M859 3 2 0.7005 0.299499989
 M860 3 2 0.9760 0.023999989
 M861 3 2 0.3665 0.633500010
 M862 3 2 0.8425 0.157500029
 M863 3 2 0.9630 0.037000000
 M864 3 2 0.1295 0.870499998
 M865 3 2 0.0865 0.913500004
 M866 3 2 0.7950 0.204999983
 M867 3 2 0.3530 0.647000015
 M868 3 2 0.2740 0.726000011
 M869 3 2 0.6840 0.315999985
 M870 3 2 0.4905 0.509499997
 M871 3 2 0.1675 0.832499996
 M872 3 2 0.9545 0.045499980
 M873 3 2 0.2845 0.715499997
 M874 3 2 0.2960 0.703999996
 M875 3 2 0.1645 0.835500002
 M876 3 2 0.3365 0.663500011
 M877 3 2 0.2390 0.761000007
 M878 3 2 0.2845 0.715499997
 M879 3 2 0.6100 0.389999986
 M880 3 2 0.4145 0.585500002
 M881 3 2 0.7920 0.208000004
 M882 3 2 0.5770 0.422999978
 M883 3 2 0.5510 0.449000001
 M884 3 2 0.7915 0.208500028
 M885 3 2 0.3385 0.661500007
 M886 3 2 0.7960 0.203999996
 M887 3 2 0.5115 0.488499999
 M888 3 2 0.4675 0.532499999
 M889 3 2 0.5040 0.495999992
 M890 3 2 0.3695 0.630499989
 M891 3 2 0.8695 0.130500019
 M892 3 2 0.3495 0.650500000
 M893 3 2 0.2170 0.783000007
 M894 3 2 0.3385 0.661500007
 M895 3 2 0.4290 0.571000010
 M896 3 2 0.1705 0.829500005
 M897 3 2 0.2285 0.771500006
 M898 3 2 0.8125 0.187500000
 M899 3 2 0.4500 0.550000012
 M900 3 2 0.4975 0.502499998
 M901 3 2 0.3070 0.692999989
 M902 3 2 0.7770 0.222999990
 M903 3 2 0.5470 0.453000009
 M904 3 2 0.3835 0.616499990
 M905 3 2 0.7040 0.296000004
 M906 3 2 0.8400 0.160000026
 M907 3 2 0.5015 0.498499990
 M908 3 2 0.5150 0.485000014
 M909 3 2 0.3855 0.614499986
 M910 3 2 0.9575 0.042500019
 M911 3 2 0.4500 0.550000012
 M912 3 2 0.5975 0.402499974
 M913 3 2 0.7510 0.249000013
 M914 3 2 0.8265 0.173500001
 M915 3 2 0.8635 0.136500001
 M916 3 2 0.0570 0.943000000
 M917 3 2 0.2960 0.703999996
 M918 3 2 0.2885 0.711499989
 M919 3 2 0.2075 0.792500004
 M920 3 2 0.1325 0.867500007
 M921 3 2 0.7995 0.200500011
 M922 3 2 0.9030 0.097000003
 M923 3 2 0.4530 0.546999991
 M924 3 2 0.1870 0.812999994
 M925 3 2 0.4905 0.509499997
 M926 3 2 0.7515 0.248499990
 M927 3 2 0.1700 0.829999998
 M928 3 2 0.2195 0.780499995
 M929 3 2 0.3245 0.675500005
 M930 3 2 0.8150 0.185000002
 M931 3 2 0.5515 0.448499978
 M932 3 2 0.5680 0.431999981
 M933 3 2 0.4455 0.554500014
 M934 3 2 0.3525 0.647500008
 M935 3 2 0.8185 0.181500018
 M936 3 2 0.3945 0.605500013
 M937 3 2 0.3985 0.601500005
 M938 3 2 0.8435 0.156499982
 M939 3 2 0.3325 0.667499989
 M940 3 2 0.7470 0.253000021
 M941 3 2 0.2475 0.752499998
 M942 3 2 0.7420 0.258000016
 M943 3 2 0.4480 0.551999986
 M944 3 2 0.4470 0.553000003
 M945 3 2 0.3720 0.627999991
 M946 3 2 0.7335 0.266499996
 M947 3 2 0.0985 0.901500002
 M948 3 2 0.2030 0.797000006
 M949 3 2 0.8985 0.101499975
 M950 3 2 0.1790 0.820999995
 M951 3 2 0.2710 0.729000002
 M952 3 2 0.3570 0.643000007
 M953 3 2 0.5725 0.427500010
 M954 3 2 0.5105 0.489499986
 M955 3 2 0.8050 0.194999993
 M956 3 2 0.7230 0.277000010
 M957 3 2 0.1340 0.865999997
 M958 3 2 0.7475 0.252499998
 M959 3 2 0.1835 0.816499993
 M960 3 2 0.8145 0.185500026
 M961 3 2 0.2235 0.776500002
 M962 3 2 0.7820 0.217999995
 M963 3 2 0.2490 0.751000002
 M964 3 2 0.2890 0.710999995
 M965 3 2 0.1220 0.877999999
 M966 3 2 0.1805 0.819499999
 M967 3 2 0.4485 0.551499993
 M968 3 2 0.7500 0.250000000
 M969 3 2 0.4895 0.510500014
 M970 3 2 0.2010 0.798999995
 M971 3 2 0.2080 0.791999996
 M972 3 2 0.5225 0.477500021
 M973 3 2 0.6420 0.357999980
 M974 3 2 0.6790 0.320999980
 M975 3 2 0.7550 0.245000005
 M976 3 2 0.4835 0.516499996
 M977 3 2 0.3320 0.668000013
 M978 3 2 0.4305 0.569499999
 M979 3 2 0.6015 0.398500025
 M980 3 2 0.0340 0.965999998
 M981 3 2 0.0175 0.982500000
 M982 3 2 0.4225 0.577499986
 M983 3 2 0.7025 0.297500014
 M984 3 2 0.6920 0.308000028
 M985 3 2 0.0690 0.931000002
 M986 3 2 0.8640 0.135999978
 M987 3 2 0.6080 0.392000020
 M988 3 2 0.3975 0.602499992
 M989 3 2 0.3490 0.650999993
 M990 3 2 0.9210 0.078999996
 M991 3 2 0.9510 0.049000025
 M992 3 2 0.5335 0.466499984
 M993 3 2 0.0395 0.960499998
 M994 3 2 0.2755 0.724500000
 M995 3 2 0.4830 0.516999990
 M996 3 2 0.7080 0.291999996
 M997 3 2 0.4085 0.591500014
 M998 3 2 0.0790 0.920999996
 M999 3 2 0.5835 0.416499972
M1000 3 2 0.4080 0.592000008
M1001 3 2 0.7315 0.268499970
M1002 3 2 0.2850 0.715000004
M1003 3 2 0.7935 0.206499994
M1004 3 2 0.9630 0.037000000
M1005 3 2 0.0685 0.931500003
M1006 3 2 0.7535 0.246500015
M1007 3 2 0.6115 0.388499975
M1008 3 2 0.2890 0.710999995
M1009 3 2 0.8135 0.186500013
M1010 3 2 0.7965 0.203499973
M1011 3 2 0.8580 0.142000020
M1012 3 2 0.7435 0.256500006
M1013 3 2 0.5365 0.463500023
M1014 3 2 0.8605 0.139500022
M1015 3 2 0.7355 0.264500022
M1016 3 2 0.1760 0.824000001
M1017 3 2 0.6945 0.305499971
M1018 3 2 0.5875 0.412500024
M1019 3 2 0.4785 0.521499991
M1020 3 2 0.6900 0.310000002
M1021 3 2 0.6290 0.370999992
M1022 3 2 0.5760 0.424000025
M1023 3 2 0.0720 0.928000003
M1024 3 2 0.4230 0.576999992
M1025 3 2 0.6805 0.319500029
M1026 3 2 0.4965 0.503500015
M1027 3 2 0.2200 0.780000001
M1028 3 2 0.9315 0.068499982
M1029 3 2 0.4025 0.597499996
M1030 3 2 0.5630 0.436999977
M1031 3 2 0.8575 0.142499983
M1032 3 2 0.8555 0.144500017
M1033 3 2 0.1445 0.855499998
M1034 3 2 0.1980 0.802000001
M1035 3 2 0.4840 0.516000003
M1036 3 2 0.6300 0.370000005
M1037 3 2 0.4685 0.531500012
M1038 3 2 0.0190 0.981000001
M1039 3 2 0.7095 0.290499985
M1040 3 2 0.7070 0.292999983
M1041 3 2 0.7065 0.293500006
M1042 3 2 0.7410 0.259000003
M1043 3 2 0.2770 0.722999990
M1044 3 2 0.3200 0.680000007
M1045 3 2 0.4330 0.567000002
M1046 3 2 0.7090 0.291000009
M1047 3 2 0.6115 0.388499975
M1048 3 2 0.9015 0.098500013
M1049 3 2 0.1715 0.828500003
M1050 3 2 0.0785 0.921499997
M1051 3 2 0.6530 0.347000003
M1052 3 2 0.4580 0.541999996
M1053 3 2 0.8845 0.115499973
M1054 3 2 0.6985 0.301500022
M1055 3 2 0.4005 0.599500000
M1056 3 2 0.6315 0.368499994
M1057 3 2 0.7675 0.232500017
M1058 3 2 0.8225 0.177500010
M1059 3 2 0.1810 0.819000006
M1060 3 2 0.4955 0.504500002
M1061 3 2 0.6735 0.326499999
M1062 3 2 0.1940 0.805999994
M1063 3 2 0.1820 0.818000004
M1064 3 2 0.5405 0.459500015
M1065 3 2 0.2185 0.781499997
M1066 3 2 0.6390 0.361000001
M1067 3 2 0.3500 0.650000006
M1068 3 2 0.6365 0.363499999
M1069 3 2 0.4570 0.543000013
M1070 3 2 0.5805 0.419499993
M1071 3 2 0.3990 0.601000011
M1072 3 2 0.5965 0.403500021
M1073 3 2 0.3350 0.664999992
M1074 3 2 0.2940 0.706000000
M1075 3 2 0.4350 0.564999998
M1076 3 2 0.8240 0.175999999
M1077 3 2 0.5690 0.430999994
M1078 3 2 0.7065 0.293500006
M1079 3 2 0.8755 0.124499977
M1080 3 2 0.2980 0.701999992
M1081 3 2 0.2840 0.715999991
M1082 3 2 0.3815 0.618499994
M1083 3 2 0.3105 0.689500004
M1084 3 2 0.3395 0.660499990
M1085 3 2 0.6225 0.377499998
M1086 3 2 0.6960 0.304000020
M1087 3 2 0.8780 0.121999979
M1088 3 2 0.8735 0.126500010
M1089 3 2 0.3635 0.636500001
M1090 3 2 0.9325 0.067499995
M1091 3 2 0.6525 0.347500026
M1092 3 2 0.7515 0.248499990
M1093 3 2 0.6955 0.304499984
M1094 3 2 0.5395 0.460500002
M1095 3 2 0.7365 0.263499975
M1096 3 2 0.2505 0.749500006
M1097 3 2 0.7940 0.205999970
M1098 3 2 0.6775 0.322499990
M1099 3 2 0.5645 0.435500026
M1100 3 2 0.6975 0.302500010
M1101 3 2 0.5155 0.484499991
M1102 3 2 0.9530 0.046999991
M1103 3 2 0.7830 0.217000008
M1104 3 2 0.1770 0.822999999
M1105 3 2 0.7635 0.236500025
M1106 3 2 0.4995 0.500499994
M1107 3 2 0.3130 0.687000006
M1108 3 2 0.1860 0.813999996
M1109 3 2 0.9660 0.033999979
M1110 3 2 0.5825 0.417500019
M1111 3 2 0.3615 0.638500005
M1112 3 2 0.3900 0.610000014
M1113 3 2 0.6775 0.322499990
M1114 3 2 0.4240 0.576000005
M1115 3 2 0.7900 0.209999979
M1116 3 2 0.6075 0.392499983
M1117 3 2 0.0600 0.940000001
M1118 3 2 0.7080 0.291999996
M1119 3 2 0.6095 0.390500009
M1120 3 2 0.1550 0.844999999
M1121 3 2 0.8600 0.139999986
M1122 3 2 0.1580 0.841999993
M1123 3 2 0.6790 0.320999980
M1124 3 2 0.5005 0.499499977
M1125 3 2 0.3130 0.687000006
M1126 3 2 0.0385 0.961500000
M1127 3 2 0.0955 0.904500000
M1128 3 2 0.6340 0.365999997
M1129 3 2 0.4455 0.554500014
M1130 3 2 0.5370 0.463000000
M1131 3 2 0.5445 0.455500007
M1132 3 2 0.6945 0.305499971
M1133 3 2 0.6635 0.336499989
M1134 3 2 0.8975 0.102500021
M1135 3 2 0.2490 0.751000002
M1136 3 2 0.9065 0.093500018
M1137 3 2 0.0745 0.925499998
M1138 3 2 0.6100 0.389999986
M1139 3 2 0.3775 0.622500002
M1140 3 2 0.6730 0.327000022
M1141 3 2 0.1610 0.839000002
M1142 3 2 0.3860 0.613999993
M1143 3 2 0.6400 0.360000014
M1144 3 2 0.4560 0.544000000
M1145 3 2 0.3910 0.608999997
M1146 3 2 0.7860 0.213999987
M1147 3 2 0.3425 0.657499999
M1148 3 2 0.1770 0.822999999
M1149 3 2 0.1410 0.858999997
M1150 3 2 0.1580 0.841999993
M1151 3 2 0.3775 0.622500002
M1152 3 2 0.3000 0.699999988
M1153 3 2 0.2410 0.759000003
M1154 3 2 0.0170 0.982999999
M1155 3 2 0.3960 0.604000002
M1156 3 2 0.5000 0.500000000
M1157 3 2 0.7775 0.222500026
M1158 3 2 0.2355 0.764500007
M1159 3 2 0.2165 0.783500001
M1160 3 2 0.9725 0.027499974
M1161 3 2 0.1785 0.821500003
M1162 3 2 0.7755 0.224500000
M1163 3 2 0.1725 0.827500001
M1164 3 2 0.5850 0.415000021
M1165 3 2 0.6830 0.316999972
M1166 3 2 0.3305 0.669499993
M1167 3 2 0.4240 0.576000005
M1168 3 2 0.0515 0.948500000
M1169 3 2 0.5655 0.434499979
M1170 3 2 0.4505 0.549499989
M1171 3 2 0.1975 0.802499995
M1172 3 2 0.2440 0.755999997
M1173 3 2 0.8090 0.190999985
M1174 3 2 0.6135 0.386500001
M1175 3 2 0.3590 0.641000003
M1176 3 2 0.1760 0.824000001
M1177 3 2 0.6400 0.360000014
M1178 3 2 0.1780 0.821999997
M1179 3 2 0.5550 0.444999993
M1180 3 2 0.6635 0.336499989
M1181 3 2 0.9810 0.018999994
M1182 3 2 0.0360 0.964000002
M1183 3 2 0.3370 0.662999988
M1184 3 2 0.0825 0.917499997
M1185 3 2 0.7815 0.218500018
M1186 3 2 0.6760 0.324000001
M1187 3 2 0.5265 0.473500013
M1188 3 2 0.7370 0.263000011
M1189 3 2 0.2555 0.744500011
M1190 3 2 0.8755 0.124499977
M1191 3 2 0.5845 0.415499985
M1192 3 2 0.8715 0.128499985
M1193 3 2 0.3490 0.650999993
M1194 3 2 0.7800 0.220000029
M1195 3 2 0.4980 0.502000004
M1196 3 2 0.2305 0.769500002
M1197 3 2 0.6435 0.356500030
M1198 3 2 0.0570 0.943000000
M1199 3 2 0.0685 0.931500003
M1200 3 2 0.2195 0.780499995
M1201 3 2 0.3670 0.632999986
M1202 3 2 0.6910 0.309000015
M1203 3 2 0.2540 0.745999992
M1204 3 2 0.2965 0.703500003
M1205 3 2 0.8200 0.180000007
M1206 3 2 0.7930 0.207000017
M1207 3 2 0.1750 0.825000003
M1208 3 2 0.8865 0.113499999
M1209 3 2 0.0460 0.954000000
M1210 3 2 0.6205 0.379499972
M1211 3 2 0.7830 0.217000008
M1212 3 2 0.3700 0.629999995
M1213 3 2 0.9390 0.060999990
M1214 3 2 0.1855 0.814500004
M1215 3 2 0.1215 0.878500000
M1216 3 2 0.5030 0.496999979
M1217 3 2 0.9630 0.037000000
M1218 3 2 0.0735 0.926500000
M1219 3 2 0.6405 0.359499991
M1220 3 2 0.4465 0.553499997
M1221 3 2 0.3455 0.654500008
M1222 3 2 0.1380 0.862000003
M1223 3 2 0.2380 0.761999995
M1224 3 2 0.1805 0.819499999
M1225 3 2 0.4130 0.587000012
M1226 3 2 0.8265 0.173500001
M1227 3 2 0.9215 0.078499973
M1228 3 2 0.1615 0.838499993
M1229 3 2 0.9820 0.018000007
M1230 3 2 0.7050 0.295000017
M1231 3 2 0.7930 0.207000017
M1232 3 2 0.8480 0.152000010
M1233 3 2 0.8230 0.176999986
M1234 3 2 0.3685 0.631500006
M1235 3 2 0.5230 0.476999998
M1236 3 2 0.9625 0.037500024
M1237 3 2 0.5035 0.496500015
M1238 3 2 0.4235 0.576499999
M1239 3 2 0.0540 0.945999999
M1240 3 2 0.3730 0.627000004
M1241 3 2 0.1250 0.875000000
M1242 3 2 0.9750 0.024999976
M1243 3 2 0.6150 0.384999990
M1244 3 2 0.7040 0.296000004
M1245 3 2 0.1250 0.875000000
M1246 3 2 0.3110 0.689000010
M1247 3 2 0.9785 0.021499991
M1248 3 2 0.4350 0.564999998
M1249 3 2 0.6745 0.325500011
M1250 3 2 0.2035 0.796499997
M1251 3 2 0.9225 0.077499986
M1252 3 2 0.8580 0.142000020
M1253 3 2 0.6905 0.309499979
M1254 3 2 0.3060 0.694000006
M1255 3 2 0.6115 0.388499975
M1256 3 2 0.5440 0.455999970
M1257 3 2 0.0990 0.901000001
M1258 3 2 0.2340 0.766000003
M1259 3 2 0.8055 0.194500029
M1260 3 2 0.9210 0.078999996
M1261 3 2 0.8185 0.181500018
M1262 3 2 0.8760 0.124000013
M1263 3 2 0.7705 0.229499996
M1264 3 2 0.8455 0.154500008
M1265 3 2 0.4905 0.509499997
M1266 3 2 0.3055 0.694499999
M1267 3 2 0.7535 0.246500015
M1268 3 2 0.4235 0.576499999
M1269 3 2 0.6525 0.347500026
M1270 3 2 0.9040 0.096000016
M1271 3 2 0.9155 0.084500015
M1272 3 2 0.5375 0.462499976
M1273 3 2 0.1730 0.827000007
M1274 3 2 0.3345 0.665499985
M1275 3 2 0.8905 0.109499991
M1276 3 2 0.6125 0.387499988
M1277 3 2 0.2425 0.757499993
M1278 3 2 0.4850 0.514999986
M1279 3 2 0.2100 0.790000007
M1280 3 2 0.6355 0.364499986
M1281 3 2 0.2945 0.705500007
M1282 3 2 0.8575 0.142499983
M1283 3 2 0.0595 0.940499999
M1284 3 2 0.4635 0.536500007
M1285 3 2 0.1980 0.802000001
M1286 3 2 0.5075 0.492500007
M1287 3 2 0.6905 0.309499979
M1288 3 2 0.7835 0.216499984
M1289 3 2 0.3750 0.625000000
M1290 3 2 0.6615 0.338500023
M1291 3 2 0.6625 0.337499976
M1292 3 2 0.9240 0.075999975
M1293 3 2 0.1810 0.819000006
M1294 3 2 0.3310 0.669000000
M1295 3 2 0.8265 0.173500001
M1296 3 2 0.2035 0.796499997
M1297 3 2 0.6505 0.349500000
M1298 3 2 0.4530 0.546999991
M1299 3 2 0.8980 0.101999998
M1300 3 2 0.5365 0.463500023
M1301 3 2 0.0455 0.954500001
M1302 3 2 0.7475 0.252499998
M1303 3 2 0.8515 0.148500025
M1304 3 2 0.7300 0.269999981
M1305 3 2 0.2130 0.787000000
M1306 3 2 0.3440 0.655999988
M1307 3 2 0.5500 0.449999988
M1308 3 2 0.6555 0.344500005
M1309 3 2 0.5885 0.411499977
M1310 3 2 0.4015 0.598500013
M1311 3 2 0.6035 0.396499991
M1312 3 2 0.8675 0.132499993
M1313 3 2 0.3690 0.631000012
M1314 3 2 0.0640 0.935999997
M1315 3 2 0.8685 0.131500006
M1316 3 2 0.9095 0.090499997
M1317 3 2 0.2335 0.766499996
M1318 3 2 0.4755 0.524500012
M1319 3 2 0.7025 0.297500014
M1320 3 2 0.1775 0.822500005
M1321 3 2 0.3595 0.640500009
M1322 3 2 0.6770 0.323000014
M1323 3 2 0.2570 0.743000001
M1324 3 2 0.9850 0.014999986
M1325 3 2 0.9970 0.003000021
M1326 3 2 0.5905 0.409500003
M1327 3 2 0.8015 0.198499978
M1328 3 2 0.2500 0.750000000
M1329 3 2 0.8110 0.189000010
M1330 3 2 0.7680 0.231999993
M1331 3 2 0.4785 0.521499991
M1332 3 2 0.2800 0.719999999
M1333 3 2 0.7270 0.273000002
M1334 3 2 0.6930 0.306999981
M1335 3 2 0.5830 0.416999996
M1336 3 2 0.7400 0.259999990
M1337 3 2 0.4305 0.569499999
M1338 3 2 0.5610 0.439000010
M1339 3 2 0.3535 0.646499991
M1340 3 2 0.7460 0.254000008
M1341 3 2 0.3640 0.636000007
M1342 3 2 0.0180 0.982000001
M1343 3 2 0.0840 0.916000001
M1344 3 2 0.3290 0.671000004
M1345 3 2 0.4945 0.505499989
M1346 3 2 0.0575 0.942499999
M1347 3 2 0.8495 0.150500000
M1348 3 2 0.9860 0.013999999
M1349 3 2 0.7730 0.226999998
M1350 3 2 0.0310 0.969000001
M1351 3 3 0.0700 0.930000000
M1352 3 3 0.2435 0.756500006
M1353 3 3 0.6270 0.373000026
M1354 3 3 0.5580 0.441999972
M1355 3 3 0.1700 0.829999998
M1356 3 3 0.4230 0.576999992
M1357 3 3 0.3585 0.641499996
M1358 3 3 0.8010 0.199000001
M1359 3 3 0.6360 0.364000022
M1360 3 3 0.3100 0.689999998
M1361 3 3 0.6065 0.393499970
M1362 3 3 0.6115 0.388499975
M1363 3 3 0.0505 0.949499998
M1364 3 3 0.5660 0.434000015
M1365 3 3 0.8465 0.153500021
M1366 3 3 0.4945 0.505499989
M1367 3 3 0.0775 0.922499999
M1368 3 3 0.5120 0.487999976
M1369 3 3 0.1045 0.895499997
M1370 3 3 0.0610 0.938999999
M1371 3 3 0.4465 0.553499997
M1372 3 3 0.6330 0.366999984
M1373 3 3 0.1410 0.858999997
M1374 3 3 0.4340 0.566000015
M1375 3 3 0.2380 0.761999995
M1376 3 3 0.5510 0.449000001
M1377 3 3 0.8625 0.137499988
M1378 3 3 0.3350 0.664999992
M1379 3 3 0.2055 0.794499993
M1380 3 3 0.7865 0.213500023
M1381 3 3 0.5840 0.416000009
M1382 3 3 0.4745 0.525500000
M1383 3 3 0.1610 0.839000002
M1384 3 3 0.3140 0.685999990
M1385 3 3 0.4680 0.532000005
M1386 3 3 0.3825 0.617500007
M1387 3 3 0.5895 0.410499990
M1388 3 3 0.5130 0.486999989
M1389 3 3 0.9890 0.010999978
M1390 3 3 0.5920 0.407999992
M1391 3 3 0.4075 0.592500001
M1392 3 3 0.6540 0.346000016
M1393 3 3 0.2095 0.790500000
M1394 3 3 0.6350 0.365000010
M1395 3 3 0.6700 0.329999983
M1396 3 3 0.5200 0.480000019
M1397 3 3 0.8700 0.129999995
M1398 3 3 0.6005 0.399500012
M1399 3 3 0.3080 0.692000002
M1400 3 3 0.8065 0.193499982
M1401 3 3 0.7165 0.283500016
M1402 3 3 0.5230 0.476999998
M1403 3 3 0.3090 0.691000015
M1404 3 3 0.5045 0.495500028
M1405 3 3 0.4125 0.587500006
M1406 3 3 0.3045 0.695499986
M1407 3 3 0.5210 0.478999972
M1408 3 3 0.6265 0.373499990
M1409 3 3 0.0150 0.985000000
M1410 3 3 0.8500 0.149999976
M1411 3 3 0.4865 0.513500005
M1412 3 3 0.2800 0.719999999
M1413 3 3 0.4095 0.590499997
M1414 3 3 0.8865 0.113499999
M1415 3 3 0.2120 0.788000003
M1416 3 3 0.7350 0.264999986
M1417 3 3 0.4315 0.568500012
M1418 3 3 0.5070 0.492999971
M1419 3 3 0.2065 0.793500006
M1420 3 3 0.5475 0.452499986
M1421 3 3 0.2140 0.785999998
M1422 3 3 0.5050 0.495000005
M1423 3 3 0.6235 0.376500010
M1424 3 3 0.8235 0.176500022
M1425 3 3 0.7420 0.258000016
M1426 3 3 0.6130 0.387000024
M1427 3 3 0.9150 0.084999979
M1428 3 3 0.3700 0.629999995
M1429 3 3 0.0820 0.917999998
M1430 3 3 0.6385 0.361500025
M1431 3 3 0.6640 0.336000025
M1432 3 3 0.3985 0.601500005
M1433 3 3 0.9785 0.021499991
M1434 3 3 0.1295 0.870499998
M1435 3 3 0.2645 0.735500008
M1436 3 3 0.6750 0.324999988
M1437 3 3 0.6985 0.301500022
M1438 3 3 0.1960 0.804000005
M1439 3 3 0.2980 0.701999992
M1440 3 3 0.5635 0.436500013
M1441 3 3 0.6300 0.370000005
M1442 3 3 0.5755 0.424499989
M1443 3 3 0.2650 0.735000014
M1444 3 3 0.5930 0.407000005
M1445 3 3 0.7115 0.288500011
M1446 3 3 0.6785 0.321500003
M1447 3 3 0.6290 0.370999992
M1448 3 3 0.6550 0.345000029
M1449 3 3 0.1030 0.897000000
M1450 3 3 0.6040 0.396000028
M1451 3 3 0.2260 0.774000004
M1452 3 3 0.8825 0.117500007
M1453 3 3 0.5460 0.453999996
M1454 3 3 0.0340 0.965999998
M1455 3 3 0.4105 0.589500010
M1456 3 3 0.7670 0.232999980
M1457 3 3 0.0835 0.916500002
M1458 3 3 0.2135 0.786500007
M1459 3 3 0.1310 0.869000003
M1460 3 3 0.5170 0.482999980
M1461 3 3 0.8390 0.161000013
M1462 3 3 0.6315 0.368499994
M1463 3 3 0.1855 0.814500004
M1464 3 3 0.6725 0.327499986
M1465 3 3 0.8535 0.146499991
M1466 3 3 0.6140 0.385999978
M1467 3 3 0.8125 0.187500000
M1468 3 3 0.4660 0.534000009
M1469 3 3 0.1925 0.807500005
M1470 3 3 0.0855 0.914499998
M1471 3 3 0.0670 0.932999998
M1472 3 3 0.6060 0.393999994
M1473 3 3 0.4010 0.599000007
M1474 3 3 0.5920 0.407999992
M1475 3 3 0.7645 0.235499978
M1476 3 3 0.5330 0.467000008
M1477 3 3 0.6480 0.351999998
M1478 3 3 0.2825 0.717500001
M1479 3 3 0.4165 0.583499998
M1480 3 3 0.4965 0.503500015
M1481 3 3 0.2250 0.775000006
M1482 3 3 0.7050 0.295000017
M1483 3 3 0.4320 0.567999989
M1484 3 3 0.6285 0.371500015
M1485 3 3 0.3990 0.601000011
M1486 3 3 0.7245 0.275500000
M1487 3 3 0.8470 0.152999997
M1488 3 3 0.6320 0.367999971
M1489 3 3 0.6820 0.318000019
M1490 3 3 0.0045 0.995500000
M1491 3 3 0.0300 0.970000001
M1492 3 3 0.5915 0.408500016
M1493 3 3 0.8350 0.165000021
M1494 3 3 0.3870 0.613000005
M1495 3 3 0.2125 0.787499994
M1496 3 3 0.6440 0.356000006
M1497 3 3 0.4720 0.527999997
M1498 3 3 0.5900 0.410000026
M1499 3 3 0.5435 0.456499994
M1500 3 3 0.6135 0.386500001
M1501 3 3 0.7330 0.267000020
M1502 3 3 0.6395 0.360499978
M1503 3 3 0.2125 0.787499994
M1504 3 3 0.6150 0.384999990
M1505 3 3 0.4795 0.520500004
M1506 3 3 0.6115 0.388499975
M1507 3 3 0.1745 0.825499997
M1508 3 3 0.1420 0.857999995
M1509 3 3 0.0480 0.952000000
M1510 3 3 0.5210 0.478999972
M1511 3 3 0.7470 0.253000021
M1512 3 3 0.9055 0.094500005
M1513 3 3 0.4870 0.513000011
M1514 3 3 0.1530 0.847000003
M1515 3 3 0.7045 0.295499980
M1516 3 3 0.3295 0.670500010
M1517 3 3 0.1745 0.825499997
M1518 3 3 0.9405 0.059499979
M1519 3 3 0.4225 0.577499986
M1520 3 3 0.3425 0.657499999
M1521 3 3 0.3400 0.659999996
M1522 3 3 0.5975 0.402499974
M1523 3 3 0.4180 0.581999987
M1524 3 3 0.1805 0.819499999
M1525 3 3 0.9365 0.063499987
M1526 3 3 0.2230 0.776999995
M1527 3 3 0.8990 0.101000011
M1528 3 3 0.5810 0.419000030
M1529 3 3 0.5820 0.417999983
M1530 3 3 0.3975 0.602499992
M1531 3 3 0.0180 0.982000001
M1532 3 3 0.4865 0.513500005
M1533 3 3 0.8475 0.152499974
M1534 3 3 0.4260 0.574000001
M1535 3 3 0.4625 0.537499994
M1536 3 3 0.6690 0.330999970
M1537 3 3 0.6475 0.352500021
M1538 3 3 0.6800 0.319999993
M1539 3 3 0.5400 0.459999979
M1540 3 3 0.5870 0.412999988
M1541 3 3 0.3390 0.661000013
M1542 3 3 0.2565 0.743499994
M1543 3 3 0.3720 0.627999991
M1544 3 3 0.4025 0.597499996
M1545 3 3 0.3355 0.664499998
M1546 3 3 0.2990 0.701000005
M1547 3 3 0.8200 0.180000007
M1548 3 3 0.7985 0.201499999
M1549 3 3 0.5635 0.436500013
M1550 3 3 0.2115 0.788499996
M1551 3 3 0.7030 0.296999991
M1552 3 3 0.1555 0.844500005
M1553 3 3 0.7125 0.287500024
M1554 3 3 0.6205 0.379499972
M1555 3 3 0.1525 0.847499996
M1556 3 3 0.5275 0.472500026
M1557 3 3 0.8415 0.158500016
M1558 3 3 0.4430 0.557000011
M1559 3 3 0.6050 0.394999981
M1560 3 3 0.7620 0.237999976
M1561 3 3 0.5435 0.456499994
M1562 3 3 0.8470 0.152999997
M1563 3 3 0.3800 0.620000005
M1564 3 3 0.6800 0.319999993
M1565 3 3 0.8825 0.117500007
M1566 3 3 0.8840 0.115999997
M1567 3 3 0.7965 0.203499973
M1568 3 3 0.8620 0.138000011
M1569 3 3 0.4685 0.531500012
M1570 3 3 0.3300 0.669999987
M1571 3 3 0.7035 0.296500027
M1572 3 3 0.8020 0.198000014
M1573 3 3 0.1545 0.845500007
M1574 3 3 0.3490 0.650999993
M1575 3 3 0.1850 0.814999998
M1576 3 3 0.5985 0.401499987
M1577 3 3 0.8380 0.162000000
M1578 3 3 0.1600 0.840000004
M1579 3 3 0.0355 0.964499999
M1580 3 3 0.5560 0.444000006
M1581 3 3 0.2505 0.749500006
M1582 3 3 0.1450 0.855000004
M1583 3 3 0.2000 0.799999997
M1584 3 3 0.6050 0.394999981
M1585 3 3 0.5570 0.443000019
M1586 3 3 0.4720 0.527999997
