ID Generation Chr Freq.Allele1 Freq.Allele2
   M1 5 1 0.2170 0.783000007
   M2 5 1 0.2495 0.750499994
   M3 5 1 0.8310 0.169000030
   M4 5 1 0.8000 0.199999988
   M5 5 1 0.0975 0.902500004
   M6 5 1 0.6300 0.370000005
   M7 5 1 0.4410 0.558999985
   M8 5 1 0.4880 0.511999995
   M9 5 1 0.2855 0.714500010
  M10 5 1 0.7335 0.266499996
  M11 5 1 0.5730 0.426999986
  M12 5 1 0.8015 0.198499978
  M13 5 1 0.9305 0.069500029
  M14 5 1 0.8755 0.124499977
  M15 5 1 0.7610 0.239000022
  M16 5 1 0.6770 0.323000014
  M17 5 1 0.3000 0.699999988
  M18 5 1 0.5030 0.496999979
  M19 5 1 0.4685 0.531500012
  M20 5 1 0.9445 0.055499971
  M21 5 1 0.6185 0.381500006
  M22 5 1 0.4620 0.537999988
  M23 5 1 0.6150 0.384999990
  M24 5 1 0.0625 0.937500000
  M25 5 1 0.8010 0.199000001
  M26 5 1 0.5995 0.400500000
  M27 5 1 0.4665 0.533499986
  M28 5 1 0.7215 0.278500021
  M29 5 1 0.4245 0.575500011
  M30 5 1 0.7180 0.282000005
  M31 5 1 0.0360 0.964000002
  M32 5 1 0.2850 0.715000004
  M33 5 1 0.8250 0.175000012
  M34 5 1 0.3985 0.601500005
  M35 5 1 0.6575 0.342499971
  M36 5 1 0.5685 0.431500018
  M37 5 1 0.8210 0.179000020
  M38 5 1 0.3010 0.699000001
  M39 5 1 0.3180 0.682000011
  M40 5 1 0.7065 0.293500006
  M41 5 1 0.7490 0.250999987
  M42 5 1 0.4760 0.523999989
  M43 5 1 0.8230 0.176999986
  M44 5 1 0.6865 0.313499987
  M45 5 1 0.6485 0.351499975
  M46 5 1 0.0655 0.934500001
  M47 5 1 0.1910 0.809000000
  M48 5 1 0.5305 0.469500005
  M49 5 1 0.1925 0.807500005
  M50 5 1 0.4350 0.564999998
  M51 5 1 0.3770 0.622999996
  M52 5 1 0.7480 0.251999974
  M53 5 1 0.3610 0.638999999
  M54 5 1 0.5380 0.462000012
  M55 5 1 0.1965 0.803499997
  M56 5 1 0.2745 0.725499988
  M57 5 1 0.4945 0.505499989
  M58 5 1 0.4740 0.525999993
  M59 5 1 0.7735 0.226499975
  M60 5 1 0.4930 0.506999999
  M61 5 1 0.7215 0.278500021
  M62 5 1 0.3960 0.604000002
  M63 5 1 0.3800 0.620000005
  M64 5 1 0.4230 0.576999992
  M65 5 1 0.9515 0.048500001
  M66 5 1 0.6050 0.394999981
  M67 5 1 0.2935 0.706499994
  M68 5 1 0.5950 0.404999971
  M69 5 1 0.7540 0.245999992
  M70 5 1 0.2650 0.735000014
  M71 5 1 0.6540 0.346000016
  M72 5 1 0.4190 0.581000000
  M73 5 1 0.6350 0.365000010
  M74 5 1 0.5830 0.416999996
  M75 5 1 0.6410 0.359000027
  M76 5 1 0.4260 0.574000001
  M77 5 1 0.6900 0.310000002
  M78 5 1 0.4485 0.551499993
  M79 5 1 0.4060 0.594000012
  M80 5 1 0.2360 0.763999999
  M81 5 1 0.7475 0.252499998
  M82 5 1 0.3385 0.661500007
  M83 5 1 0.3450 0.655000001
  M84 5 1 0.1565 0.843500003
  M85 5 1 0.1165 0.883500002
  M86 5 1 0.6130 0.387000024
  M87 5 1 0.6350 0.365000010
  M88 5 1 0.1745 0.825499997
  M89 5 1 0.6875 0.312500000
  M90 5 1 0.8175 0.182500005
  M91 5 1 0.8940 0.106000006
  M92 5 1 0.7650 0.235000014
  M93 5 1 0.0525 0.947500002
  M94 5 1 0.3725 0.627499998
  M95 5 1 0.2665 0.733500004
  M96 5 1 0.6175 0.382499993
  M97 5 1 0.8185 0.181500018
  M98 5 1 0.4930 0.506999999
  M99 5 1 0.8605 0.139500022
 M100 5 1 0.7135 0.286499977
 M101 5 1 0.2155 0.784500003
 M102 5 1 0.0570 0.943000000
 M103 5 1 0.0370 0.963000000
 M104 5 1 0.6735 0.326499999
 M105 5 1 0.7120 0.287999988
 M106 5 1 0.8720 0.128000021
 M107 5 1 0.4250 0.574999988
 M108 5 1 0.7330 0.267000020
 M109 5 1 0.3200 0.680000007
 M110 5 1 0.3085 0.691500008
 M111 5 1 0.8940 0.106000006
 M112 5 1 0.3470 0.652999997
 M113 5 1 0.5290 0.471000016
 M114 5 1 0.6505 0.349500000
 M115 5 1 0.8195 0.180499971
 M116 5 1 0.2570 0.743000001
 M117 5 1 0.2395 0.760499999
 M118 5 1 0.7560 0.244000018
 M119 5 1 0.3680 0.631999999
 M120 5 1 0.0865 0.913500004
 M121 5 1 0.5560 0.444000006
 M122 5 1 0.2150 0.784999996
 M123 5 1 0.7270 0.273000002
 M124 5 1 0.7535 0.246500015
 M125 5 1 0.8780 0.121999979
 M126 5 1 0.5245 0.475499988
 M127 5 1 0.9660 0.033999979
 M128 5 1 0.4225 0.577499986
 M129 5 1 0.3175 0.682500005
 M130 5 1 0.5540 0.445999980
 M131 5 1 0.4575 0.542499989
 M132 5 1 0.8150 0.185000002
 M133 5 1 0.8360 0.163999975
 M134 5 1 0.3425 0.657499999
 M135 5 1 0.4350 0.564999998
 M136 5 1 0.1115 0.888499998
 M137 5 1 0.8290 0.171000004
 M138 5 1 0.7945 0.205500007
 M139 5 1 0.3250 0.675000012
 M140 5 1 0.4815 0.518500000
 M141 5 1 0.3150 0.685000002
 M142 5 1 0.1990 0.800999999
 M143 5 1 0.4755 0.524500012
 M144 5 1 0.3915 0.608500004
 M145 5 1 0.6725 0.327499986
 M146 5 1 0.4450 0.555000007
 M147 5 1 0.9255 0.074500024
 M148 5 1 0.4275 0.572499990
 M149 5 1 0.2535 0.746499985
 M150 5 1 0.2995 0.700500011
 M151 5 1 0.0895 0.910499997
 M152 5 1 0.0615 0.938499998
 M153 5 1 0.6680 0.332000017
 M154 5 1 0.3525 0.647500008
 M155 5 1 0.2415 0.758499995
 M156 5 1 0.3450 0.655000001
 M157 5 1 0.7815 0.218500018
 M158 5 1 0.5880 0.412000000
 M159 5 1 0.7640 0.236000001
 M160 5 1 0.3470 0.652999997
 M161 5 1 0.7965 0.203499973
 M162 5 1 0.6340 0.365999997
 M163 5 1 0.6570 0.342999995
 M164 5 1 0.9005 0.099500000
 M165 5 1 0.3215 0.678499997
 M166 5 1 0.2130 0.787000000
 M167 5 1 0.0215 0.978499999
 M168 5 1 0.3690 0.631000012
 M169 5 1 0.6975 0.302500010
 M170 5 1 0.5625 0.437500000
 M171 5 1 0.6035 0.396499991
 M172 5 1 0.0345 0.965500001
 M173 5 1 0.1545 0.845500007
 M174 5 1 0.8070 0.193000019
 M175 5 1 0.4755 0.524500012
 M176 5 1 0.5610 0.439000010
 M177 5 1 0.3650 0.634999990
 M178 5 1 0.8570 0.143000007
 M179 5 1 0.9385 0.061500013
 M180 5 1 0.1920 0.807999998
 M181 5 1 0.5160 0.484000027
 M182 5 1 0.5740 0.425999999
 M183 5 1 0.7250 0.274999976
 M184 5 1 0.4275 0.572499990
 M185 5 1 0.6350 0.365000010
 M186 5 1 0.6495 0.350499988
 M187 5 1 0.7690 0.231000006
 M188 5 1 0.1480 0.851999998
 M189 5 1 0.3085 0.691500008
 M190 5 1 0.8910 0.109000027
 M191 5 1 0.6470 0.352999985
 M192 5 1 0.1255 0.874500006
 M193 5 1 0.6650 0.334999979
 M194 5 1 0.8625 0.137499988
 M195 5 1 0.3445 0.655499995
 M196 5 1 0.9150 0.084999979
 M197 5 1 0.1635 0.836500004
 M198 5 1 0.0875 0.912500001
 M199 5 1 0.1865 0.813500002
 M200 5 1 0.8970 0.102999985
 M201 5 1 0.4385 0.561500013
 M202 5 1 0.7055 0.294499993
 M203 5 1 0.8565 0.143499970
 M204 5 1 0.7405 0.259500027
 M205 5 1 0.7340 0.265999973
 M206 5 1 0.3455 0.654500008
 M207 5 1 0.2215 0.778500006
 M208 5 1 0.4375 0.562500000
 M209 5 1 0.4090 0.590999991
 M210 5 1 0.5425 0.457499981
 M211 5 1 0.4130 0.587000012
 M212 5 1 0.2675 0.732499987
 M213 5 1 0.2615 0.738499999
 M214 5 1 0.5405 0.459500015
 M215 5 1 0.8715 0.128499985
 M216 5 1 0.2815 0.718499988
 M217 5 1 0.2525 0.747500002
 M218 5 1 0.9510 0.049000025
 M219 5 1 0.4940 0.506000012
 M220 5 1 0.9525 0.047500014
 M221 5 1 0.4855 0.514499992
 M222 5 1 0.7990 0.200999975
 M223 5 1 0.6995 0.300499976
 M224 5 1 0.6405 0.359499991
 M225 5 1 0.8815 0.118499994
 M226 5 1 0.7215 0.278500021
 M227 5 1 0.5650 0.435000002
 M228 5 1 0.8655 0.134500027
 M229 5 1 0.6520 0.347999990
 M230 5 1 0.6435 0.356500030
 M231 5 1 0.3550 0.645000011
 M232 5 1 0.2990 0.701000005
 M233 5 1 0.1460 0.854000002
 M234 5 1 0.1390 0.861000001
 M235 5 1 0.5430 0.457000017
 M236 5 1 0.6945 0.305499971
 M237 5 1 0.9890 0.010999978
 M238 5 1 0.3830 0.617000014
 M239 5 1 0.0000 1.000000000
 M240 5 1 0.9025 0.097500026
 M241 5 1 0.5640 0.435999990
 M242 5 1 0.9425 0.057500005
 M243 5 1 0.3860 0.613999993
 M244 5 1 0.5075 0.492500007
 M245 5 1 0.1935 0.806500003
 M246 5 1 0.3375 0.662499994
 M247 5 1 0.0650 0.935000002
 M248 5 1 0.8280 0.171999991
 M249 5 1 0.9495 0.050499976
 M250 5 1 0.3845 0.615500003
 M251 5 1 0.8010 0.199000001
 M252 5 1 0.6500 0.350000024
 M253 5 1 0.5735 0.426500022
 M254 5 1 0.8115 0.188499987
 M255 5 1 0.0610 0.938999999
 M256 5 1 0.7095 0.290499985
 M257 5 1 0.4795 0.520500004
 M258 5 1 0.5870 0.412999988
 M259 5 1 0.3555 0.644499987
 M260 5 1 0.4090 0.590999991
 M261 5 1 0.2495 0.750499994
 M262 5 1 0.8840 0.115999997
 M263 5 1 0.3920 0.608000010
 M264 5 1 0.6825 0.317499995
 M265 5 1 0.2795 0.720499992
 M266 5 1 0.0945 0.905500002
 M267 5 1 0.2075 0.792500004
 M268 5 1 0.8250 0.175000012
 M269 5 1 0.5355 0.464500010
 M270 5 1 0.0785 0.921499997
 M271 5 1 0.0545 0.945500001
 M272 5 1 0.4375 0.562500000
 M273 5 1 0.5420 0.458000004
 M274 5 1 0.4535 0.546499997
 M275 5 1 0.9720 0.027999997
 M276 5 1 0.0000 1.000000000
 M277 5 1 0.7885 0.211499989
 M278 5 1 0.6370 0.362999976
 M279 5 1 0.3880 0.611999989
 M280 5 1 0.8150 0.185000002
 M281 5 1 0.4640 0.536000013
 M282 5 1 0.6915 0.308499992
 M283 5 1 0.6190 0.380999982
 M284 5 1 0.3305 0.669499993
 M285 5 1 0.7785 0.221499979
 M286 5 1 0.8260 0.174000025
 M287 5 1 0.1780 0.821999997
 M288 5 1 0.5910 0.408999979
 M289 5 1 0.2420 0.758000001
 M290 5 1 0.0530 0.947000001
 M291 5 1 0.2500 0.750000000
 M292 5 1 0.5570 0.443000019
 M293 5 1 0.3840 0.615999997
 M294 5 1 0.6150 0.384999990
 M295 5 1 0.9665 0.033500016
 M296 5 1 0.7265 0.273500025
 M297 5 1 0.6675 0.332499981
 M298 5 1 0.8380 0.162000000
 M299 5 1 0.8810 0.119000018
 M300 5 1 0.0975 0.902500004
 M301 5 1 0.1485 0.851500005
 M302 5 1 0.4235 0.576499999
 M303 5 1 0.3630 0.636999995
 M304 5 1 0.4825 0.517500013
 M305 5 1 0.3420 0.657999992
 M306 5 1 0.8765 0.123499990
 M307 5 1 0.0825 0.917499997
 M308 5 1 0.6615 0.338500023
 M309 5 1 0.2165 0.783500001
 M310 5 1 0.7455 0.254499972
 M311 5 1 0.9525 0.047500014
 M312 5 1 0.2665 0.733500004
 M313 5 1 0.3440 0.655999988
 M314 5 1 0.5400 0.459999979
 M315 5 1 1.0000 0.000000000
 M316 5 1 0.1905 0.809499994
 M317 5 1 0.0125 0.987500000
 M318 5 1 0.1385 0.861499995
 M319 5 1 0.1940 0.805999994
 M320 5 1 0.5825 0.417500019
 M321 5 1 0.1560 0.843999997
 M322 5 1 0.6010 0.398999989
 M323 5 1 0.7215 0.278500021
 M324 5 1 0.5810 0.419000030
 M325 5 1 0.6375 0.362500012
 M326 5 1 0.3190 0.680999994
 M327 5 1 0.3220 0.678000003
 M328 5 1 0.4480 0.551999986
 M329 5 1 0.3235 0.676499993
 M330 5 1 0.2400 0.760000005
 M331 5 1 0.5295 0.470499992
 M332 5 1 0.6170 0.383000016
 M333 5 1 0.3560 0.643999994
 M334 5 1 0.6630 0.337000012
 M335 5 1 0.7140 0.286000013
 M336 5 1 0.2880 0.712000012
 M337 5 1 0.7160 0.283999979
 M338 5 1 0.4725 0.527500004
 M339 5 1 0.6635 0.336499989
 M340 5 1 0.5040 0.495999992
 M341 5 1 0.4910 0.509000003
 M342 5 1 0.6170 0.383000016
 M343 5 1 0.7400 0.259999990
 M344 5 1 0.3220 0.678000003
 M345 5 1 0.4505 0.549499989
 M346 5 1 0.7850 0.214999974
 M347 5 1 0.4770 0.523000002
 M348 5 1 0.9675 0.032500029
 M349 5 1 0.3960 0.604000002
 M350 5 1 0.3250 0.675000012
 M351 5 1 0.2435 0.756500006
 M352 5 1 0.2795 0.720499992
 M353 5 1 0.8035 0.196500003
 M354 5 1 0.3245 0.675500005
 M355 5 1 0.6120 0.388000011
 M356 5 1 0.3910 0.608999997
 M357 5 1 0.1945 0.805500001
 M358 5 1 0.4365 0.563499987
 M359 5 1 0.7435 0.256500006
 M360 5 1 0.1755 0.824499995
 M361 5 1 0.2810 0.719000012
 M362 5 1 0.8225 0.177500010
 M363 5 1 0.5875 0.412500024
 M364 5 1 0.7340 0.265999973
 M365 5 1 0.7270 0.273000002
 M366 5 1 0.6520 0.347999990
 M367 5 1 0.2710 0.729000002
 M368 5 1 0.5210 0.478999972
 M369 5 1 0.2835 0.716500014
 M370 5 1 0.0655 0.934500001
 M371 5 1 0.9435 0.056500018
 M372 5 1 0.2310 0.768999994
 M373 5 1 0.3215 0.678499997
 M374 5 1 0.3765 0.623499990
 M375 5 1 0.8905 0.109499991
 M376 5 1 0.9065 0.093500018
 M377 5 1 0.9515 0.048500001
 M378 5 1 0.5060 0.494000018
 M379 5 1 0.2170 0.783000007
 M380 5 1 0.9945 0.005500019
 M381 5 1 0.8875 0.112500012
 M382 5 1 0.5135 0.486500025
 M383 5 1 0.1155 0.884499997
 M384 5 1 0.3500 0.650000006
 M385 5 1 0.3990 0.601000011
 M386 5 1 0.0040 0.996000000
 M387 5 1 0.7745 0.225499988
 M388 5 1 0.1850 0.814999998
 M389 5 1 0.9210 0.078999996
 M390 5 1 0.9640 0.036000013
 M391 5 1 0.0790 0.920999996
 M392 5 1 0.3235 0.676499993
 M393 5 1 0.7135 0.286499977
 M394 5 1 0.5945 0.405499995
 M395 5 1 0.9450 0.055000007
 M396 5 1 0.1125 0.887500003
 M397 5 1 0.8570 0.143000007
 M398 5 1 0.5790 0.421000004
 M399 5 1 0.3815 0.618499994
 M400 5 1 0.0610 0.938999999
 M401 5 1 0.7110 0.288999975
 M402 5 1 0.8385 0.161499977
 M403 5 1 0.5750 0.425000012
 M404 5 1 0.2135 0.786500007
 M405 5 1 0.6155 0.384500027
 M406 5 1 0.1300 0.870000005
 M407 5 1 0.8655 0.134500027
 M408 5 1 0.5340 0.466000021
 M409 5 1 0.1920 0.807999998
 M410 5 1 0.3480 0.652000010
 M411 5 1 0.0830 0.917000003
 M412 5 1 0.0305 0.969500000
 M413 5 1 0.1070 0.892999999
 M414 5 1 0.4840 0.516000003
 M415 5 1 0.1480 0.851999998
 M416 5 1 0.5600 0.439999998
 M417 5 1 0.4910 0.509000003
 M418 5 1 0.2350 0.765000001
 M419 5 1 0.6990 0.300999999
 M420 5 1 0.7515 0.248499990
 M421 5 1 0.7565 0.243499994
 M422 5 1 0.6835 0.316500008
 M423 5 1 0.2615 0.738499999
 M424 5 1 0.7110 0.288999975
 M425 5 1 0.3100 0.689999998
 M426 5 1 0.5235 0.476499975
 M427 5 1 0.4085 0.591500014
 M428 5 1 0.8380 0.162000000
 M429 5 1 0.9195 0.080500007
 M430 5 1 0.4690 0.530999988
 M431 5 1 0.4290 0.571000010
 M432 5 1 0.9285 0.071500003
 M433 5 1 0.2245 0.775500000
 M434 5 1 0.7935 0.206499994
 M435 5 1 0.2800 0.719999999
 M436 5 1 0.4185 0.581499994
 M437 5 1 0.0985 0.901500002
 M438 5 1 0.1660 0.834000006
 M439 5 1 0.2250 0.775000006
 M440 5 1 0.6435 0.356500030
 M441 5 1 0.2505 0.749500006
 M442 5 1 0.6260 0.374000013
 M443 5 1 0.6080 0.392000020
 M444 5 1 0.6800 0.319999993
 M445 5 1 0.8585 0.141499996
 M446 5 1 0.8715 0.128499985
 M447 5 1 0.8675 0.132499993
 M448 5 1 0.4445 0.555500001
 M449 5 1 0.6945 0.305499971
 M450 5 1 0.5360 0.463999987
 M451 5 1 0.0455 0.954500001
 M452 5 1 0.5050 0.495000005
 M453 5 1 0.7450 0.254999995
 M454 5 1 0.7480 0.251999974
 M455 5 2 0.3695 0.630499989
 M456 5 2 0.4860 0.513999999
 M457 5 2 0.7305 0.269500017
 M458 5 2 0.5850 0.415000021
 M459 5 2 0.1075 0.892499998
 M460 5 2 0.4395 0.560499996
 M461 5 2 0.6760 0.324000001
 M462 5 2 0.1295 0.870499998
 M463 5 2 0.7910 0.208999991
 M464 5 2 0.6600 0.339999974
 M465 5 2 0.1480 0.851999998
 M466 5 2 0.1555 0.844500005
 M467 5 2 0.5955 0.404500008
 M468 5 2 0.2485 0.751499996
 M469 5 2 0.1550 0.844999999
 M470 5 2 0.2505 0.749500006
 M471 5 2 0.6875 0.312500000
 M472 5 2 0.1035 0.896499999
 M473 5 2 0.6370 0.362999976
 M474 5 2 0.0465 0.953499999
 M475 5 2 0.7925 0.207499981
 M476 5 2 0.6695 0.330500007
 M477 5 2 0.3330 0.666999996
 M478 5 2 0.8140 0.185999990
 M479 5 2 0.8695 0.130500019
 M480 5 2 0.1530 0.847000003
 M481 5 2 0.3360 0.664000005
 M482 5 2 0.8000 0.199999988
 M483 5 2 0.9270 0.073000014
 M484 5 2 0.6960 0.304000020
 M485 5 2 0.5910 0.408999979
 M486 5 2 0.4610 0.539000005
 M487 5 2 0.6835 0.316500008
 M488 5 2 0.4480 0.551999986
 M489 5 2 0.1995 0.800500005
 M490 5 2 0.1645 0.835500002
 M491 5 2 0.2815 0.718499988
 M492 5 2 0.9815 0.018499970
 M493 5 2 0.9705 0.029500008
 M494 5 2 0.5190 0.481000006
 M495 5 2 0.3480 0.652000010
 M496 5 2 0.2130 0.787000000
 M497 5 2 0.8220 0.177999973
 M498 5 2 0.9445 0.055499971
 M499 5 2 0.2395 0.760499999
 M500 5 2 0.8225 0.177500010
 M501 5 2 0.8520 0.148000002
 M502 5 2 0.2930 0.706999987
 M503 5 2 0.8780 0.121999979
 M504 5 2 0.8275 0.172500014
 M505 5 2 0.6790 0.320999980
 M506 5 2 0.6510 0.348999977
 M507 5 2 0.1925 0.807500005
 M508 5 2 0.2985 0.701499999
 M509 5 2 0.2470 0.753000006
 M510 5 2 0.9495 0.050499976
 M511 5 2 0.5390 0.461000025
 M512 5 2 0.9000 0.100000024
 M513 5 2 0.9415 0.058499992
 M514 5 2 0.8665 0.133499980
 M515 5 2 0.6995 0.300499976
 M516 5 2 0.1400 0.859999999
 M517 5 2 0.0860 0.913999997
 M518 5 2 0.5085 0.491500020
 M519 5 2 0.7415 0.258499980
 M520 5 2 0.6885 0.311500013
 M521 5 2 1.0000 0.000000000
 M522 5 2 0.1755 0.824499995
 M523 5 2 0.5125 0.487500012
 M524 5 2 0.7490 0.250999987
 M525 5 2 0.2380 0.761999995
 M526 5 2 0.6955 0.304499984
 M527 5 2 0.5350 0.464999974
 M528 5 2 0.2375 0.762500003
 M529 5 2 0.7055 0.294499993
 M530 5 2 0.8825 0.117500007
 M531 5 2 0.4455 0.554500014
 M532 5 2 0.5315 0.468500018
 M533 5 2 0.0880 0.912000000
 M534 5 2 0.2845 0.715499997
 M535 5 2 0.5505 0.449500024
 M536 5 2 0.2625 0.737500012
 M537 5 2 0.8825 0.117500007
 M538 5 2 0.6110 0.388999999
 M539 5 2 0.9845 0.015500009
 M540 5 2 0.0260 0.973999999
 M541 5 2 0.5285 0.471499979
 M542 5 2 0.2210 0.778999999
 M543 5 2 0.1060 0.894000001
 M544 5 2 0.4450 0.555000007
 M545 5 2 0.3165 0.683499992
 M546 5 2 0.2025 0.797499999
 M547 5 2 0.7830 0.217000008
 M548 5 2 0.6645 0.335500002
 M549 5 2 0.5285 0.471499979
 M550 5 2 0.7220 0.277999997
 M551 5 2 0.2295 0.770500004
 M552 5 2 0.1710 0.828999996
 M553 5 2 0.6990 0.300999999
 M554 5 2 0.4985 0.501500010
 M555 5 2 0.1575 0.842500001
 M556 5 2 0.3860 0.613999993
 M557 5 2 0.1580 0.841999993
 M558 5 2 0.4245 0.575500011
 M559 5 2 0.5555 0.444500029
 M560 5 2 0.6930 0.306999981
 M561 5 2 0.3220 0.678000003
 M562 5 2 0.4850 0.514999986
 M563 5 2 0.5990 0.401000023
 M564 5 2 0.4535 0.546499997
 M565 5 2 0.8115 0.188499987
 M566 5 2 0.7590 0.240999997
 M567 5 2 0.3235 0.676499993
 M568 5 2 0.4085 0.591500014
 M569 5 2 0.0830 0.917000003
 M570 5 2 0.7425 0.257499993
 M571 5 2 0.4835 0.516499996
 M572 5 2 0.0590 0.941000000
 M573 5 2 0.2070 0.792999998
 M574 5 2 0.6145 0.385500014
 M575 5 2 0.3520 0.648000002
 M576 5 2 0.2655 0.734499991
 M577 5 2 0.7690 0.231000006
 M578 5 2 0.4905 0.509499997
 M579 5 2 0.7515 0.248499990
 M580 5 2 0.8755 0.124499977
 M581 5 2 0.3315 0.668500006
 M582 5 2 0.5895 0.410499990
 M583 5 2 0.3185 0.681499988
 M584 5 2 0.3090 0.691000015
 M585 5 2 0.3900 0.610000014
 M586 5 2 0.7885 0.211499989
 M587 5 2 0.1935 0.806500003
 M588 5 2 0.3715 0.628500015
 M589 5 2 0.3980 0.601999998
 M590 5 2 0.3585 0.641499996
 M591 5 2 0.5115 0.488499999
 M592 5 2 0.4015 0.598500013
 M593 5 2 0.3090 0.691000015
 M594 5 2 0.1245 0.875500001
 M595 5 2 0.7625 0.237500012
 M596 5 2 0.3570 0.643000007
 M597 5 2 0.0210 0.979000000
 M598 5 2 0.7380 0.262000024
 M599 5 2 0.3570 0.643000007
 M600 5 2 0.6620 0.338000000
 M601 5 2 0.4495 0.550500005
 M602 5 2 0.3055 0.694499999
 M603 5 2 0.9150 0.084999979
 M604 5 2 0.3635 0.636500001
 M605 5 2 0.5390 0.461000025
 M606 5 2 0.5855 0.414499998
 M607 5 2 0.4380 0.562000006
 M608 5 2 0.3880 0.611999989
 M609 5 2 0.5235 0.476499975
 M610 5 2 0.7470 0.253000021
 M611 5 2 0.0885 0.911499999
 M612 5 2 0.6445 0.355499983
 M613 5 2 0.9245 0.075500011
 M614 5 2 0.8055 0.194500029
 M615 5 2 0.5580 0.441999972
 M616 5 2 0.5495 0.450500011
 M617 5 2 0.5505 0.449500024
 M618 5 2 0.5740 0.425999999
 M619 5 2 0.0070 0.993000000
 M620 5 2 0.8090 0.190999985
 M621 5 2 0.7945 0.205500007
 M622 5 2 0.6780 0.322000027
 M623 5 2 0.7035 0.296500027
 M624 5 2 0.6090 0.390999973
 M625 5 2 0.3205 0.679500014
 M626 5 2 0.5065 0.493499994
 M627 5 2 0.4595 0.540499985
 M628 5 2 0.8390 0.161000013
 M629 5 2 0.6135 0.386500001
 M630 5 2 0.5170 0.482999980
 M631 5 2 0.5700 0.430000007
 M632 5 2 0.7480 0.251999974
 M633 5 2 0.2905 0.709500015
 M634 5 2 0.6600 0.339999974
 M635 5 2 0.2395 0.760499999
 M636 5 2 0.5070 0.492999971
 M637 5 2 0.4165 0.583499998
 M638 5 2 0.3090 0.691000015
 M639 5 2 0.7300 0.269999981
 M640 5 2 0.9115 0.088500023
 M641 5 2 0.2195 0.780499995
 M642 5 2 0.6590 0.341000021
 M643 5 2 0.7925 0.207499981
 M644 5 2 0.2250 0.775000006
 M645 5 2 0.6400 0.360000014
 M646 5 2 0.7080 0.291999996
 M647 5 2 0.6465 0.353500009
 M648 5 2 0.3105 0.689500004
 M649 5 2 0.5410 0.458999991
 M650 5 2 0.0000 1.000000000
 M651 5 2 0.6495 0.350499988
 M652 5 2 0.0850 0.914999999
 M653 5 2 0.9795 0.020500004
 M654 5 2 0.7900 0.209999979
 M655 5 2 0.0065 0.993500000
 M656 5 2 0.0905 0.909500003
 M657 5 2 0.6690 0.330999970
 M658 5 2 0.2880 0.712000012
 M659 5 2 0.8130 0.186999977
 M660 5 2 0.4015 0.598500013
 M661 5 2 0.2040 0.796000004
 M662 5 2 0.6370 0.362999976
 M663 5 2 0.2785 0.721500009
 M664 5 2 0.9020 0.097999990
 M665 5 2 0.5575 0.442499995
 M666 5 2 0.0990 0.901000001
 M667 5 2 0.1965 0.803499997
 M668 5 2 0.5100 0.490000010
 M669 5 2 0.0805 0.919500001
 M670 5 2 0.5385 0.461499989
 M671 5 2 0.6235 0.376500010
 M672 5 2 0.3400 0.659999996
 M673 5 2 0.9340 0.065999985
 M674 5 2 0.9625 0.037500024
 M675 5 2 0.5125 0.487500012
 M676 5 2 0.5350 0.464999974
 M677 5 2 0.1075 0.892499998
 M678 5 2 0.8150 0.185000002
 M679 5 2 0.5235 0.476499975
 M680 5 2 0.6195 0.380500019
 M681 5 2 0.6550 0.345000029
 M682 5 2 0.0825 0.917499997
 M683 5 2 0.6920 0.308000028
 M684 5 2 0.0675 0.932499997
 M685 5 2 0.2700 0.729999989
 M686 5 2 0.4210 0.578999996
 M687 5 2 0.4595 0.540499985
 M688 5 2 0.3970 0.602999985
 M689 5 2 0.4555 0.544499993
 M690 5 2 0.8240 0.175999999
 M691 5 2 0.0870 0.913000003
 M692 5 2 0.1850 0.814999998
 M693 5 2 0.1260 0.873999998
 M694 5 2 0.7745 0.225499988
 M695 5 2 0.7005 0.299499989
 M696 5 2 0.0910 0.909000002
 M697 5 2 0.2605 0.739499986
 M698 5 2 0.1910 0.809000000
 M699 5 2 0.5890 0.411000013
 M700 5 2 0.4530 0.546999991
 M701 5 2 0.6350 0.365000010
 M702 5 2 0.8015 0.198499978
 M703 5 2 0.4010 0.599000007
 M704 5 2 0.5810 0.419000030
 M705 5 2 0.7440 0.255999982
 M706 5 2 0.3115 0.688499987
 M707 5 2 0.4825 0.517500013
 M708 5 2 0.1470 0.853000000
 M709 5 2 0.7985 0.201499999
 M710 5 2 0.9955 0.004499972
 M711 5 2 0.2510 0.749000013
 M712 5 2 0.3345 0.665499985
 M713 5 2 0.3470 0.652999997
 M714 5 2 0.5560 0.444000006
 M715 5 2 0.8010 0.199000001
 M716 5 2 0.6085 0.391499996
 M717 5 2 0.7845 0.215499997
 M718 5 2 0.7715 0.228500009
 M719 5 2 0.0515 0.948500000
 M720 5 2 0.0415 0.958500002
 M721 5 2 0.6005 0.399500012
 M722 5 2 0.9515 0.048500001
 M723 5 2 0.5845 0.415499985
 M724 5 2 0.6800 0.319999993
 M725 5 2 0.0405 0.959500000
 M726 5 2 0.9680 0.032000005
 M727 5 2 0.0200 0.980000000
 M728 5 2 0.3365 0.663500011
 M729 5 2 0.9085 0.091499984
 M730 5 2 0.4745 0.525500000
 M731 5 2 0.6590 0.341000021
 M732 5 2 0.6320 0.367999971
 M733 5 2 0.9050 0.095000029
 M734 5 2 0.0435 0.956500001
 M735 5 2 0.5780 0.421999991
 M736 5 2 0.3755 0.624500006
 M737 5 2 0.4790 0.520999998
 M738 5 2 0.8240 0.175999999
 M739 5 2 0.3700 0.629999995
 M740 5 2 0.5390 0.461000025
 M741 5 2 0.2300 0.769999996
 M742 5 2 0.9485 0.051500022
 M743 5 2 0.3340 0.666000009
 M744 5 2 0.3565 0.643500000
 M745 5 2 0.7360 0.263999999
 M746 5 2 0.3410 0.659000009
 M747 5 2 0.3080 0.692000002
 M748 5 2 0.7580 0.241999984
 M749 5 2 0.7610 0.239000022
 M750 5 2 0.4350 0.564999998
 M751 5 2 0.9250 0.074999988
 M752 5 2 0.7255 0.274500012
 M753 5 2 0.0845 0.915500000
 M754 5 2 0.4160 0.583999991
 M755 5 2 0.6700 0.329999983
 M756 5 2 0.2080 0.791999996
 M757 5 2 0.6370 0.362999976
 M758 5 2 0.7125 0.287500024
 M759 5 2 0.3070 0.692999989
 M760 5 2 0.4585 0.541500002
 M761 5 2 0.9075 0.092499971
 M762 5 2 0.3585 0.641499996
 M763 5 2 0.3660 0.634000003
 M764 5 2 0.6415 0.358500004
 M765 5 2 0.7850 0.214999974
 M766 5 2 0.8070 0.193000019
 M767 5 2 0.8075 0.192499995
 M768 5 2 0.7790 0.221000016
 M769 5 2 0.9175 0.082499981
 M770 5 2 0.9130 0.087000012
 M771 5 2 0.0950 0.905000001
 M772 5 2 0.1175 0.882500000
 M773 5 2 0.4695 0.530499995
 M774 5 2 0.7730 0.226999998
 M775 5 2 0.8815 0.118499994
 M776 5 2 0.9020 0.097999990
 M777 5 2 0.8545 0.145500004
 M778 5 2 0.1220 0.877999999
 M779 5 2 0.1430 0.856999993
 M780 5 2 0.9345 0.065500021
 M781 5 2 0.1825 0.817499995
 M782 5 2 0.8195 0.180499971
 M783 5 2 0.3805 0.619500011
 M784 5 2 0.7795 0.220499992
 M785 5 2 0.5080 0.491999984
 M786 5 2 0.8760 0.124000013
 M787 5 2 0.3300 0.669999987
 M788 5 2 0.3455 0.654500008
 M789 5 2 0.2250 0.775000006
 M790 5 2 0.8030 0.197000027
 M791 5 2 0.1000 0.899999999
 M792 5 2 0.7720 0.227999985
 M793 5 2 0.1375 0.862499997
 M794 5 2 0.2910 0.708999991
 M795 5 2 0.6525 0.347500026
 M796 5 2 0.5070 0.492999971
 M797 5 2 0.6145 0.385500014
 M798 5 2 0.6790 0.320999980
 M799 5 2 0.0895 0.910499997
 M800 5 2 0.6760 0.324000001
 M801 5 2 0.0970 0.902999997
 M802 5 2 0.5595 0.440500021
 M803 5 2 0.2320 0.768000007
 M804 5 2 0.2405 0.759499997
 M805 5 2 0.7035 0.296500027
 M806 5 2 0.4555 0.544499993
 M807 5 2 0.7165 0.283500016
 M808 5 2 0.0525 0.947500002
 M809 5 2 0.8775 0.122500002
 M810 5 2 0.9615 0.038500011
 M811 5 2 0.9790 0.021000028
 M812 5 2 0.6180 0.382000029
 M813 5 2 0.6925 0.307500005
 M814 5 2 0.4705 0.529500008
 M815 5 2 0.5680 0.431999981
 M816 5 2 0.4535 0.546499997
 M817 5 2 0.4460 0.553999990
 M818 5 2 0.5405 0.459500015
 M819 5 2 0.8520 0.148000002
 M820 5 2 0.6790 0.320999980
 M821 5 2 0.2770 0.722999990
 M822 5 2 0.1880 0.812000006
 M823 5 2 0.3605 0.639499992
 M824 5 2 0.9720 0.027999997
 M825 5 2 0.3640 0.636000007
 M826 5 2 0.1945 0.805500001
 M827 5 2 0.5030 0.496999979
 M828 5 2 0.2845 0.715499997
 M829 5 2 0.6105 0.389500022
 M830 5 2 0.4225 0.577499986
 M831 5 2 0.0510 0.949000001
 M832 5 2 0.1830 0.817000002
 M833 5 2 0.4340 0.566000015
 M834 5 2 0.0520 0.947999999
 M835 5 2 0.8810 0.119000018
 M836 5 2 0.2530 0.747000009
 M837 5 2 0.0980 0.902000003
 M838 5 2 0.1030 0.897000000
 M839 5 2 0.0930 0.906999998
 M840 5 2 0.2125 0.787499994
 M841 5 2 0.1355 0.864500001
 M842 5 2 0.8575 0.142499983
 M843 5 2 0.9040 0.096000016
 M844 5 2 0.1735 0.826499999
 M845 5 2 0.9505 0.049499989
 M846 5 2 0.6820 0.318000019
 M847 5 2 0.1590 0.841000006
 M848 5 2 0.4500 0.550000012
 M849 5 2 0.2960 0.703999996
 M850 5 2 0.8110 0.189000010
 M851 5 2 0.7895 0.210500002
 M852 5 2 0.0980 0.902000003
 M853 5 2 0.0830 0.917000003
 M854 5 2 0.5480 0.452000022
 M855 5 2 0.3905 0.609499991
 M856 5 2 0.7475 0.252499998
 M857 5 2 0.4800 0.520000011
 M858 5 2 0.7830 0.217000008
 M859 5 2 0.6795 0.320500016
 M860 5 2 0.9285 0.071500003
 M861 5 2 0.4395 0.560499996
 M862 5 2 0.7480 0.251999974
 M863 5 2 0.9670 0.032999992
 M864 5 2 0.2035 0.796499997
 M865 5 2 0.0505 0.949499998
 M866 5 2 0.8485 0.151499987
 M867 5 2 0.3075 0.692499995
 M868 5 2 0.2530 0.747000009
 M869 5 2 0.7545 0.245500028
 M870 5 2 0.3490 0.650999993
 M871 5 2 0.2450 0.754999995
 M872 5 2 0.9330 0.066999972
 M873 5 2 0.2865 0.713499993
 M874 5 2 0.3620 0.638000011
 M875 5 2 0.2070 0.792999998
 M876 5 2 0.3960 0.604000002
 M877 5 2 0.1245 0.875500001
 M878 5 2 0.3255 0.674499989
 M879 5 2 0.4360 0.564000010
 M880 5 2 0.5240 0.476000011
 M881 5 2 0.8055 0.194500029
 M882 5 2 0.6655 0.334500015
 M883 5 2 0.7140 0.286000013
 M884 5 2 0.7685 0.231500030
 M885 5 2 0.3245 0.675500005
 M886 5 2 0.7935 0.206499994
 M887 5 2 0.6035 0.396499991
 M888 5 2 0.3760 0.624000013
 M889 5 2 0.4475 0.552500010
 M890 5 2 0.3055 0.694499999
 M891 5 2 0.8950 0.105000019
 M892 5 2 0.3375 0.662499994
 M893 5 2 0.2995 0.700500011
 M894 5 2 0.2070 0.792999998
 M895 5 2 0.4855 0.514499992
 M896 5 2 0.2075 0.792500004
 M897 5 2 0.1350 0.864999995
 M898 5 2 0.8470 0.152999997
 M899 5 2 0.3650 0.634999990
 M900 5 2 0.5275 0.472500026
 M901 5 2 0.2620 0.738000005
 M902 5 2 0.7725 0.227500021
 M903 5 2 0.5545 0.445500016
 M904 5 2 0.2640 0.736000001
 M905 5 2 0.8160 0.184000015
 M906 5 2 0.8525 0.147499979
 M907 5 2 0.5405 0.459500015
 M908 5 2 0.4010 0.599000007
 M909 5 2 0.5310 0.468999982
 M910 5 2 0.9285 0.071500003
 M911 5 2 0.4305 0.569499999
 M912 5 2 0.5325 0.467499971
 M913 5 2 0.8185 0.181500018
 M914 5 2 0.7100 0.290000021
 M915 5 2 0.8090 0.190999985
 M916 5 2 0.1040 0.895999998
 M917 5 2 0.3230 0.676999986
 M918 5 2 0.2495 0.750499994
 M919 5 2 0.3035 0.696500003
 M920 5 2 0.1655 0.834500000
 M921 5 2 0.7095 0.290499985
 M922 5 2 0.8460 0.153999984
 M923 5 2 0.4310 0.569000006
 M924 5 2 0.2670 0.733000010
 M925 5 2 0.3740 0.625999987
 M926 5 2 0.6505 0.349500000
 M927 5 2 0.1010 0.898999996
 M928 5 2 0.1450 0.855000004
 M929 5 2 0.3410 0.659000009
 M930 5 2 0.7965 0.203499973
 M931 5 2 0.6955 0.304499984
 M932 5 2 0.4275 0.572499990
 M933 5 2 0.5660 0.434000015
 M934 5 2 0.3060 0.694000006
 M935 5 2 0.8620 0.138000011
 M936 5 2 0.4855 0.514499992
 M937 5 2 0.3010 0.699000001
 M938 5 2 0.8220 0.177999973
 M939 5 2 0.2905 0.709500015
 M940 5 2 0.7595 0.240499973
 M941 5 2 0.1730 0.827000007
 M942 5 2 0.6670 0.333000004
 M943 5 2 0.3235 0.676499993
 M944 5 2 0.4265 0.573500007
 M945 5 2 0.3605 0.639499992
 M946 5 2 0.6810 0.319000006
 M947 5 2 0.0600 0.940000001
 M948 5 2 0.2565 0.743499994
 M949 5 2 0.8825 0.117500007
 M950 5 2 0.2200 0.780000001
 M951 5 2 0.2990 0.701000005
 M952 5 2 0.3235 0.676499993
 M953 5 2 0.5215 0.478500009
 M954 5 2 0.4590 0.541000009
 M955 5 2 0.7420 0.258000016
 M956 5 2 0.6180 0.382000029
 M957 5 2 0.0730 0.927000001
 M958 5 2 0.6185 0.381500006
 M959 5 2 0.3170 0.682999998
 M960 5 2 0.9340 0.065999985
 M961 5 2 0.2410 0.759000003
 M962 5 2 0.9115 0.088500023
 M963 5 2 0.2890 0.710999995
 M964 5 2 0.2265 0.773499995
 M965 5 2 0.0605 0.939500000
 M966 5 2 0.2920 0.708000004
 M967 5 2 0.5525 0.447499990
 M968 5 2 0.6805 0.319500029
 M969 5 2 0.4030 0.597000003
 M970 5 2 0.2560 0.743999988
 M971 5 2 0.1815 0.818499997
 M972 5 2 0.6330 0.366999984
 M973 5 2 0.6055 0.394500017
 M974 5 2 0.7170 0.282999992
 M975 5 2 0.6870 0.313000023
 M976 5 2 0.3980 0.601999998
 M977 5 2 0.3515 0.648499995
 M978 5 2 0.3590 0.641000003
 M979 5 2 0.6370 0.362999976
 M980 5 2 0.0195 0.980500000
 M981 5 2 0.0165 0.983500000
 M982 5 2 0.3600 0.639999986
 M983 5 2 0.6240 0.375999987
 M984 5 2 0.5505 0.449500024
 M985 5 2 0.1010 0.898999996
 M986 5 2 0.8055 0.194500029
 M987 5 2 0.7085 0.291499972
 M988 5 2 0.2815 0.718499988
 M989 5 2 0.2520 0.747999996
 M990 5 2 0.9075 0.092499971
 M991 5 2 0.8600 0.139999986
 M992 5 2 0.6770 0.323000014
 M993 5 2 0.0245 0.975500001
 M994 5 2 0.2555 0.744500011
 M995 5 2 0.4660 0.534000009
 M996 5 2 0.8060 0.194000006
 M997 5 2 0.4735 0.526499987
 M998 5 2 0.0910 0.909000002
 M999 5 2 0.6200 0.379999995
M1000 5 2 0.5725 0.427500010
M1001 5 2 0.8300 0.170000017
M1002 5 2 0.2560 0.743999988
M1003 5 2 0.7930 0.207000017
M1004 5 2 0.9450 0.055000007
M1005 5 2 0.0285 0.971500000
M1006 5 2 0.7380 0.262000024
M1007 5 2 0.7310 0.268999994
M1008 5 2 0.4560 0.544000000
M1009 5 2 0.8405 0.159500003
M1010 5 2 0.6495 0.350499988
M1011 5 2 0.8795 0.120500028
M1012 5 2 0.5255 0.474500000
M1013 5 2 0.6105 0.389500022
M1014 5 2 0.8945 0.105499983
M1015 5 2 0.5885 0.411499977
M1016 5 2 0.3695 0.630499989
M1017 5 2 0.6805 0.319500029
M1018 5 2 0.4685 0.531500012
M1019 5 2 0.6470 0.352999985
M1020 5 2 0.5980 0.402000010
M1021 5 2 0.7460 0.254000008
M1022 5 2 0.6995 0.300499976
M1023 5 2 0.1210 0.879000001
M1024 5 2 0.2880 0.712000012
M1025 5 2 0.5915 0.408500016
M1026 5 2 0.5625 0.437500000
M1027 5 2 0.3400 0.659999996
M1028 5 2 0.7710 0.228999972
M1029 5 2 0.2950 0.705000013
M1030 5 2 0.4830 0.516999990
M1031 5 2 0.7550 0.245000005
M1032 5 2 0.9725 0.027499974
M1033 5 2 0.0870 0.913000003
M1034 5 2 0.2695 0.730500013
M1035 5 2 0.4240 0.576000005
M1036 5 2 0.4685 0.531500012
M1037 5 2 0.4615 0.538500011
M1038 5 2 0.0100 0.990000000
M1039 5 2 0.7085 0.291499972
M1040 5 2 0.8055 0.194500029
M1041 5 2 0.6905 0.309499979
M1042 5 2 0.6340 0.365999997
M1043 5 2 0.3845 0.615500003
M1044 5 2 0.2030 0.797000006
M1045 5 2 0.2330 0.767000005
M1046 5 2 0.6165 0.383499980
M1047 5 2 0.5125 0.487500012
M1048 5 2 0.9190 0.080999970
M1049 5 2 0.0805 0.919500001
M1050 5 2 0.0605 0.939500000
M1051 5 2 0.5310 0.468999982
M1052 5 2 0.5375 0.462499976
M1053 5 2 0.9425 0.057500005
M1054 5 2 0.6495 0.350499988
M1055 5 2 0.4820 0.518000007
M1056 5 2 0.4385 0.561500013
M1057 5 2 0.6210 0.379000008
M1058 5 2 0.6555 0.344500005
M1059 5 2 0.1545 0.845500007
M1060 5 2 0.3345 0.665499985
M1061 5 2 0.5265 0.473500013
M1062 5 2 0.3110 0.689000010
M1063 5 2 0.0970 0.902999997
M1064 5 2 0.3440 0.655999988
M1065 5 2 0.2565 0.743499994
M1066 5 2 0.4815 0.518500000
M1067 5 2 0.3860 0.613999993
M1068 5 2 0.6920 0.308000028
M1069 5 2 0.3265 0.673500001
M1070 5 2 0.7095 0.290499985
M1071 5 2 0.2550 0.745000005
M1072 5 2 0.6390 0.361000001
M1073 5 2 0.2805 0.719500005
M1074 5 2 0.2275 0.772499993
M1075 5 2 0.3800 0.620000005
M1076 5 2 0.8855 0.114499986
M1077 5 2 0.5550 0.444999993
M1078 5 2 0.7165 0.283500016
M1079 5 2 0.9400 0.060000002
M1080 5 2 0.2480 0.752000004
M1081 5 2 0.2435 0.756500006
M1082 5 2 0.3790 0.620999992
M1083 5 2 0.2050 0.795000002
M1084 5 2 0.4400 0.560000002
M1085 5 2 0.5865 0.413500011
M1086 5 2 0.6100 0.389999986
M1087 5 2 0.9040 0.096000016
M1088 5 2 0.7255 0.274500012
M1089 5 2 0.3145 0.685499996
M1090 5 2 0.9415 0.058499992
M1091 5 2 0.7060 0.294000030
M1092 5 2 0.7880 0.212000012
M1093 5 2 0.6855 0.314499974
M1094 5 2 0.4980 0.502000004
M1095 5 2 0.6420 0.357999980
M1096 5 2 0.2690 0.731000006
M1097 5 2 0.7715 0.228500009
M1098 5 2 0.7650 0.235000014
M1099 5 2 0.6285 0.371500015
M1100 5 2 0.6800 0.319999993
M1101 5 2 0.4670 0.532999992
M1102 5 2 0.9405 0.059499979
M1103 5 2 0.8025 0.197499990
M1104 5 2 0.1475 0.852500007
M1105 5 2 0.8010 0.199000001
M1106 5 2 0.4030 0.597000003
M1107 5 2 0.2215 0.778500006
M1108 5 2 0.3265 0.673500001
M1109 5 2 0.9275 0.072499990
M1110 5 2 0.4965 0.503500015
M1111 5 2 0.4520 0.548000008
M1112 5 2 0.5235 0.476499975
M1113 5 2 0.7360 0.263999999
M1114 5 2 0.3565 0.643500000
M1115 5 2 0.8610 0.138999999
M1116 5 2 0.5095 0.490499973
M1117 5 2 0.0400 0.960000001
M1118 5 2 0.7305 0.269500017
M1119 5 2 0.6325 0.367500007
M1120 5 2 0.1555 0.844500005
M1121 5 2 0.8820 0.117999971
M1122 5 2 0.1620 0.838000000
M1123 5 2 0.8120 0.188000023
M1124 5 2 0.6350 0.365000010
M1125 5 2 0.2080 0.791999996
M1126 5 2 0.0445 0.955499999
M1127 5 2 0.1080 0.891999997
M1128 5 2 0.6255 0.374499977
M1129 5 2 0.5160 0.484000027
M1130 5 2 0.6475 0.352500021
M1131 5 2 0.4725 0.527500004
M1132 5 2 0.6295 0.370500028
M1133 5 2 0.6465 0.353500009
M1134 5 2 0.8795 0.120500028
M1135 5 2 0.3000 0.699999988
M1136 5 2 0.9235 0.076499999
M1137 5 2 0.1200 0.880000003
M1138 5 2 0.5950 0.404999971
M1139 5 2 0.3335 0.666500002
M1140 5 2 0.7030 0.296999991
M1141 5 2 0.1640 0.835999995
M1142 5 2 0.3505 0.649500012
M1143 5 2 0.6175 0.382499993
M1144 5 2 0.4960 0.504000008
M1145 5 2 0.2630 0.736999989
M1146 5 2 0.7535 0.246500015
M1147 5 2 0.3530 0.647000015
M1148 5 2 0.1970 0.803000003
M1149 5 2 0.1890 0.811000004
M1150 5 2 0.1095 0.890500002
M1151 5 2 0.3625 0.637499988
M1152 5 2 0.2575 0.742500007
M1153 5 2 0.2135 0.786500007
M1154 5 2 0.0710 0.928999998
M1155 5 2 0.3665 0.633500010
M1156 5 2 0.4355 0.564500004
M1157 5 2 0.7345 0.265500009
M1158 5 2 0.2095 0.790500000
M1159 5 2 0.2655 0.734499991
M1160 5 2 0.9760 0.023999989
M1161 5 2 0.1275 0.872500002
M1162 5 2 0.7295 0.270500004
M1163 5 2 0.1175 0.882500000
M1164 5 2 0.5490 0.450999975
M1165 5 2 0.6795 0.320500016
M1166 5 2 0.3780 0.622000009
M1167 5 2 0.4575 0.542499989
M1168 5 2 0.0255 0.974500000
M1169 5 2 0.5300 0.470000029
M1170 5 2 0.4980 0.502000004
M1171 5 2 0.1740 0.826000005
M1172 5 2 0.2390 0.761000007
M1173 5 2 0.8400 0.160000026
M1174 5 2 0.6060 0.393999994
M1175 5 2 0.3670 0.632999986
M1176 5 2 0.1205 0.879500002
M1177 5 2 0.6380 0.361999989
M1178 5 2 0.1260 0.873999998
M1179 5 2 0.5940 0.406000018
M1180 5 2 0.7490 0.250999987
M1181 5 2 0.9930 0.007000029
M1182 5 2 0.0195 0.980500000
M1183 5 2 0.3185 0.681499988
M1184 5 2 0.0660 0.934000000
M1185 5 2 0.8235 0.176500022
M1186 5 2 0.7335 0.266499996
M1187 5 2 0.5220 0.477999985
M1188 5 2 0.7300 0.269999981
M1189 5 2 0.2475 0.752499998
M1190 5 2 0.9090 0.091000021
M1191 5 2 0.6450 0.355000019
M1192 5 2 0.9090 0.091000021
M1193 5 2 0.3005 0.699499995
M1194 5 2 0.8540 0.146000028
M1195 5 2 0.4860 0.513999999
M1196 5 2 0.3335 0.666500002
M1197 5 2 0.6315 0.368499994
M1198 5 2 0.0620 0.938000001
M1199 5 2 0.0440 0.956000000
M1200 5 2 0.3210 0.678999990
M1201 5 2 0.3750 0.625000000
M1202 5 2 0.6475 0.352500021
M1203 5 2 0.2005 0.799500003
M1204 5 2 0.3265 0.673500001
M1205 5 2 0.7755 0.224500000
M1206 5 2 0.8030 0.197000027
M1207 5 2 0.1410 0.858999997
M1208 5 2 0.9375 0.062500000
M1209 5 2 0.0025 0.997500000
M1210 5 2 0.5735 0.426500022
M1211 5 2 0.8015 0.198499978
M1212 5 2 0.5150 0.485000014
M1213 5 2 0.9295 0.070500016
M1214 5 2 0.1395 0.860499993
M1215 5 2 0.1555 0.844500005
M1216 5 2 0.3875 0.612500012
M1217 5 2 0.9810 0.018999994
M1218 5 2 0.0910 0.909000002
M1219 5 2 0.5175 0.482500017
M1220 5 2 0.6185 0.381500006
M1221 5 2 0.4475 0.552500010
M1222 5 2 0.0805 0.919500001
M1223 5 2 0.2630 0.736999989
M1224 5 2 0.2190 0.781000003
M1225 5 2 0.4270 0.573000014
M1226 5 2 0.8970 0.102999985
M1227 5 2 0.9120 0.088000000
M1228 5 2 0.1860 0.813999996
M1229 5 2 0.9700 0.029999971
M1230 5 2 0.6755 0.324500024
M1231 5 2 0.7680 0.231999993
M1232 5 2 0.9055 0.094500005
M1233 5 2 0.8570 0.143000007
M1234 5 2 0.2985 0.701499999
M1235 5 2 0.5850 0.415000021
M1236 5 2 0.9675 0.032500029
M1237 5 2 0.5450 0.454999983
M1238 5 2 0.3955 0.604499996
M1239 5 2 0.0705 0.929499999
M1240 5 2 0.2755 0.724500000
M1241 5 2 0.1870 0.812999994
M1242 5 2 0.9670 0.032999992
M1243 5 2 0.7265 0.273500025
M1244 5 2 0.7590 0.240999997
M1245 5 2 0.0440 0.956000000
M1246 5 2 0.4105 0.589500010
M1247 5 2 0.9575 0.042500019
M1248 5 2 0.5825 0.417500019
M1249 5 2 0.6340 0.365999997
M1250 5 2 0.1875 0.812500000
M1251 5 2 0.8950 0.105000019
M1252 5 2 0.8365 0.163500011
M1253 5 2 0.8370 0.162999988
M1254 5 2 0.3005 0.699499995
M1255 5 2 0.5290 0.471000016
M1256 5 2 0.4560 0.544000000
M1257 5 2 0.0920 0.908000000
M1258 5 2 0.2665 0.733500004
M1259 5 2 0.7420 0.258000016
M1260 5 2 0.9015 0.098500013
M1261 5 2 0.7710 0.228999972
M1262 5 2 0.7740 0.226000011
M1263 5 2 0.8850 0.115000010
M1264 5 2 0.8705 0.129499972
M1265 5 2 0.5445 0.455500007
M1266 5 2 0.3655 0.634499997
M1267 5 2 0.7540 0.245999992
M1268 5 2 0.3220 0.678000003
M1269 5 2 0.6690 0.330999970
M1270 5 2 0.9505 0.049499989
M1271 5 2 0.9225 0.077499986
M1272 5 2 0.6370 0.362999976
M1273 5 2 0.1440 0.856000006
M1274 5 2 0.1950 0.805000007
M1275 5 2 0.8305 0.169499993
M1276 5 2 0.6835 0.316500008
M1277 5 2 0.1970 0.803000003
M1278 5 2 0.4430 0.557000011
M1279 5 2 0.2145 0.785500005
M1280 5 2 0.7290 0.271000028
M1281 5 2 0.2670 0.733000010
M1282 5 2 0.8905 0.109499991
M1283 5 2 0.0710 0.928999998
M1284 5 2 0.5650 0.435000002
M1285 5 2 0.2370 0.762999997
M1286 5 2 0.5840 0.416000009
M1287 5 2 0.7060 0.294000030
M1288 5 2 0.7170 0.282999992
M1289 5 2 0.4155 0.584500015
M1290 5 2 0.6610 0.338999987
M1291 5 2 0.5980 0.402000010
M1292 5 2 0.9670 0.032999992
M1293 5 2 0.2010 0.798999995
M1294 5 2 0.3730 0.627000004
M1295 5 2 0.7915 0.208500028
M1296 5 2 0.1435 0.856500000
M1297 5 2 0.6980 0.301999986
M1298 5 2 0.4075 0.592500001
M1299 5 2 0.8505 0.149500012
M1300 5 2 0.5300 0.470000029
M1301 5 2 0.0405 0.959500000
M1302 5 2 0.8000 0.199999988
M1303 5 2 0.8315 0.168500006
M1304 5 2 0.7050 0.295000017
M1305 5 2 0.1330 0.866999999
M1306 5 2 0.2875 0.712500006
M1307 5 2 0.5405 0.459500015
M1308 5 2 0.6805 0.319500029
M1309 5 2 0.5565 0.443499982
M1310 5 2 0.3960 0.604000002
M1311 5 2 0.6130 0.387000024
M1312 5 2 0.8645 0.135500014
M1313 5 2 0.5160 0.484000027
M1314 5 2 0.0840 0.916000001
M1315 5 2 0.8515 0.148500025
M1316 5 2 0.8815 0.118499994
M1317 5 2 0.2215 0.778500006
M1318 5 2 0.5855 0.414499998
M1319 5 2 0.6370 0.362999976
M1320 5 2 0.1745 0.825499997
M1321 5 2 0.4540 0.546000004
M1322 5 2 0.6740 0.325999975
M1323 5 2 0.1855 0.814500004
M1324 5 2 0.9915 0.008499980
M1325 5 2 0.9675 0.032500029
M1326 5 2 0.6885 0.311500013
M1327 5 2 0.8140 0.185999990
M1328 5 2 0.2135 0.786500007
M1329 5 2 0.8455 0.154500008
M1330 5 2 0.8295 0.170499980
M1331 5 2 0.6315 0.368499994
M1332 5 2 0.3870 0.613000005
M1333 5 2 0.8730 0.126999974
M1334 5 2 0.6305 0.369499981
M1335 5 2 0.5675 0.432500005
M1336 5 2 0.7435 0.256500006
M1337 5 2 0.4010 0.599000007
M1338 5 2 0.6940 0.305999994
M1339 5 2 0.2275 0.772499993
M1340 5 2 0.8145 0.185500026
M1341 5 2 0.3975 0.602499992
M1342 5 2 0.0325 0.967500001
M1343 5 2 0.0875 0.912500001
M1344 5 2 0.2620 0.738000005
M1345 5 2 0.4045 0.595499992
M1346 5 2 0.0340 0.965999998
M1347 5 2 0.8705 0.129499972
M1348 5 2 0.9765 0.023500025
M1349 5 2 0.8595 0.140500009
M1350 5 2 0.0510 0.949000001
M1351 5 3 0.0730 0.927000001
M1352 5 3 0.4430 0.557000011
M1353 5 3 0.5780 0.421999991
M1354 5 3 0.6750 0.324999988
M1355 5 3 0.1175 0.882500000
M1356 5 3 0.5885 0.411499977
M1357 5 3 0.5020 0.498000026
M1358 5 3 0.8345 0.165499985
M1359 5 3 0.6575 0.342499971
M1360 5 3 0.1440 0.856000006
M1361 5 3 0.6295 0.370500028
M1362 5 3 0.6050 0.394999981
M1363 5 3 0.0915 0.908500001
M1364 5 3 0.5095 0.490499973
M1365 5 3 0.8385 0.161499977
M1366 5 3 0.5650 0.435000002
M1367 5 3 0.0580 0.942000002
M1368 5 3 0.5650 0.435000002
M1369 5 3 0.1085 0.891500004
M1370 5 3 0.0470 0.953000002
M1371 5 3 0.4890 0.511000007
M1372 5 3 0.6105 0.389500022
M1373 5 3 0.1315 0.868499994
M1374 5 3 0.4755 0.524500012
M1375 5 3 0.2625 0.737500012
M1376 5 3 0.3465 0.653499991
M1377 5 3 0.8610 0.138999999
M1378 5 3 0.3475 0.652500004
M1379 5 3 0.1860 0.813999996
M1380 5 3 0.8100 0.189999998
M1381 5 3 0.6000 0.399999976
M1382 5 3 0.5005 0.499499977
M1383 5 3 0.1460 0.854000002
M1384 5 3 0.4120 0.588000000
M1385 5 3 0.5215 0.478500009
M1386 5 3 0.4545 0.545500010
M1387 5 3 0.5860 0.413999975
M1388 5 3 0.5165 0.483500004
M1389 5 3 0.9755 0.024500012
M1390 5 3 0.4810 0.518999994
M1391 5 3 0.4525 0.547500014
M1392 5 3 0.7300 0.269999981
M1393 5 3 0.3360 0.664000005
M1394 5 3 0.5525 0.447499990
M1395 5 3 0.6985 0.301500022
M1396 5 3 0.5690 0.430999994
M1397 5 3 0.8995 0.100499988
M1398 5 3 0.6210 0.379000008
M1399 5 3 0.3225 0.677500010
M1400 5 3 0.8465 0.153500021
M1401 5 3 0.7675 0.232500017
M1402 5 3 0.5520 0.448000014
M1403 5 3 0.3860 0.613999993
M1404 5 3 0.4760 0.523999989
M1405 5 3 0.4735 0.526499987
M1406 5 3 0.2075 0.792500004
M1407 5 3 0.5305 0.469500005
M1408 5 3 0.6105 0.389500022
M1409 5 3 0.0420 0.958000001
M1410 5 3 0.8995 0.100499988
M1411 5 3 0.5550 0.444999993
M1412 5 3 0.2870 0.713000000
M1413 5 3 0.3935 0.606500000
M1414 5 3 0.8515 0.148500025
M1415 5 3 0.1975 0.802499995
M1416 5 3 0.7555 0.244499981
M1417 5 3 0.4715 0.528499991
M1418 5 3 0.4800 0.520000011
M1419 5 3 0.2370 0.762999997
M1420 5 3 0.5295 0.470499992
M1421 5 3 0.2110 0.789000005
M1422 5 3 0.5495 0.450500011
M1423 5 3 0.6370 0.362999976
M1424 5 3 0.8200 0.180000007
M1425 5 3 0.6525 0.347500026
M1426 5 3 0.5145 0.485499978
M1427 5 3 0.9020 0.097999990
M1428 5 3 0.4550 0.544999987
M1429 5 3 0.1415 0.858500004
M1430 5 3 0.6380 0.361999989
M1431 5 3 0.6910 0.309000015
M1432 5 3 0.3575 0.642500013
M1433 5 3 0.9735 0.026499987
M1434 5 3 0.1540 0.846000001
M1435 5 3 0.2940 0.706000000
M1436 5 3 0.7290 0.271000028
M1437 5 3 0.7890 0.211000025
M1438 5 3 0.2880 0.712000012
M1439 5 3 0.3035 0.696500003
M1440 5 3 0.5775 0.422500014
M1441 5 3 0.5655 0.434499979
M1442 5 3 0.5795 0.420499980
M1443 5 3 0.2610 0.738999993
M1444 5 3 0.5665 0.433499992
M1445 5 3 0.6815 0.318499982
M1446 5 3 0.6280 0.371999979
M1447 5 3 0.6500 0.350000024
M1448 5 3 0.6375 0.362500012
M1449 5 3 0.0875 0.912500001
M1450 5 3 0.6300 0.370000005
M1451 5 3 0.2115 0.788499996
M1452 5 3 0.8600 0.139999986
M1453 5 3 0.6305 0.369499981
M1454 5 3 0.0295 0.970500000
M1455 5 3 0.4125 0.587500006
M1456 5 3 0.7330 0.267000020
M1457 5 3 0.1315 0.868499994
M1458 5 3 0.2700 0.729999989
M1459 5 3 0.1420 0.857999995
M1460 5 3 0.6710 0.328999996
M1461 5 3 0.8570 0.143000007
M1462 5 3 0.6055 0.394500017
M1463 5 3 0.1885 0.811499998
M1464 5 3 0.6920 0.308000028
M1465 5 3 0.8715 0.128499985
M1466 5 3 0.5980 0.402000010
M1467 5 3 0.7155 0.284500003
M1468 5 3 0.4640 0.536000013
M1469 5 3 0.2675 0.732499987
M1470 5 3 0.0675 0.932499997
M1471 5 3 0.1065 0.893500000
M1472 5 3 0.5595 0.440500021
M1473 5 3 0.4660 0.534000009
M1474 5 3 0.5740 0.425999999
M1475 5 3 0.7525 0.247500002
M1476 5 3 0.6005 0.399500012
M1477 5 3 0.5810 0.419000030
M1478 5 3 0.3480 0.652000010
M1479 5 3 0.4000 0.599999994
M1480 5 3 0.4965 0.503500015
M1481 5 3 0.3070 0.692999989
M1482 5 3 0.7445 0.255500019
M1483 5 3 0.4305 0.569499999
M1484 5 3 0.6760 0.324000001
M1485 5 3 0.4990 0.500999987
M1486 5 3 0.6230 0.376999974
M1487 5 3 0.8625 0.137499988
M1488 5 3 0.6200 0.379999995
M1489 5 3 0.6905 0.309499979
M1490 5 3 0.0000 1.000000000
M1491 5 3 0.0095 0.990500000
M1492 5 3 0.6720 0.328000009
M1493 5 3 0.8455 0.154500008
M1494 5 3 0.4190 0.581000000
M1495 5 3 0.3025 0.697499990
M1496 5 3 0.5575 0.442499995
M1497 5 3 0.5350 0.464999974
M1498 5 3 0.6820 0.318000019
M1499 5 3 0.4775 0.522500008
M1500 5 3 0.4995 0.500499994
M1501 5 3 0.7240 0.276000023
M1502 5 3 0.7045 0.295499980
M1503 5 3 0.1575 0.842500001
M1504 5 3 0.7035 0.296500027
M1505 5 3 0.4585 0.541500002
M1506 5 3 0.6870 0.313000023
M1507 5 3 0.1240 0.876000002
M1508 5 3 0.2105 0.789499998
M1509 5 3 0.0325 0.967500001
M1510 5 3 0.5490 0.450999975
M1511 5 3 0.7205 0.279500008
M1512 5 3 0.9575 0.042500019
M1513 5 3 0.6050 0.394999981
M1514 5 3 0.0875 0.912500001
M1515 5 3 0.6125 0.387499988
M1516 5 3 0.4170 0.583000004
M1517 5 3 0.1510 0.849000007
M1518 5 3 0.9565 0.043500006
M1519 5 3 0.3440 0.655999988
M1520 5 3 0.3495 0.650500000
M1521 5 3 0.3985 0.601500005
M1522 5 3 0.6075 0.392499983
M1523 5 3 0.4395 0.560499996
M1524 5 3 0.2010 0.798999995
M1525 5 3 0.9115 0.088500023
M1526 5 3 0.2385 0.761500001
M1527 5 3 0.9305 0.069500029
M1528 5 3 0.5240 0.476000011
M1529 5 3 0.6340 0.365999997
M1530 5 3 0.3865 0.613499999
M1531 5 3 0.0115 0.988500000
M1532 5 3 0.5850 0.415000021
M1533 5 3 0.8300 0.170000017
M1534 5 3 0.5265 0.473500013
M1535 5 3 0.5050 0.495000005
M1536 5 3 0.6505 0.349500000
M1537 5 3 0.6030 0.397000015
M1538 5 3 0.7880 0.212000012
M1539 5 3 0.4665 0.533499986
M1540 5 3 0.5130 0.486999989
M1541 5 3 0.2975 0.702499986
M1542 5 3 0.1830 0.817000002
M1543 5 3 0.3230 0.676999986
M1544 5 3 0.3370 0.662999988
M1545 5 3 0.3365 0.663500011
M1546 5 3 0.2435 0.756500006
M1547 5 3 0.7590 0.240999997
M1548 5 3 0.8325 0.167500019
M1549 5 3 0.5305 0.469500005
M1550 5 3 0.2435 0.756500006
M1551 5 3 0.7220 0.277999997
M1552 5 3 0.1855 0.814500004
M1553 5 3 0.8105 0.189499974
M1554 5 3 0.6510 0.348999977
M1555 5 3 0.1385 0.861499995
M1556 5 3 0.5780 0.421999991
M1557 5 3 0.8485 0.151499987
M1558 5 3 0.3565 0.643500000
M1559 5 3 0.6495 0.350499988
M1560 5 3 0.7435 0.256500006
M1561 5 3 0.5835 0.416499972
M1562 5 3 0.8630 0.137000024
M1563 5 3 0.3695 0.630499989
M1564 5 3 0.6070 0.393000007
M1565 5 3 0.8835 0.116500020
M1566 5 3 0.8365 0.163500011
M1567 5 3 0.8645 0.135500014
M1568 5 3 0.9380 0.061999977
M1569 5 3 0.4330 0.567000002
M1570 5 3 0.4335 0.566500008
M1571 5 3 0.7535 0.246500015
M1572 5 3 0.7625 0.237500012
M1573 5 3 0.1805 0.819499999
M1574 5 3 0.2805 0.719500005
M1575 5 3 0.2345 0.765499994
M1576 5 3 0.5580 0.441999972
M1577 5 3 0.8755 0.124499977
M1578 5 3 0.1500 0.849999994
M1579 5 3 0.0365 0.963500001
M1580 5 3 0.5225 0.477500021
M1581 5 3 0.2455 0.754500002
M1582 5 3 0.1265 0.873500004
M1583 5 3 0.2380 0.761999995
M1584 5 3 0.6490 0.351000011
M1585 5 3 0.5635 0.436500013
M1586 5 3 0.4935 0.506500006
