ID Generation Chr Freq.Allele1 Freq.Allele2
   M1 4 1 0.2520 0.747999996
   M2 4 1 0.3645 0.635500014
   M3 4 1 0.6955 0.304499984
   M4 4 1 0.6855 0.314499974
   M5 4 1 0.0370 0.963000000
   M6 4 1 0.6065 0.393499970
   M7 4 1 0.5545 0.445500016
   M8 4 1 0.4520 0.548000008
   M9 4 1 0.2970 0.703000009
  M10 4 1 0.7325 0.267499983
  M11 4 1 0.6610 0.338999987
  M12 4 1 0.6815 0.318499982
  M13 4 1 0.9870 0.013000011
  M14 4 1 0.8635 0.136500001
  M15 4 1 0.7535 0.246500015
  M16 4 1 0.6830 0.316999972
  M17 4 1 0.2530 0.747000009
  M18 4 1 0.5555 0.444500029
  M19 4 1 0.4915 0.508500010
  M20 4 1 0.9535 0.046500027
  M21 4 1 0.6770 0.323000014
  M22 4 1 0.3575 0.642500013
  M23 4 1 0.5895 0.410499990
  M24 4 1 0.0420 0.958000001
  M25 4 1 0.6665 0.333500028
  M26 4 1 0.5715 0.428499997
  M27 4 1 0.4825 0.517500013
  M28 4 1 0.6630 0.337000012
  M29 4 1 0.4375 0.562500000
  M30 4 1 0.6745 0.325500011
  M31 4 1 0.0350 0.965000000
  M32 4 1 0.2950 0.705000013
  M33 4 1 0.8780 0.121999979
  M34 4 1 0.3270 0.673000008
  M35 4 1 0.7250 0.274999976
  M36 4 1 0.4950 0.504999995
  M37 4 1 0.8040 0.195999980
  M38 4 1 0.2675 0.732499987
  M39 4 1 0.3090 0.691000015
  M40 4 1 0.7270 0.273000002
  M41 4 1 0.8045 0.195500016
  M42 4 1 0.6065 0.393499970
  M43 4 1 0.7230 0.277000010
  M44 4 1 0.7450 0.254999995
  M45 4 1 0.6680 0.332000017
  M46 4 1 0.0825 0.917499997
  M47 4 1 0.2820 0.717999995
  M48 4 1 0.4280 0.571999997
  M49 4 1 0.3185 0.681499988
  M50 4 1 0.4630 0.537000000
  M51 4 1 0.4000 0.599999994
  M52 4 1 0.7695 0.230499983
  M53 4 1 0.4080 0.592000008
  M54 4 1 0.5580 0.441999972
  M55 4 1 0.1840 0.816000000
  M56 4 1 0.2635 0.736499995
  M57 4 1 0.4650 0.534999996
  M58 4 1 0.4700 0.530000001
  M59 4 1 0.8035 0.196500003
  M60 4 1 0.6395 0.360499978
  M61 4 1 0.7610 0.239000022
  M62 4 1 0.3915 0.608500004
  M63 4 1 0.3210 0.678999990
  M64 4 1 0.4405 0.559500009
  M65 4 1 0.9180 0.082000017
  M66 4 1 0.6580 0.342000008
  M67 4 1 0.3845 0.615500003
  M68 4 1 0.5825 0.417500019
  M69 4 1 0.7395 0.260500014
  M70 4 1 0.3430 0.657000005
  M71 4 1 0.6090 0.390999973
  M72 4 1 0.4895 0.510500014
  M73 4 1 0.6600 0.339999974
  M74 4 1 0.6555 0.344500005
  M75 4 1 0.6250 0.375000000
  M76 4 1 0.4825 0.517500013
  M77 4 1 0.5830 0.416999996
  M78 4 1 0.2950 0.705000013
  M79 4 1 0.4120 0.588000000
  M80 4 1 0.2530 0.747000009
  M81 4 1 0.8175 0.182500005
  M82 4 1 0.3960 0.604000002
  M83 4 1 0.3150 0.685000002
  M84 4 1 0.1320 0.868000001
  M85 4 1 0.0865 0.913500004
  M86 4 1 0.6440 0.356000006
  M87 4 1 0.6830 0.316999972
  M88 4 1 0.1265 0.873500004
  M89 4 1 0.5510 0.449000001
  M90 4 1 0.8425 0.157500029
  M91 4 1 0.8960 0.103999972
  M92 4 1 0.8555 0.144500017
  M93 4 1 0.0560 0.943999998
  M94 4 1 0.3950 0.604999989
  M95 4 1 0.2715 0.728500009
  M96 4 1 0.7120 0.287999988
  M97 4 1 0.7630 0.236999989
  M98 4 1 0.4525 0.547500014
  M99 4 1 0.7465 0.253499985
 M100 4 1 0.6745 0.325500011
 M101 4 1 0.2815 0.718499988
 M102 4 1 0.0855 0.914499998
 M103 4 1 0.0615 0.938499998
 M104 4 1 0.7130 0.287000000
 M105 4 1 0.6915 0.308499992
 M106 4 1 0.8785 0.121500015
 M107 4 1 0.4675 0.532499999
 M108 4 1 0.6885 0.311500013
 M109 4 1 0.3855 0.614499986
 M110 4 1 0.3085 0.691500008
 M111 4 1 0.7995 0.200500011
 M112 4 1 0.3010 0.699000001
 M113 4 1 0.5280 0.472000003
 M114 4 1 0.6550 0.345000029
 M115 4 1 0.7795 0.220499992
 M116 4 1 0.2615 0.738499999
 M117 4 1 0.2415 0.758499995
 M118 4 1 0.7520 0.248000026
 M119 4 1 0.3495 0.650500000
 M120 4 1 0.0945 0.905500002
 M121 4 1 0.5550 0.444999993
 M122 4 1 0.2505 0.749500006
 M123 4 1 0.7135 0.286499977
 M124 4 1 0.7315 0.268499970
 M125 4 1 0.9340 0.065999985
 M126 4 1 0.4390 0.560999990
 M127 4 1 0.8590 0.140999973
 M128 4 1 0.4640 0.536000013
 M129 4 1 0.3060 0.694000006
 M130 4 1 0.4935 0.506500006
 M131 4 1 0.4805 0.519499987
 M132 4 1 0.6690 0.330999970
 M133 4 1 0.6920 0.308000028
 M134 4 1 0.3535 0.646499991
 M135 4 1 0.3930 0.606999993
 M136 4 1 0.1075 0.892499998
 M137 4 1 0.7715 0.228500009
 M138 4 1 0.7915 0.208500028
 M139 4 1 0.2755 0.724500000
 M140 4 1 0.4705 0.529500008
 M141 4 1 0.3750 0.625000000
 M142 4 1 0.2270 0.773000002
 M143 4 1 0.4350 0.564999998
 M144 4 1 0.3650 0.634999990
 M145 4 1 0.7075 0.292500019
 M146 4 1 0.4250 0.574999988
 M147 4 1 0.9320 0.068000019
 M148 4 1 0.4485 0.551499993
 M149 4 1 0.2860 0.713999987
 M150 4 1 0.2525 0.747500002
 M151 4 1 0.1165 0.883500002
 M152 4 1 0.0570 0.943000000
 M153 4 1 0.5915 0.408500016
 M154 4 1 0.3615 0.638500005
 M155 4 1 0.2625 0.737500012
 M156 4 1 0.2985 0.701499999
 M157 4 1 0.7540 0.245999992
 M158 4 1 0.5940 0.406000018
 M159 4 1 0.7530 0.246999979
 M160 4 1 0.4300 0.569999993
 M161 4 1 0.8600 0.139999986
 M162 4 1 0.6120 0.388000011
 M163 4 1 0.6990 0.300999999
 M164 4 1 0.9160 0.083999991
 M165 4 1 0.3570 0.643000007
 M166 4 1 0.2295 0.770500004
 M167 4 1 0.0305 0.969500000
 M168 4 1 0.4605 0.539499998
 M169 4 1 0.5855 0.414499998
 M170 4 1 0.4785 0.521499991
 M171 4 1 0.5265 0.473500013
 M172 4 1 0.0315 0.968499999
 M173 4 1 0.1615 0.838499993
 M174 4 1 0.7865 0.213500023
 M175 4 1 0.4810 0.518999994
 M176 4 1 0.5325 0.467499971
 M177 4 1 0.4305 0.569499999
 M178 4 1 0.8135 0.186500013
 M179 4 1 0.8720 0.128000021
 M180 4 1 0.1575 0.842500001
 M181 4 1 0.5425 0.457499981
 M182 4 1 0.5970 0.402999997
 M183 4 1 0.6820 0.318000019
 M184 4 1 0.3490 0.650999993
 M185 4 1 0.5350 0.464999974
 M186 4 1 0.6705 0.329500020
 M187 4 1 0.7360 0.263999999
 M188 4 1 0.1385 0.861499995
 M189 4 1 0.3015 0.698500007
 M190 4 1 0.8700 0.129999995
 M191 4 1 0.5685 0.431500018
 M192 4 1 0.1250 0.875000000
 M193 4 1 0.6605 0.339500010
 M194 4 1 0.8260 0.174000025
 M195 4 1 0.3300 0.669999987
 M196 4 1 0.8920 0.107999980
 M197 4 1 0.1905 0.809499994
 M198 4 1 0.1600 0.840000004
 M199 4 1 0.1175 0.882500000
 M200 4 1 0.8765 0.123499990
 M201 4 1 0.3965 0.603500009
 M202 4 1 0.7400 0.259999990
 M203 4 1 0.8635 0.136500001
 M204 4 1 0.7400 0.259999990
 M205 4 1 0.6900 0.310000002
 M206 4 1 0.3935 0.606500000
 M207 4 1 0.2815 0.718499988
 M208 4 1 0.4945 0.505499989
 M209 4 1 0.3995 0.600499988
 M210 4 1 0.6210 0.379000008
 M211 4 1 0.4405 0.559500009
 M212 4 1 0.2835 0.716500014
 M213 4 1 0.1795 0.820500001
 M214 4 1 0.5800 0.420000017
 M215 4 1 0.8000 0.199999988
 M216 4 1 0.2895 0.710500002
 M217 4 1 0.1705 0.829500005
 M218 4 1 0.8960 0.103999972
 M219 4 1 0.5615 0.438499987
 M220 4 1 0.8905 0.109499991
 M221 4 1 0.3955 0.604499996
 M222 4 1 0.7490 0.250999987
 M223 4 1 0.7255 0.274500012
 M224 4 1 0.6785 0.321500003
 M225 4 1 0.9190 0.080999970
 M226 4 1 0.7085 0.291499972
 M227 4 1 0.6505 0.349500000
 M228 4 1 0.8840 0.115999997
 M229 4 1 0.6555 0.344500005
 M230 4 1 0.6655 0.334500015
 M231 4 1 0.3375 0.662499994
 M232 4 1 0.2350 0.765000001
 M233 4 1 0.1265 0.873500004
 M234 4 1 0.1270 0.872999996
 M235 4 1 0.5840 0.416000009
 M236 4 1 0.6625 0.337499976
 M237 4 1 0.9815 0.018499970
 M238 4 1 0.4500 0.550000012
 M239 4 1 0.0025 0.997500000
 M240 4 1 0.9355 0.064499974
 M241 4 1 0.5255 0.474500000
 M242 4 1 0.9075 0.092499971
 M243 4 1 0.3715 0.628500015
 M244 4 1 0.5435 0.456499994
 M245 4 1 0.1965 0.803499997
 M246 4 1 0.3050 0.694999993
 M247 4 1 0.0750 0.924999997
 M248 4 1 0.8170 0.183000028
 M249 4 1 0.9595 0.040499985
 M250 4 1 0.4570 0.543000013
 M251 4 1 0.8025 0.197499990
 M252 4 1 0.7035 0.296500027
 M253 4 1 0.5240 0.476000011
 M254 4 1 0.8490 0.151000023
 M255 4 1 0.0445 0.955499999
 M256 4 1 0.7310 0.268999994
 M257 4 1 0.5190 0.481000006
 M258 4 1 0.6130 0.387000024
 M259 4 1 0.2800 0.719999999
 M260 4 1 0.3400 0.659999996
 M261 4 1 0.2150 0.784999996
 M262 4 1 0.9025 0.097500026
 M263 4 1 0.3950 0.604999989
 M264 4 1 0.7040 0.296000004
 M265 4 1 0.2845 0.715499997
 M266 4 1 0.1420 0.857999995
 M267 4 1 0.2725 0.727499992
 M268 4 1 0.7345 0.265500009
 M269 4 1 0.4975 0.502499998
 M270 4 1 0.1005 0.899499997
 M271 4 1 0.0410 0.958999999
 M272 4 1 0.5455 0.454500020
 M273 4 1 0.5655 0.434499979
 M274 4 1 0.5150 0.485000014
 M275 4 1 0.9420 0.058000028
 M276 4 1 0.0000 1.000000000
 M277 4 1 0.8450 0.154999971
 M278 4 1 0.6220 0.378000021
 M279 4 1 0.4155 0.584500015
 M280 4 1 0.8060 0.194000006
 M281 4 1 0.5545 0.445500016
 M282 4 1 0.6020 0.398000002
 M283 4 1 0.6580 0.342000008
 M284 4 1 0.3705 0.629500002
 M285 4 1 0.8440 0.156000018
 M286 4 1 0.7675 0.232500017
 M287 4 1 0.4400 0.560000002
 M288 4 1 0.4795 0.520500004
 M289 4 1 0.3740 0.625999987
 M290 4 1 0.0495 0.950500000
 M291 4 1 0.2195 0.780499995
 M292 4 1 0.6415 0.358500004
 M293 4 1 0.2870 0.713000000
 M294 4 1 0.5795 0.420499980
 M295 4 1 0.9305 0.069500029
 M296 4 1 0.6665 0.333500028
 M297 4 1 0.4680 0.532000005
 M298 4 1 0.9350 0.064999998
 M299 4 1 0.8080 0.191999972
 M300 4 1 0.1790 0.820999995
 M301 4 1 0.0530 0.947000001
 M302 4 1 0.5580 0.441999972
 M303 4 1 0.3645 0.635500014
 M304 4 1 0.2540 0.745999992
 M305 4 1 0.1960 0.804000005
 M306 4 1 0.9440 0.055999994
 M307 4 1 0.1705 0.829500005
 M308 4 1 0.7205 0.279500008
 M309 4 1 0.3115 0.688499987
 M310 4 1 0.7600 0.240000010
 M311 4 1 0.9440 0.055999994
 M312 4 1 0.1865 0.813500002
 M313 4 1 0.4700 0.530000001
 M314 4 1 0.6075 0.392499983
 M315 4 1 0.9985 0.001500010
 M316 4 1 0.1275 0.872500002
 M317 4 1 0.0340 0.965999998
 M318 4 1 0.2305 0.769500002
 M319 4 1 0.1855 0.814500004
 M320 4 1 0.4540 0.546000004
 M321 4 1 0.1930 0.806999996
 M322 4 1 0.5230 0.476999998
 M323 4 1 0.7125 0.287500024
 M324 4 1 0.6420 0.357999980
 M325 4 1 0.6310 0.369000018
 M326 4 1 0.3115 0.688499987
 M327 4 1 0.3660 0.634000003
 M328 4 1 0.5505 0.449500024
 M329 4 1 0.3415 0.658499986
 M330 4 1 0.2380 0.761999995
 M331 4 1 0.6420 0.357999980
 M332 4 1 0.5495 0.450500011
 M333 4 1 0.4445 0.555500001
 M334 4 1 0.6595 0.340499997
 M335 4 1 0.6760 0.324000001
 M336 4 1 0.3395 0.660499990
 M337 4 1 0.7320 0.268000007
 M338 4 1 0.5425 0.457499981
 M339 4 1 0.7650 0.235000014
 M340 4 1 0.4920 0.507999986
 M341 4 1 0.5260 0.473999977
 M342 4 1 0.4900 0.509999990
 M343 4 1 0.6925 0.307500005
 M344 4 1 0.4330 0.567000002
 M345 4 1 0.5565 0.443499982
 M346 4 1 0.6710 0.328999996
 M347 4 1 0.4625 0.537499994
 M348 4 1 0.9925 0.007499993
 M349 4 1 0.4535 0.546499997
 M350 4 1 0.4045 0.595499992
 M351 4 1 0.2965 0.703500003
 M352 4 1 0.2890 0.710999995
 M353 4 1 0.8120 0.188000023
 M354 4 1 0.3215 0.678499997
 M355 4 1 0.6320 0.367999971
 M356 4 1 0.4335 0.566500008
 M357 4 1 0.2150 0.784999996
 M358 4 1 0.4095 0.590499997
 M359 4 1 0.7320 0.268000007
 M360 4 1 0.1545 0.845500007
 M361 4 1 0.2940 0.706000000
 M362 4 1 0.8535 0.146499991
 M363 4 1 0.5665 0.433499992
 M364 4 1 0.7030 0.296999991
 M365 4 1 0.6445 0.355499983
 M366 4 1 0.7550 0.245000005
 M367 4 1 0.1890 0.811000004
 M368 4 1 0.6070 0.393000007
 M369 4 1 0.3055 0.694499999
 M370 4 1 0.0770 0.923000000
 M371 4 1 0.9625 0.037500024
 M372 4 1 0.1420 0.857999995
 M373 4 1 0.3595 0.640500009
 M374 4 1 0.3495 0.650500000
 M375 4 1 0.8480 0.152000010
 M376 4 1 0.8800 0.120000005
 M377 4 1 0.9520 0.047999978
 M378 4 1 0.4435 0.556499988
 M379 4 1 0.2105 0.789499998
 M380 4 1 0.9930 0.007000029
 M381 4 1 0.7965 0.203499973
 M382 4 1 0.4655 0.534500003
 M383 4 1 0.1320 0.868000001
 M384 4 1 0.2275 0.772499993
 M385 4 1 0.4595 0.540499985
 M386 4 1 0.0000 1.000000000
 M387 4 1 0.7920 0.208000004
 M388 4 1 0.2080 0.791999996
 M389 4 1 0.8495 0.150500000
 M390 4 1 0.9590 0.041000009
 M391 4 1 0.0905 0.909500003
 M392 4 1 0.4245 0.575500011
 M393 4 1 0.7580 0.241999984
 M394 4 1 0.4915 0.508500010
 M395 4 1 0.9785 0.021499991
 M396 4 1 0.1545 0.845500007
 M397 4 1 0.8495 0.150500000
 M398 4 1 0.6110 0.388999999
 M399 4 1 0.4925 0.507499993
 M400 4 1 0.0995 0.900500000
 M401 4 1 0.5490 0.450999975
 M402 4 1 0.7985 0.201499999
 M403 4 1 0.6450 0.355000019
 M404 4 1 0.1985 0.801499993
 M405 4 1 0.5170 0.482999980
 M406 4 1 0.1245 0.875500001
 M407 4 1 0.8410 0.158999979
 M408 4 1 0.3990 0.601000011
 M409 4 1 0.2110 0.789000005
 M410 4 1 0.4465 0.553499997
 M411 4 1 0.0930 0.906999998
 M412 4 1 0.0115 0.988500000
 M413 4 1 0.1325 0.867500007
 M414 4 1 0.5215 0.478500009
 M415 4 1 0.1490 0.850999996
 M416 4 1 0.5305 0.469500005
 M417 4 1 0.5500 0.449999988
 M418 4 1 0.1365 0.863499999
 M419 4 1 0.6545 0.345499992
 M420 4 1 0.7460 0.254000008
 M421 4 1 0.7750 0.225000024
 M422 4 1 0.6780 0.322000027
 M423 4 1 0.2920 0.708000004
 M424 4 1 0.6670 0.333000004
 M425 4 1 0.3350 0.664999992
 M426 4 1 0.5610 0.439000010
 M427 4 1 0.4910 0.509000003
 M428 4 1 0.8405 0.159500003
 M429 4 1 0.8550 0.144999981
 M430 4 1 0.5940 0.406000018
 M431 4 1 0.3710 0.629000008
 M432 4 1 0.9020 0.097999990
 M433 4 1 0.1960 0.804000005
 M434 4 1 0.6940 0.305999994
 M435 4 1 0.2510 0.749000013
 M436 4 1 0.3720 0.627999991
 M437 4 1 0.1515 0.848499998
 M438 4 1 0.1625 0.837500006
 M439 4 1 0.2230 0.776999995
 M440 4 1 0.6855 0.314499974
 M441 4 1 0.2330 0.767000005
 M442 4 1 0.5660 0.434000015
 M443 4 1 0.4865 0.513500005
 M444 4 1 0.7315 0.268499970
 M445 4 1 0.8615 0.138499975
 M446 4 1 0.8475 0.152499974
 M447 4 1 0.8955 0.104499996
 M448 4 1 0.4585 0.541500002
 M449 4 1 0.7890 0.211000025
 M450 4 1 0.5375 0.462499976
 M451 4 1 0.0645 0.935500003
 M452 4 1 0.4445 0.555500001
 M453 4 1 0.6445 0.355499983
 M454 4 1 0.7100 0.290000021
 M455 4 2 0.4220 0.578000009
 M456 4 2 0.5090 0.490999997
 M457 4 2 0.7430 0.257000029
 M458 4 2 0.6670 0.333000004
 M459 4 2 0.2520 0.747999996
 M460 4 2 0.4330 0.567000002
 M461 4 2 0.6330 0.366999984
 M462 4 2 0.1250 0.875000000
 M463 4 2 0.7150 0.285000026
 M464 4 2 0.6065 0.393499970
 M465 4 2 0.1430 0.856999993
 M466 4 2 0.1665 0.833499998
 M467 4 2 0.4740 0.525999993
 M468 4 2 0.3840 0.615999997
 M469 4 2 0.0730 0.927000001
 M470 4 2 0.1590 0.841000006
 M471 4 2 0.6315 0.368499994
 M472 4 2 0.0240 0.976000000
 M473 4 2 0.6480 0.351999998
 M474 4 2 0.0385 0.961500000
 M475 4 2 0.9200 0.079999983
 M476 4 2 0.7570 0.242999971
 M477 4 2 0.2820 0.717999995
 M478 4 2 0.8585 0.141499996
 M479 4 2 0.8860 0.114000022
 M480 4 2 0.1775 0.822500005
 M481 4 2 0.2930 0.706999987
 M482 4 2 0.8270 0.172999978
 M483 4 2 0.9110 0.088999987
 M484 4 2 0.7045 0.295499980
 M485 4 2 0.5805 0.419499993
 M486 4 2 0.4485 0.551499993
 M487 4 2 0.6085 0.391499996
 M488 4 2 0.4250 0.574999988
 M489 4 2 0.2995 0.700500011
 M490 4 2 0.1290 0.871000007
 M491 4 2 0.3700 0.629999995
 M492 4 2 0.9740 0.026000023
 M493 4 2 0.9790 0.021000028
 M494 4 2 0.5345 0.465499997
 M495 4 2 0.3235 0.676499993
 M496 4 2 0.1110 0.888999999
 M497 4 2 0.8820 0.117999971
 M498 4 2 0.9365 0.063499987
 M499 4 2 0.3560 0.643999994
 M500 4 2 0.6200 0.379999995
 M501 4 2 0.7565 0.243499994
 M502 4 2 0.4920 0.507999986
 M503 4 2 0.7735 0.226499975
 M504 4 2 0.6515 0.348500013
 M505 4 2 0.5200 0.480000019
 M506 4 2 0.4675 0.532499999
 M507 4 2 0.2655 0.734499991
 M508 4 2 0.2235 0.776500002
 M509 4 2 0.3180 0.682000011
 M510 4 2 0.9495 0.050499976
 M511 4 2 0.5730 0.426999986
 M512 4 2 0.8640 0.135999978
 M513 4 2 0.9460 0.054000020
 M514 4 2 0.7905 0.209500015
 M515 4 2 0.7200 0.279999971
 M516 4 2 0.2480 0.752000004
 M517 4 2 0.1150 0.884999998
 M518 4 2 0.6775 0.322499990
 M519 4 2 0.7360 0.263999999
 M520 4 2 0.8245 0.175499976
 M521 4 2 1.0000 0.000000000
 M522 4 2 0.3100 0.689999998
 M523 4 2 0.4635 0.536500007
 M524 4 2 0.6535 0.346499979
 M525 4 2 0.1585 0.841499999
 M526 4 2 0.7560 0.244000018
 M527 4 2 0.3940 0.606000006
 M528 4 2 0.2160 0.783999994
 M529 4 2 0.8460 0.153999984
 M530 4 2 0.8795 0.120500028
 M531 4 2 0.3095 0.690499991
 M532 4 2 0.4675 0.532499999
 M533 4 2 0.2140 0.785999998
 M534 4 2 0.2940 0.706000000
 M535 4 2 0.6710 0.328999996
 M536 4 2 0.2515 0.748499990
 M537 4 2 0.7785 0.221499979
 M538 4 2 0.5880 0.412000000
 M539 4 2 0.9520 0.047999978
 M540 4 2 0.1380 0.862000003
 M541 4 2 0.5140 0.486000001
 M542 4 2 0.1140 0.886000000
 M543 4 2 0.2485 0.751499996
 M544 4 2 0.4305 0.569499999
 M545 4 2 0.2735 0.726500005
 M546 4 2 0.0990 0.901000001
 M547 4 2 0.8890 0.111000001
 M548 4 2 0.7485 0.251500010
 M549 4 2 0.4525 0.547500014
 M550 4 2 0.6890 0.310999990
 M551 4 2 0.1130 0.887000002
 M552 4 2 0.1805 0.819499999
 M553 4 2 0.7830 0.217000008
 M554 4 2 0.4395 0.560499996
 M555 4 2 0.0500 0.949999999
 M556 4 2 0.3305 0.669499993
 M557 4 2 0.0510 0.949000001
 M558 4 2 0.4335 0.566500008
 M559 4 2 0.4240 0.576000005
 M560 4 2 0.7385 0.261500001
 M561 4 2 0.2285 0.771500006
 M562 4 2 0.6345 0.365499973
 M563 4 2 0.4240 0.576000005
 M564 4 2 0.3740 0.625999987
 M565 4 2 0.9030 0.097000003
 M566 4 2 0.7700 0.230000019
 M567 4 2 0.4180 0.581999987
 M568 4 2 0.3465 0.653499991
 M569 4 2 0.0915 0.908500001
 M570 4 2 0.7380 0.262000024
 M571 4 2 0.5120 0.487999976
 M572 4 2 0.0415 0.958500002
 M573 4 2 0.2460 0.753999993
 M574 4 2 0.5790 0.421000004
 M575 4 2 0.4580 0.541999996
 M576 4 2 0.2585 0.741499990
 M577 4 2 0.7885 0.211499989
 M578 4 2 0.4345 0.565499991
 M579 4 2 0.8575 0.142499983
 M580 4 2 0.9240 0.075999975
 M581 4 2 0.2435 0.756500006
 M582 4 2 0.5745 0.425499976
 M583 4 2 0.3835 0.616499990
 M584 4 2 0.2465 0.753500000
 M585 4 2 0.4265 0.573500007
 M586 4 2 0.8035 0.196500003
 M587 4 2 0.1715 0.828500003
 M588 4 2 0.3380 0.662000000
 M589 4 2 0.3670 0.632999986
 M590 4 2 0.4695 0.530499995
 M591 4 2 0.3635 0.636500001
 M592 4 2 0.5265 0.473500013
 M593 4 2 0.2740 0.726000011
 M594 4 2 0.1265 0.873500004
 M595 4 2 0.8255 0.174499989
 M596 4 2 0.3515 0.648499995
 M597 4 2 0.0575 0.942499999
 M598 4 2 0.7185 0.281499982
 M599 4 2 0.3780 0.622000009
 M600 4 2 0.6210 0.379000008
 M601 4 2 0.5995 0.400500000
 M602 4 2 0.4940 0.506000012
 M603 4 2 0.9230 0.077000022
 M604 4 2 0.2500 0.750000000
 M605 4 2 0.3965 0.603500009
 M606 4 2 0.5760 0.424000025
 M607 4 2 0.3890 0.611000001
 M608 4 2 0.5725 0.427500010
 M609 4 2 0.4380 0.562000006
 M610 4 2 0.7120 0.287999988
 M611 4 2 0.0900 0.909999996
 M612 4 2 0.5780 0.421999991
 M613 4 2 0.8550 0.144999981
 M614 4 2 0.8855 0.114499986
 M615 4 2 0.8265 0.173500001
 M616 4 2 0.5220 0.477999985
 M617 4 2 0.3715 0.628500015
 M618 4 2 0.5990 0.401000023
 M619 4 2 0.0000 1.000000000
 M620 4 2 0.8165 0.183499992
 M621 4 2 0.8105 0.189499974
 M622 4 2 0.6525 0.347500026
 M623 4 2 0.6555 0.344500005
 M624 4 2 0.5895 0.410499990
 M625 4 2 0.2920 0.708000004
 M626 4 2 0.6505 0.349500000
 M627 4 2 0.3530 0.647000015
 M628 4 2 0.8885 0.111500025
 M629 4 2 0.6710 0.328999996
 M630 4 2 0.4925 0.507499993
 M631 4 2 0.6230 0.376999974
 M632 4 2 0.7900 0.209999979
 M633 4 2 0.3320 0.668000013
 M634 4 2 0.7165 0.283500016
 M635 4 2 0.3060 0.694000006
 M636 4 2 0.5000 0.500000000
 M637 4 2 0.4550 0.544999987
 M638 4 2 0.2060 0.794000000
 M639 4 2 0.8280 0.171999991
 M640 4 2 0.9745 0.025500000
 M641 4 2 0.2115 0.788499996
 M642 4 2 0.7725 0.227500021
 M643 4 2 0.7845 0.215499997
 M644 4 2 0.2940 0.706000000
 M645 4 2 0.6815 0.318499982
 M646 4 2 0.6500 0.350000024
 M647 4 2 0.6400 0.360000014
 M648 4 2 0.3720 0.627999991
 M649 4 2 0.5270 0.472999990
 M650 4 2 0.0140 0.986000000
 M651 4 2 0.6940 0.305999994
 M652 4 2 0.0595 0.940499999
 M653 4 2 0.9505 0.049499989
 M654 4 2 0.7805 0.219500005
 M655 4 2 0.0405 0.959500000
 M656 4 2 0.1025 0.897500001
 M657 4 2 0.6170 0.383000016
 M658 4 2 0.2750 0.724999994
 M659 4 2 0.7985 0.201499999
 M660 4 2 0.4415 0.558499992
 M661 4 2 0.1740 0.826000005
 M662 4 2 0.6845 0.315500021
 M663 4 2 0.1775 0.822500005
 M664 4 2 0.8660 0.134000003
 M665 4 2 0.5455 0.454500020
 M666 4 2 0.1530 0.847000003
 M667 4 2 0.2015 0.798500001
 M668 4 2 0.5485 0.451499999
 M669 4 2 0.1725 0.827500001
 M670 4 2 0.5500 0.449999988
 M671 4 2 0.5760 0.424000025
 M672 4 2 0.4220 0.578000009
 M673 4 2 0.8575 0.142499983
 M674 4 2 0.9615 0.038500011
 M675 4 2 0.5865 0.413500011
 M676 4 2 0.5655 0.434499979
 M677 4 2 0.1955 0.804499999
 M678 4 2 0.8715 0.128499985
 M679 4 2 0.6060 0.393999994
 M680 4 2 0.6530 0.347000003
 M681 4 2 0.6180 0.382000029
 M682 4 2 0.0705 0.929499999
 M683 4 2 0.7405 0.259500027
 M684 4 2 0.0680 0.931999996
 M685 4 2 0.3280 0.671999991
 M686 4 2 0.3625 0.637499988
 M687 4 2 0.3505 0.649500012
 M688 4 2 0.3735 0.626500010
 M689 4 2 0.5265 0.473500013
 M690 4 2 0.7880 0.212000012
 M691 4 2 0.1220 0.877999999
 M692 4 2 0.2070 0.792999998
 M693 4 2 0.1765 0.823500007
 M694 4 2 0.7670 0.232999980
 M695 4 2 0.7205 0.279500008
 M696 4 2 0.1510 0.849000007
 M697 4 2 0.2620 0.738000005
 M698 4 2 0.1920 0.807999998
 M699 4 2 0.6790 0.320999980
 M700 4 2 0.3590 0.641000003
 M701 4 2 0.6455 0.354499996
 M702 4 2 0.7570 0.242999971
 M703 4 2 0.4920 0.507999986
 M704 4 2 0.5305 0.469500005
 M705 4 2 0.8095 0.190500021
 M706 4 2 0.4230 0.576999992
 M707 4 2 0.4840 0.516000003
 M708 4 2 0.2020 0.797999993
 M709 4 2 0.8255 0.174499989
 M710 4 2 0.9865 0.013499975
 M711 4 2 0.3025 0.697499990
 M712 4 2 0.3555 0.644499987
 M713 4 2 0.3820 0.618000001
 M714 4 2 0.6070 0.393000007
 M715 4 2 0.8030 0.197000027
 M716 4 2 0.5850 0.415000021
 M717 4 2 0.8270 0.172999978
 M718 4 2 0.8535 0.146499991
 M719 4 2 0.0640 0.935999997
 M720 4 2 0.1295 0.870499998
 M721 4 2 0.7305 0.269500017
 M722 4 2 0.8685 0.131500006
 M723 4 2 0.5555 0.444500029
 M724 4 2 0.6080 0.392000020
 M725 4 2 0.0560 0.943999998
 M726 4 2 0.9450 0.055000007
 M727 4 2 0.1055 0.894500002
 M728 4 2 0.3315 0.668500006
 M729 4 2 0.8170 0.183000028
 M730 4 2 0.4970 0.502999991
 M731 4 2 0.6930 0.306999981
 M732 4 2 0.6165 0.383499980
 M733 4 2 0.7885 0.211499989
 M734 4 2 0.0950 0.905000001
 M735 4 2 0.5605 0.439499974
 M736 4 2 0.3565 0.643500000
 M737 4 2 0.5620 0.438000023
 M738 4 2 0.8380 0.162000000
 M739 4 2 0.3220 0.678000003
 M740 4 2 0.7005 0.299499989
 M741 4 2 0.1610 0.839000002
 M742 4 2 0.9090 0.091000021
 M743 4 2 0.2370 0.762999997
 M744 4 2 0.3900 0.610000014
 M745 4 2 0.6740 0.325999975
 M746 4 2 0.3780 0.622000009
 M747 4 2 0.3490 0.650999993
 M748 4 2 0.7350 0.264999986
 M749 4 2 0.7440 0.255999982
 M750 4 2 0.4105 0.589500010
 M751 4 2 0.9205 0.079500020
 M752 4 2 0.6080 0.392000020
 M753 4 2 0.0790 0.920999996
 M754 4 2 0.3525 0.647500008
 M755 4 2 0.6860 0.314000010
 M756 4 2 0.1520 0.848000005
 M757 4 2 0.7680 0.231999993
 M758 4 2 0.6155 0.384500027
 M759 4 2 0.2010 0.798999995
 M760 4 2 0.3355 0.664499998
 M761 4 2 0.8960 0.103999972
 M762 4 2 0.2285 0.771500006
 M763 4 2 0.3070 0.692999989
 M764 4 2 0.5720 0.427999973
 M765 4 2 0.7440 0.255999982
 M766 4 2 0.7045 0.295499980
 M767 4 2 0.7015 0.298500001
 M768 4 2 0.7210 0.278999984
 M769 4 2 0.9430 0.056999981
 M770 4 2 0.8920 0.107999980
 M771 4 2 0.1215 0.878500000
 M772 4 2 0.0630 0.936999999
 M773 4 2 0.5055 0.494499981
 M774 4 2 0.6710 0.328999996
 M775 4 2 0.9590 0.041000009
 M776 4 2 0.9265 0.073499978
 M777 4 2 0.7965 0.203499973
 M778 4 2 0.0960 0.903999999
 M779 4 2 0.1230 0.876999997
 M780 4 2 0.9535 0.046500027
 M781 4 2 0.1975 0.802499995
 M782 4 2 0.7685 0.231500030
 M783 4 2 0.4385 0.561500013
 M784 4 2 0.7625 0.237500012
 M785 4 2 0.6435 0.356500030
 M786 4 2 0.7740 0.226000011
 M787 4 2 0.2210 0.778999999
 M788 4 2 0.5725 0.427500010
 M789 4 2 0.1220 0.877999999
 M790 4 2 0.6525 0.347500026
 M791 4 2 0.0855 0.914499998
 M792 4 2 0.5920 0.407999992
 M793 4 2 0.1310 0.869000003
 M794 4 2 0.2530 0.747000009
 M795 4 2 0.6395 0.360499978
 M796 4 2 0.5105 0.489499986
 M797 4 2 0.6630 0.337000012
 M798 4 2 0.7405 0.259500027
 M799 4 2 0.1510 0.849000007
 M800 4 2 0.5390 0.461000025
 M801 4 2 0.1755 0.824499995
 M802 4 2 0.4050 0.594999999
 M803 4 2 0.1770 0.822999999
 M804 4 2 0.4155 0.584500015
 M805 4 2 0.6615 0.338500023
 M806 4 2 0.5385 0.461499989
 M807 4 2 0.7700 0.230000019
 M808 4 2 0.0960 0.903999999
 M809 4 2 0.8440 0.156000018
 M810 4 2 0.9425 0.057500005
 M811 4 2 0.9765 0.023500025
 M812 4 2 0.4535 0.546499997
 M813 4 2 0.5255 0.474500000
 M814 4 2 0.3365 0.663500011
 M815 4 2 0.3270 0.673000008
 M816 4 2 0.6020 0.398000002
 M817 4 2 0.3415 0.658499986
 M818 4 2 0.5070 0.492999971
 M819 4 2 0.8260 0.174000025
 M820 4 2 0.5975 0.402499974
 M821 4 2 0.2595 0.740500003
 M822 4 2 0.1655 0.834500000
 M823 4 2 0.1670 0.833000004
 M824 4 2 0.9525 0.047500014
 M825 4 2 0.3980 0.601999998
 M826 4 2 0.3255 0.674499989
 M827 4 2 0.4740 0.525999993
 M828 4 2 0.4350 0.564999998
 M829 4 2 0.7520 0.248000026
 M830 4 2 0.4200 0.580000013
 M831 4 2 0.1425 0.857500002
 M832 4 2 0.1980 0.802000001
 M833 4 2 0.3300 0.669999987
 M834 4 2 0.0485 0.951499999
 M835 4 2 0.8555 0.144500017
 M836 4 2 0.2085 0.791500002
 M837 4 2 0.1125 0.887500003
 M838 4 2 0.0995 0.900500000
 M839 4 2 0.1170 0.883000001
 M840 4 2 0.2860 0.713999987
 M841 4 2 0.1015 0.898500003
 M842 4 2 0.8820 0.117999971
 M843 4 2 0.9225 0.077499986
 M844 4 2 0.1685 0.831499994
 M845 4 2 0.9450 0.055000007
 M846 4 2 0.7185 0.281499982
 M847 4 2 0.0845 0.915500000
 M848 4 2 0.3450 0.655000001
 M849 4 2 0.2140 0.785999998
 M850 4 2 0.7460 0.254000008
 M851 4 2 0.7575 0.242500007
 M852 4 2 0.0490 0.951000001
 M853 4 2 0.0605 0.939500000
 M854 4 2 0.6195 0.380500019
 M855 4 2 0.3465 0.653499991
 M856 4 2 0.7895 0.210500002
 M857 4 2 0.3265 0.673500001
 M858 4 2 0.7245 0.275500000
 M859 4 2 0.6565 0.343500018
 M860 4 2 0.9780 0.022000015
 M861 4 2 0.3800 0.620000005
 M862 4 2 0.8630 0.137000024
 M863 4 2 0.9625 0.037500024
 M864 4 2 0.1080 0.891999997
 M865 4 2 0.1075 0.892499998
 M866 4 2 0.7620 0.237999976
 M867 4 2 0.4145 0.585500002
 M868 4 2 0.3085 0.691500008
 M869 4 2 0.6540 0.346000016
 M870 4 2 0.4310 0.569000006
 M871 4 2 0.1810 0.819000006
 M872 4 2 0.9490 0.050999999
 M873 4 2 0.3070 0.692999989
 M874 4 2 0.3505 0.649500012
 M875 4 2 0.1540 0.846000001
 M876 4 2 0.3495 0.650500000
 M877 4 2 0.1870 0.812999994
 M878 4 2 0.3430 0.657000005
 M879 4 2 0.5620 0.438000023
 M880 4 2 0.4590 0.541000009
 M881 4 2 0.7715 0.228500009
 M882 4 2 0.5480 0.452000022
 M883 4 2 0.6060 0.393999994
 M884 4 2 0.7485 0.251500010
 M885 4 2 0.3595 0.640500009
 M886 4 2 0.7880 0.212000012
 M887 4 2 0.5490 0.450999975
 M888 4 2 0.3900 0.610000014
 M889 4 2 0.4510 0.548999995
 M890 4 2 0.3270 0.673000008
 M891 4 2 0.8110 0.189000010
 M892 4 2 0.3455 0.654500008
 M893 4 2 0.2210 0.778999999
 M894 4 2 0.2975 0.702499986
 M895 4 2 0.4495 0.550500005
 M896 4 2 0.1775 0.822500005
 M897 4 2 0.1570 0.842999995
 M898 4 2 0.8250 0.175000012
 M899 4 2 0.4055 0.594500005
 M900 4 2 0.5650 0.435000002
 M901 4 2 0.3390 0.661000013
 M902 4 2 0.7475 0.252499998
 M903 4 2 0.5620 0.438000023
 M904 4 2 0.3115 0.688499987
 M905 4 2 0.7695 0.230499983
 M906 4 2 0.8295 0.170499980
 M907 4 2 0.5130 0.486999989
 M908 4 2 0.4300 0.569999993
 M909 4 2 0.4360 0.564000010
 M910 4 2 0.9585 0.041499972
 M911 4 2 0.4040 0.595999986
 M912 4 2 0.5475 0.452499986
 M913 4 2 0.8265 0.173500001
 M914 4 2 0.8240 0.175999999
 M915 4 2 0.8575 0.142499983
 M916 4 2 0.0595 0.940499999
 M917 4 2 0.2415 0.758499995
 M918 4 2 0.2990 0.701000005
 M919 4 2 0.2135 0.786500007
 M920 4 2 0.1260 0.873999998
 M921 4 2 0.7950 0.204999983
 M922 4 2 0.8895 0.110499978
 M923 4 2 0.4170 0.583000004
 M924 4 2 0.2085 0.791500002
 M925 4 2 0.4860 0.513999999
 M926 4 2 0.7030 0.296999991
 M927 4 2 0.1135 0.886500001
 M928 4 2 0.1830 0.817000002
 M929 4 2 0.3905 0.609499991
 M930 4 2 0.8120 0.188000023
 M931 4 2 0.5595 0.440500021
 M932 4 2 0.5630 0.436999977
 M933 4 2 0.4495 0.550500005
 M934 4 2 0.3980 0.601999998
 M935 4 2 0.8735 0.126500010
 M936 4 2 0.3895 0.610500008
 M937 4 2 0.3725 0.627499998
 M938 4 2 0.8845 0.115499973
 M939 4 2 0.2480 0.752000004
 M940 4 2 0.8160 0.184000015
 M941 4 2 0.2975 0.702499986
 M942 4 2 0.7380 0.262000024
 M943 4 2 0.4825 0.517500013
 M944 4 2 0.4825 0.517500013
 M945 4 2 0.3890 0.611000001
 M946 4 2 0.7395 0.260500014
 M947 4 2 0.1195 0.880500004
 M948 4 2 0.2145 0.785500005
 M949 4 2 0.9020 0.097999990
 M950 4 2 0.1605 0.839499995
 M951 4 2 0.2825 0.717500001
 M952 4 2 0.3045 0.695499986
 M953 4 2 0.5795 0.420499980
 M954 4 2 0.5230 0.476999998
 M955 4 2 0.8415 0.158500016
 M956 4 2 0.7220 0.277999997
 M957 4 2 0.1475 0.852500007
 M958 4 2 0.7760 0.223999977
 M959 4 2 0.1735 0.826499999
 M960 4 2 0.8365 0.163500011
 M961 4 2 0.2115 0.788499996
 M962 4 2 0.8230 0.176999986
 M963 4 2 0.2270 0.773000002
 M964 4 2 0.2325 0.767499998
 M965 4 2 0.1315 0.868499994
 M966 4 2 0.1680 0.832000002
 M967 4 2 0.4335 0.566500008
 M968 4 2 0.7980 0.202000022
 M969 4 2 0.5130 0.486999989
 M970 4 2 0.1725 0.827500001
 M971 4 2 0.1730 0.827000007
 M972 4 2 0.5260 0.473999977
 M973 4 2 0.5710 0.429000020
 M974 4 2 0.6150 0.384999990
 M975 4 2 0.7305 0.269500017
 M976 4 2 0.5010 0.499000013
 M977 4 2 0.3345 0.665499985
 M978 4 2 0.4535 0.546499997
 M979 4 2 0.6535 0.346499979
 M980 4 2 0.0440 0.956000000
 M981 4 2 0.0195 0.980500000
 M982 4 2 0.4415 0.558499992
 M983 4 2 0.6910 0.309000015
 M984 4 2 0.6825 0.317499995
 M985 4 2 0.0565 0.943500001
 M986 4 2 0.8225 0.177500010
 M987 4 2 0.7065 0.293500006
 M988 4 2 0.2775 0.722499996
 M989 4 2 0.2675 0.732499987
 M990 4 2 0.9230 0.077000022
 M991 4 2 0.9330 0.066999972
 M992 4 2 0.6605 0.339500010
 M993 4 2 0.0345 0.965500001
 M994 4 2 0.3265 0.673500001
 M995 4 2 0.4940 0.506000012
 M996 4 2 0.7865 0.213500023
 M997 4 2 0.3985 0.601500005
 M998 4 2 0.0895 0.910499997
 M999 4 2 0.5500 0.449999988
M1000 4 2 0.4595 0.540499985
M1001 4 2 0.7995 0.200500011
M1002 4 2 0.3130 0.687000006
M1003 4 2 0.7640 0.236000001
M1004 4 2 0.9450 0.055000007
M1005 4 2 0.0740 0.925999999
M1006 4 2 0.7340 0.265999973
M1007 4 2 0.6910 0.309000015
M1008 4 2 0.2425 0.757499993
M1009 4 2 0.7775 0.222500026
M1010 4 2 0.7690 0.231000006
M1011 4 2 0.8340 0.166000009
M1012 4 2 0.6670 0.333000004
M1013 4 2 0.5275 0.472500026
M1014 4 2 0.8590 0.140999973
M1015 4 2 0.7170 0.282999992
M1016 4 2 0.2180 0.782000005
M1017 4 2 0.6505 0.349500000
M1018 4 2 0.4775 0.522500008
M1019 4 2 0.5250 0.475000024
M1020 4 2 0.7285 0.271499991
M1021 4 2 0.6740 0.325999975
M1022 4 2 0.5510 0.449000001
M1023 4 2 0.0615 0.938499998
M1024 4 2 0.4120 0.588000000
M1025 4 2 0.6580 0.342000008
M1026 4 2 0.5200 0.480000019
M1027 4 2 0.2935 0.706499994
M1028 4 2 0.9350 0.064999998
M1029 4 2 0.3355 0.664499998
M1030 4 2 0.5290 0.471000016
M1031 4 2 0.8120 0.188000023
M1032 4 2 0.8795 0.120500028
M1033 4 2 0.1665 0.833499998
M1034 4 2 0.2565 0.743499994
M1035 4 2 0.5335 0.466499984
M1036 4 2 0.5045 0.495500028
M1037 4 2 0.4100 0.590000004
M1038 4 2 0.0455 0.954500001
M1039 4 2 0.7925 0.207499981
M1040 4 2 0.6900 0.310000002
M1041 4 2 0.6830 0.316999972
M1042 4 2 0.7340 0.265999973
M1043 4 2 0.2700 0.729999989
M1044 4 2 0.3125 0.687500000
M1045 4 2 0.4470 0.553000003
M1046 4 2 0.7085 0.291499972
M1047 4 2 0.6255 0.374499977
M1048 4 2 0.8615 0.138499975
M1049 4 2 0.1340 0.865999997
M1050 4 2 0.0765 0.923500001
M1051 4 2 0.6450 0.355000019
M1052 4 2 0.4670 0.532999992
M1053 4 2 0.9200 0.079999983
M1054 4 2 0.7465 0.253499985
M1055 4 2 0.3800 0.620000005
M1056 4 2 0.6595 0.340499997
M1057 4 2 0.7545 0.245500028
M1058 4 2 0.8150 0.185000002
M1059 4 2 0.1415 0.858500004
M1060 4 2 0.4875 0.512499988
M1061 4 2 0.7040 0.296000004
M1062 4 2 0.1730 0.827000007
M1063 4 2 0.1825 0.817499995
M1064 4 2 0.5515 0.448499978
M1065 4 2 0.2155 0.784500003
M1066 4 2 0.6610 0.338999987
M1067 4 2 0.3575 0.642500013
M1068 4 2 0.6160 0.384000003
M1069 4 2 0.4065 0.593499988
M1070 4 2 0.5860 0.413999975
M1071 4 2 0.3695 0.630499989
M1072 4 2 0.5670 0.433000028
M1073 4 2 0.3960 0.604000002
M1074 4 2 0.2625 0.737500012
M1075 4 2 0.4200 0.580000013
M1076 4 2 0.8170 0.183000028
M1077 4 2 0.5725 0.427500010
M1078 4 2 0.6780 0.322000027
M1079 4 2 0.8680 0.132000029
M1080 4 2 0.3335 0.666500002
M1081 4 2 0.2930 0.706999987
M1082 4 2 0.4210 0.578999996
M1083 4 2 0.2650 0.735000014
M1084 4 2 0.3890 0.611000001
M1085 4 2 0.5615 0.438499987
M1086 4 2 0.6300 0.370000005
M1087 4 2 0.8935 0.106500030
M1088 4 2 0.8910 0.109000027
M1089 4 2 0.4100 0.590000004
M1090 4 2 0.9505 0.049499989
M1091 4 2 0.6675 0.332499981
M1092 4 2 0.6980 0.301999986
M1093 4 2 0.7210 0.278999984
M1094 4 2 0.5290 0.471000016
M1095 4 2 0.7195 0.280499995
M1096 4 2 0.2500 0.750000000
M1097 4 2 0.8440 0.156000018
M1098 4 2 0.7000 0.300000012
M1099 4 2 0.5890 0.411000013
M1100 4 2 0.7540 0.245999992
M1101 4 2 0.4730 0.527000010
M1102 4 2 0.9720 0.027999997
M1103 4 2 0.8270 0.172999978
M1104 4 2 0.1910 0.809000000
M1105 4 2 0.7990 0.200999975
M1106 4 2 0.4820 0.518000007
M1107 4 2 0.3330 0.666999996
M1108 4 2 0.2110 0.789000005
M1109 4 2 0.9540 0.046000004
M1110 4 2 0.5870 0.412999988
M1111 4 2 0.4145 0.585500002
M1112 4 2 0.4070 0.592999995
M1113 4 2 0.7095 0.290499985
M1114 4 2 0.3785 0.621499985
M1115 4 2 0.8040 0.195999980
M1116 4 2 0.5570 0.443000019
M1117 4 2 0.0665 0.933499999
M1118 4 2 0.6505 0.349500000
M1119 4 2 0.6255 0.374499977
M1120 4 2 0.1855 0.814500004
M1121 4 2 0.8360 0.163999975
M1122 4 2 0.1695 0.830500007
M1123 4 2 0.7105 0.289499998
M1124 4 2 0.4840 0.516000003
M1125 4 2 0.2945 0.705500007
M1126 4 2 0.0395 0.960499998
M1127 4 2 0.1350 0.864999995
M1128 4 2 0.6520 0.347999990
M1129 4 2 0.4375 0.562500000
M1130 4 2 0.5680 0.431999981
M1131 4 2 0.5475 0.452499986
M1132 4 2 0.6620 0.338000000
M1133 4 2 0.5765 0.423500001
M1134 4 2 0.8650 0.134999990
M1135 4 2 0.2680 0.731999993
M1136 4 2 0.9075 0.092499971
M1137 4 2 0.0520 0.947999999
M1138 4 2 0.5845 0.415499985
M1139 4 2 0.3575 0.642500013
M1140 4 2 0.6335 0.366500020
M1141 4 2 0.2015 0.798500001
M1142 4 2 0.4380 0.562000006
M1143 4 2 0.6660 0.333999991
M1144 4 2 0.4415 0.558499992
M1145 4 2 0.3625 0.637499988
M1146 4 2 0.8270 0.172999978
M1147 4 2 0.3150 0.685000002
M1148 4 2 0.1365 0.863499999
M1149 4 2 0.0905 0.909500003
M1150 4 2 0.1475 0.852500007
M1151 4 2 0.3985 0.601500005
M1152 4 2 0.3255 0.674499989
M1153 4 2 0.2635 0.736499995
M1154 4 2 0.0170 0.982999999
M1155 4 2 0.4160 0.583999991
M1156 4 2 0.4980 0.502000004
M1157 4 2 0.8060 0.194000006
M1158 4 2 0.2250 0.775000006
M1159 4 2 0.1975 0.802499995
M1160 4 2 0.9685 0.031499982
M1161 4 2 0.2040 0.796000004
M1162 4 2 0.7815 0.218500018
M1163 4 2 0.1940 0.805999994
M1164 4 2 0.6520 0.347999990
M1165 4 2 0.5950 0.404999971
M1166 4 2 0.2840 0.715999991
M1167 4 2 0.4625 0.537499994
M1168 4 2 0.0410 0.958999999
M1169 4 2 0.5310 0.468999982
M1170 4 2 0.5030 0.496999979
M1171 4 2 0.1760 0.824000001
M1172 4 2 0.2345 0.765499994
M1173 4 2 0.8125 0.187500000
M1174 4 2 0.6205 0.379499972
M1175 4 2 0.3570 0.643000007
M1176 4 2 0.1445 0.855499998
M1177 4 2 0.6210 0.379000008
M1178 4 2 0.1995 0.800500005
M1179 4 2 0.5485 0.451499999
M1180 4 2 0.6670 0.333000004
M1181 4 2 0.9765 0.023500025
M1182 4 2 0.0130 0.987000000
M1183 4 2 0.3280 0.671999991
M1184 4 2 0.1025 0.897500001
M1185 4 2 0.7795 0.220499992
M1186 4 2 0.7395 0.260500014
M1187 4 2 0.5665 0.433499992
M1188 4 2 0.7710 0.228999972
M1189 4 2 0.2305 0.769500002
M1190 4 2 0.9120 0.088000000
M1191 4 2 0.6390 0.361000001
M1192 4 2 0.9125 0.087499976
M1193 4 2 0.3270 0.673000008
M1194 4 2 0.8635 0.136500001
M1195 4 2 0.5005 0.499499977
M1196 4 2 0.2310 0.768999994
M1197 4 2 0.5755 0.424499989
M1198 4 2 0.0420 0.958000001
M1199 4 2 0.0585 0.941500001
M1200 4 2 0.1975 0.802499995
M1201 4 2 0.3195 0.680500001
M1202 4 2 0.7060 0.294000030
M1203 4 2 0.2760 0.724000007
M1204 4 2 0.3110 0.689000010
M1205 4 2 0.8220 0.177999973
M1206 4 2 0.7390 0.260999978
M1207 4 2 0.1210 0.879000001
M1208 4 2 0.9055 0.094500005
M1209 4 2 0.0200 0.980000000
M1210 4 2 0.6300 0.370000005
M1211 4 2 0.8425 0.157500029
M1212 4 2 0.3930 0.606999993
M1213 4 2 0.9430 0.056999981
M1214 4 2 0.1085 0.891500004
M1215 4 2 0.1155 0.884499997
M1216 4 2 0.4065 0.593499988
M1217 4 2 0.9665 0.033500016
M1218 4 2 0.0775 0.922499999
M1219 4 2 0.6240 0.375999987
M1220 4 2 0.4310 0.569000006
M1221 4 2 0.3380 0.662000000
M1222 4 2 0.0855 0.914499998
M1223 4 2 0.2210 0.778999999
M1224 4 2 0.2200 0.780000001
M1225 4 2 0.4235 0.576499999
M1226 4 2 0.8310 0.169000030
M1227 4 2 0.9025 0.097500026
M1228 4 2 0.1375 0.862499997
M1229 4 2 0.9845 0.015500009
M1230 4 2 0.7555 0.244499981
M1231 4 2 0.7915 0.208500028
M1232 4 2 0.8510 0.148999989
M1233 4 2 0.8440 0.156000018
M1234 4 2 0.3340 0.666000009
M1235 4 2 0.5500 0.449999988
M1236 4 2 0.9630 0.037000000
M1237 4 2 0.5110 0.489000022
M1238 4 2 0.3995 0.600499988
M1239 4 2 0.0685 0.931500003
M1240 4 2 0.3125 0.687500000
M1241 4 2 0.1735 0.826499999
M1242 4 2 0.9790 0.021000028
M1243 4 2 0.6475 0.352500021
M1244 4 2 0.6875 0.312500000
M1245 4 2 0.1480 0.851999998
M1246 4 2 0.2670 0.733000010
M1247 4 2 0.9730 0.027000010
M1248 4 2 0.4175 0.582500011
M1249 4 2 0.7485 0.251500010
M1250 4 2 0.2560 0.743999988
M1251 4 2 0.9505 0.049499989
M1252 4 2 0.9080 0.092000008
M1253 4 2 0.7155 0.284500003
M1254 4 2 0.3385 0.661500007
M1255 4 2 0.6155 0.384500027
M1256 4 2 0.6130 0.387000024
M1257 4 2 0.1165 0.883500002
M1258 4 2 0.1935 0.806500003
M1259 4 2 0.8330 0.166999996
M1260 4 2 0.9380 0.061999977
M1261 4 2 0.8385 0.161499977
M1262 4 2 0.8665 0.133499980
M1263 4 2 0.7635 0.236500025
M1264 4 2 0.8195 0.180499971
M1265 4 2 0.5590 0.440999985
M1266 4 2 0.2535 0.746499985
M1267 4 2 0.7385 0.261500001
M1268 4 2 0.4470 0.553000003
M1269 4 2 0.5980 0.402000010
M1270 4 2 0.9005 0.099500000
M1271 4 2 0.9420 0.058000028
M1272 4 2 0.5170 0.482999980
M1273 4 2 0.1530 0.847000003
M1274 4 2 0.2995 0.700500011
M1275 4 2 0.8940 0.106000006
M1276 4 2 0.5965 0.403500021
M1277 4 2 0.2450 0.754999995
M1278 4 2 0.5455 0.454500020
M1279 4 2 0.1980 0.802000001
M1280 4 2 0.6595 0.340499997
M1281 4 2 0.2735 0.726500005
M1282 4 2 0.8240 0.175999999
M1283 4 2 0.0355 0.964499999
M1284 4 2 0.4000 0.599999994
M1285 4 2 0.1825 0.817499995
M1286 4 2 0.4745 0.525500000
M1287 4 2 0.6895 0.310500026
M1288 4 2 0.8130 0.186999977
M1289 4 2 0.4400 0.560000002
M1290 4 2 0.6105 0.389500022
M1291 4 2 0.6525 0.347500026
M1292 4 2 0.8865 0.113499999
M1293 4 2 0.1360 0.863999993
M1294 4 2 0.3295 0.670500010
M1295 4 2 0.7635 0.236500025
M1296 4 2 0.2135 0.786500007
M1297 4 2 0.6125 0.387499988
M1298 4 2 0.4030 0.597000003
M1299 4 2 0.8840 0.115999997
M1300 4 2 0.4555 0.544499993
M1301 4 2 0.0385 0.961500000
M1302 4 2 0.7550 0.245000005
M1303 4 2 0.8335 0.166499972
M1304 4 2 0.6855 0.314499974
M1305 4 2 0.1805 0.819499999
M1306 4 2 0.3075 0.692499995
M1307 4 2 0.4785 0.521499991
M1308 4 2 0.6865 0.313499987
M1309 4 2 0.6165 0.383499980
M1310 4 2 0.3550 0.645000011
M1311 4 2 0.5190 0.481000006
M1312 4 2 0.8725 0.127499998
M1313 4 2 0.3475 0.652500004
M1314 4 2 0.0590 0.941000000
M1315 4 2 0.9065 0.093500018
M1316 4 2 0.9330 0.066999972
M1317 4 2 0.2055 0.794499993
M1318 4 2 0.4320 0.567999989
M1319 4 2 0.7160 0.283999979
M1320 4 2 0.1695 0.830500007
M1321 4 2 0.3170 0.682999998
M1322 4 2 0.6790 0.320999980
M1323 4 2 0.2880 0.712000012
M1324 4 2 0.9755 0.024500012
M1325 4 2 0.9705 0.029500008
M1326 4 2 0.6155 0.384500027
M1327 4 2 0.8250 0.175000012
M1328 4 2 0.2465 0.753500000
M1329 4 2 0.8250 0.175000012
M1330 4 2 0.8130 0.186999977
M1331 4 2 0.4880 0.511999995
M1332 4 2 0.3405 0.659500003
M1333 4 2 0.7515 0.248499990
M1334 4 2 0.6675 0.332499981
M1335 4 2 0.6130 0.387000024
M1336 4 2 0.7315 0.268499970
M1337 4 2 0.4780 0.522000015
M1338 4 2 0.5960 0.403999984
M1339 4 2 0.3035 0.696500003
M1340 4 2 0.7530 0.246999979
M1341 4 2 0.3355 0.664499998
M1342 4 2 0.0100 0.990000000
M1343 4 2 0.1020 0.898000002
M1344 4 2 0.2775 0.722499996
M1345 4 2 0.4520 0.548000008
M1346 4 2 0.0605 0.939500000
M1347 4 2 0.8640 0.135999978
M1348 4 2 0.9670 0.032999992
M1349 4 2 0.7610 0.239000022
M1350 4 2 0.0210 0.979000000
M1351 4 3 0.0755 0.924500003
M1352 4 3 0.2860 0.713999987
M1353 4 3 0.6380 0.361999989
M1354 4 3 0.5530 0.447000027
M1355 4 3 0.1690 0.831000000
M1356 4 3 0.4750 0.525000006
M1357 4 3 0.3765 0.623499990
M1358 4 3 0.8210 0.179000020
M1359 4 3 0.6565 0.343500018
M1360 4 3 0.3350 0.664999992
M1361 4 3 0.5655 0.434499979
M1362 4 3 0.6610 0.338999987
M1363 4 3 0.0505 0.949499998
M1364 4 3 0.5695 0.430499971
M1365 4 3 0.8655 0.134500027
M1366 4 3 0.4900 0.509999990
M1367 4 3 0.1090 0.891000003
M1368 4 3 0.4935 0.506500006
M1369 4 3 0.0865 0.913500004
M1370 4 3 0.0815 0.918499999
M1371 4 3 0.4705 0.529500008
M1372 4 3 0.6405 0.359499991
M1373 4 3 0.1620 0.838000000
M1374 4 3 0.3875 0.612500012
M1375 4 3 0.1805 0.819499999
M1376 4 3 0.5145 0.485499978
M1377 4 3 0.8905 0.109499991
M1378 4 3 0.3735 0.626500010
M1379 4 3 0.1885 0.811499998
M1380 4 3 0.8005 0.199500024
M1381 4 3 0.6175 0.382499993
M1382 4 3 0.4430 0.557000011
M1383 4 3 0.1795 0.820500001
M1384 4 3 0.3245 0.675500005
M1385 4 3 0.4605 0.539499998
M1386 4 3 0.4005 0.599500000
M1387 4 3 0.6290 0.370999992
M1388 4 3 0.5275 0.472500026
M1389 4 3 0.9805 0.019500017
M1390 4 3 0.6235 0.376500010
M1391 4 3 0.3675 0.632499993
M1392 4 3 0.6475 0.352500021
M1393 4 3 0.1850 0.814999998
M1394 4 3 0.5805 0.419499993
M1395 4 3 0.6925 0.307500005
M1396 4 3 0.5535 0.446500003
M1397 4 3 0.8830 0.116999984
M1398 4 3 0.5965 0.403500021
M1399 4 3 0.2765 0.723500013
M1400 4 3 0.7305 0.269500017
M1401 4 3 0.7040 0.296000004
M1402 4 3 0.5160 0.484000027
M1403 4 3 0.3610 0.638999999
M1404 4 3 0.5100 0.490000010
M1405 4 3 0.4535 0.546499997
M1406 4 3 0.2950 0.705000013
M1407 4 3 0.4690 0.530999988
M1408 4 3 0.5940 0.406000018
M1409 4 3 0.0140 0.986000000
M1410 4 3 0.8435 0.156499982
M1411 4 3 0.4670 0.532999992
M1412 4 3 0.2955 0.704499990
M1413 4 3 0.4015 0.598500013
M1414 4 3 0.8770 0.123000026
M1415 4 3 0.1980 0.802000001
M1416 4 3 0.7110 0.288999975
M1417 4 3 0.5050 0.495000005
M1418 4 3 0.5135 0.486500025
M1419 4 3 0.1620 0.838000000
M1420 4 3 0.6190 0.380999982
M1421 4 3 0.2285 0.771500006
M1422 4 3 0.5025 0.497500002
M1423 4 3 0.6345 0.365499973
M1424 4 3 0.8265 0.173500001
M1425 4 3 0.7385 0.261500001
M1426 4 3 0.6190 0.380999982
M1427 4 3 0.9245 0.075500011
M1428 4 3 0.3995 0.600499988
M1429 4 3 0.0885 0.911499999
M1430 4 3 0.6635 0.336499989
M1431 4 3 0.7145 0.285499990
M1432 4 3 0.3995 0.600499988
M1433 4 3 0.9945 0.005500019
M1434 4 3 0.1020 0.898000002
M1435 4 3 0.2470 0.753000006
M1436 4 3 0.6280 0.371999979
M1437 4 3 0.7110 0.288999975
M1438 4 3 0.1540 0.846000001
M1439 4 3 0.2465 0.753500000
M1440 4 3 0.6330 0.366999984
M1441 4 3 0.7055 0.294499993
M1442 4 3 0.5190 0.481000006
M1443 4 3 0.1830 0.817000002
M1444 4 3 0.5780 0.421999991
M1445 4 3 0.7400 0.259999990
M1446 4 3 0.7075 0.292500019
M1447 4 3 0.5800 0.420000017
M1448 4 3 0.6380 0.361999989
M1449 4 3 0.1340 0.865999997
M1450 4 3 0.5820 0.417999983
M1451 4 3 0.2245 0.775500000
M1452 4 3 0.9020 0.097999990
M1453 4 3 0.5240 0.476000011
M1454 4 3 0.0380 0.962000001
M1455 4 3 0.3470 0.652999997
M1456 4 3 0.7760 0.223999977
M1457 4 3 0.1105 0.889500000
M1458 4 3 0.2485 0.751499996
M1459 4 3 0.1300 0.870000005
M1460 4 3 0.4860 0.513999999
M1461 4 3 0.8570 0.143000007
M1462 4 3 0.6530 0.347000003
M1463 4 3 0.1845 0.815500006
M1464 4 3 0.6900 0.310000002
M1465 4 3 0.9270 0.073000014
M1466 4 3 0.6870 0.313000023
M1467 4 3 0.8305 0.169499993
M1468 4 3 0.4685 0.531500012
M1469 4 3 0.2140 0.785999998
M1470 4 3 0.1475 0.852500007
M1471 4 3 0.0415 0.958500002
M1472 4 3 0.5975 0.402499974
M1473 4 3 0.4005 0.599500000
M1474 4 3 0.5770 0.422999978
M1475 4 3 0.6755 0.324500024
M1476 4 3 0.5285 0.471499979
M1477 4 3 0.6505 0.349500000
M1478 4 3 0.2745 0.725499988
M1479 4 3 0.4120 0.588000000
M1480 4 3 0.4890 0.511000007
M1481 4 3 0.2180 0.782000005
M1482 4 3 0.6890 0.310999990
M1483 4 3 0.4240 0.576000005
M1484 4 3 0.6370 0.362999976
M1485 4 3 0.4070 0.592999995
M1486 4 3 0.7735 0.226499975
M1487 4 3 0.8155 0.184499979
M1488 4 3 0.6055 0.394500017
M1489 4 3 0.5945 0.405499995
M1490 4 3 0.0075 0.992500000
M1491 4 3 0.0480 0.952000000
M1492 4 3 0.5435 0.456499994
M1493 4 3 0.8255 0.174499989
M1494 4 3 0.4215 0.578500003
M1495 4 3 0.2340 0.766000003
M1496 4 3 0.6915 0.308499992
M1497 4 3 0.4625 0.537499994
M1498 4 3 0.6245 0.375500023
M1499 4 3 0.5415 0.458500028
M1500 4 3 0.5915 0.408500016
M1501 4 3 0.7130 0.287000000
M1502 4 3 0.6795 0.320500016
M1503 4 3 0.1700 0.829999998
M1504 4 3 0.6650 0.334999979
M1505 4 3 0.4645 0.535499990
M1506 4 3 0.6785 0.321500003
M1507 4 3 0.1585 0.841499999
M1508 4 3 0.1215 0.878500000
M1509 4 3 0.0570 0.943000000
M1510 4 3 0.5640 0.435999990
M1511 4 3 0.7565 0.243499994
M1512 4 3 0.9210 0.078999996
M1513 4 3 0.4465 0.553499997
M1514 4 3 0.1765 0.823500007
M1515 4 3 0.7295 0.270500004
M1516 4 3 0.3125 0.687500000
M1517 4 3 0.2060 0.794000000
M1518 4 3 0.9240 0.075999975
M1519 4 3 0.4565 0.543500006
M1520 4 3 0.3225 0.677500010
M1521 4 3 0.3080 0.692000002
M1522 4 3 0.5715 0.428499997
M1523 4 3 0.4740 0.525999993
M1524 4 3 0.2050 0.795000002
M1525 4 3 0.9320 0.068000019
M1526 4 3 0.1985 0.801499993
M1527 4 3 0.9160 0.083999991
M1528 4 3 0.5690 0.430999994
M1529 4 3 0.5495 0.450500011
M1530 4 3 0.4490 0.550999999
M1531 4 3 0.0075 0.992500000
M1532 4 3 0.4775 0.522500008
M1533 4 3 0.8640 0.135999978
M1534 4 3 0.4760 0.523999989
M1535 4 3 0.4585 0.541500002
M1536 4 3 0.6865 0.313499987
M1537 4 3 0.6080 0.392000020
M1538 4 3 0.6850 0.314999998
M1539 4 3 0.5525 0.447499990
M1540 4 3 0.5695 0.430499971
M1541 4 3 0.3525 0.647500008
M1542 4 3 0.2405 0.759499997
M1543 4 3 0.3445 0.655499995
M1544 4 3 0.3590 0.641000003
M1545 4 3 0.3605 0.639499992
M1546 4 3 0.2435 0.756500006
M1547 4 3 0.8190 0.180999994
M1548 4 3 0.7465 0.253499985
M1549 4 3 0.4860 0.513999999
M1550 4 3 0.1850 0.814999998
M1551 4 3 0.7215 0.278500021
M1552 4 3 0.1410 0.858999997
M1553 4 3 0.7180 0.282000005
M1554 4 3 0.6295 0.370500028
M1555 4 3 0.1715 0.828500003
M1556 4 3 0.4935 0.506500006
M1557 4 3 0.7830 0.217000008
M1558 4 3 0.4710 0.529000014
M1559 4 3 0.6045 0.395500004
M1560 4 3 0.6945 0.305499971
M1561 4 3 0.5130 0.486999989
M1562 4 3 0.8650 0.134999990
M1563 4 3 0.3630 0.636999995
M1564 4 3 0.7130 0.287000000
M1565 4 3 0.8655 0.134500027
M1566 4 3 0.8755 0.124499977
M1567 4 3 0.8050 0.194999993
M1568 4 3 0.8975 0.102500021
M1569 4 3 0.4310 0.569000006
M1570 4 3 0.3260 0.673999995
M1571 4 3 0.7290 0.271000028
M1572 4 3 0.7470 0.253000021
M1573 4 3 0.1755 0.824499995
M1574 4 3 0.3750 0.625000000
M1575 4 3 0.1920 0.807999998
M1576 4 3 0.6050 0.394999981
M1577 4 3 0.8065 0.193499982
M1578 4 3 0.1910 0.809000000
M1579 4 3 0.0305 0.969500000
M1580 4 3 0.5900 0.410000026
M1581 4 3 0.2430 0.756999999
M1582 4 3 0.1635 0.836500004
M1583 4 3 0.2105 0.789499998
M1584 4 3 0.5755 0.424499989
M1585 4 3 0.5340 0.466000021
M1586 4 3 0.4505 0.549499989
