ID sire dam generation sex phen env tbvp gebvp
   1  943 1121 1 F  3.962970374  0.9940003676  1.649849714 0
   2  943 1121 1 F  3.503251366  0.7662530385  1.519566813 0
   3  943 1121 1 M  3.851766844  0.4195951708  1.782129606 0
   4  943 1121 1 M  2.303135364 -0.6136647845  1.474566953 0
   5  943 1121 1 M  4.461021132  1.3476193564  1.763326509 0
   6  943  340 1 M  2.309204975 -0.6436435710  1.644823738 0
   7  943  340 1 F  2.747642470 -0.1349779896  1.549032469 0
   8  943  340 1 M  2.687832794  0.2006147982  1.488996876 0
   9  943  340 1 F  2.932274075  0.4900775643  1.391472470 0
  10  943  340 1 M  1.287263005 -0.9415112803  1.439585925 0
  11  616  528 1 F  2.524959844 -0.0990516682  1.565545762 0
  12  616  528 1 F  1.898250553 -0.1791061536  1.403444474 0
  13  616  528 1 F  3.149614578  0.8497096864  1.300690258 0
  14  616  528 1 F  1.119652445 -1.3502384502  1.418691427 0
  15  616  528 1 M  1.793929114 -0.4263950873  1.364464428 0
  16  616  382 1 M  2.636449510  1.0887335345  1.242518458 0
  17  616  382 1 F  0.018563983 -1.0340313015  1.173631270 0
  18  616  382 1 M  2.290722707  0.5354011263  1.230802327 0
  19  616  382 1 M  1.304362825 -0.5121579841  1.310314046 0
  20  616  382 1 M  2.392359047 -0.3335361520  1.518609473 0
  21  602 1136 1 M -0.698511102  0.2101690260  0.305996699 0
  22  602 1136 1 M -0.713974525  0.1157705192  0.331378857 0
  23  602 1136 1 M -0.234269539  0.6846041186  0.219146005 0
  24  602 1136 1 F -1.255227532 -0.1862440810  0.128291258 0
  25  602 1136 1 M -1.646490957 -1.1584916961  0.426784428 0
  26  602 1119 1 F  2.696584287  0.2510681870  1.454795499 0
  27  602 1119 1 F  2.551081123 -0.4734577854  1.744184287 0
  28  602 1119 1 M  2.085156397 -0.5591058165  1.551645830 0
  29  602 1119 1 F  2.405334594  0.1114891562  1.513972861 0
  30  602 1119 1 F  3.243538092  0.4584836800  1.653436525 0
  31  868  980 1 M  0.499416589 -0.5264104507  1.086396587 0
  32  868  980 1 F  3.339166052  0.8536236876  1.395174531 0
  33  868  980 1 F  0.037478460 -0.7740004227  1.083080544 0
  34  868  980 1 F  1.855498254  0.1449159194  1.293568082 0
  35  868  980 1 M  1.317393033 -0.4616784453  1.307033458 0
  36  868  530 1 M  0.439921830 -1.4392882060  1.196353708 0
  37  868  530 1 F  1.158001540 -0.1155262135  1.257756299 0
  38  868  530 1 M  0.745867473 -0.0626405091  1.105174063 0
  39  868  530 1 F  0.727872829 -0.3026957980  1.112812936 0
  40  868  530 1 M  2.892100460  0.5194761195  1.464732417 0
  41 1299 1118 1 M  1.395202333 -0.8959830458  1.442353491 0
  42 1299 1118 1 F  1.844458807 -0.7076383644  1.487301045 0
  43 1299 1118 1 M  2.051156716 -0.7644757661  1.538920737 0
  44 1299 1118 1 F  2.118586050 -0.2741845925  1.494442497 0
  45 1299 1118 1 F  2.214804425 -0.0211730905  1.289743973 0
  46 1299 1231 1 M  2.483808406 -0.1536915084  1.562621465 0
  47 1299 1231 1 F  2.454559140  0.8269043534  1.295095617 0
  48 1299 1231 1 M  1.879023301  0.3807489244  1.252569636 0
  49 1299 1231 1 F  2.859466749  0.2559020764  1.495586283 0
  50 1299 1231 1 M  0.129259822 -1.5801097405  1.338974222 0
  51  965 1230 1 F  3.848052670  1.7026606212  1.501311244 0
  52  965 1230 1 M  2.859202304  0.8267254024  1.287214911 0
  53  965 1230 1 F  1.926274316  0.6838786436  1.160380234 0
  54  965 1230 1 M  1.611158116 -0.5311516543  1.461262658 0
  55  965 1230 1 M  1.450921805  0.1695302046  1.176278732 0
  56  965  389 1 M  2.351575085  0.8296449804  1.353472852 0
  57  965  389 1 M  1.888487956  0.1973377028  1.357387692 0
  58  965  389 1 M  1.285143258 -0.4255346691  1.287844783 0
  59  965  389 1 M  3.079232120  0.2780301029  1.618381484 0
  60  965  389 1 F  1.051999055 -0.1999865348  1.382607286 0
  61  401 1059 1 M  3.833042693  1.3120530248  1.657813330 0
  62  401 1059 1 M  2.324396754 -0.1303159304  1.754413430 0
  63  401 1059 1 M  1.511246442 -0.6820915443  1.423285177 0
  64  401 1059 1 F  2.027120107  0.3783156151  1.374584273 0
  65  401 1059 1 F  0.549799581 -1.0007107701  1.279552849 0
  66  401 1135 1 M -1.255051477 -0.9715332738  0.575797881 0
  67  401 1135 1 M  0.195387688  0.0272321308  0.663319378 0
  68  401 1135 1 F -1.139203315 -0.3113935892  0.243151630 0
  69  401 1135 1 F  0.056794703  0.0945331405  0.670909573 0
  70  401 1135 1 F -0.256250013  0.0559101822  0.507863870 0
  71  603  977 1 F  1.904094236 -0.5587786890  1.535943649 0
  72  603  977 1 F  1.128815864 -0.3414483981  1.196805468 0
  73  603  977 1 F  3.445568582  0.8439497807  1.610921530 0
  74  603  977 1 M  1.124035124 -0.4113814386  1.202619791 0
  75  603  977 1 F  2.567662822  0.2896596086  1.540092151 0
  76  603 1198 1 F  0.666329815  0.1990556390  0.797434041 0
  77  603 1198 1 F  0.770497816 -0.2383700157  1.056232877 0
  78  603 1198 1 F  1.764456694  0.5630496336  1.193597453 0
  79  603 1198 1 F  2.294423171  0.2279798094  1.304581825 0
  80  603 1198 1 M  1.049907934 -0.2220355142  1.173941619 0
  81  509  497 1 F  0.300525094 -1.3067825904  1.103275151 0
  82  509  497 1 F  1.723871141 -0.0389231033  1.211926902 0
  83  509  497 1 F  0.599405105 -0.5590124155  1.034796128 0
  84  509  497 1 M  2.044190844 -0.0555892186  1.270314971 0
  85  509  497 1 M  1.180673938 -0.4878590665  1.185804156 0
  86  509 1139 1 F  1.473140805  0.7060654971  0.940312406 0
  87  509 1139 1 F  1.123040758  0.5473214590  1.012086162 0
  88  509 1139 1 F  1.267134200  0.0464422566  1.080757566 0
  89  509 1139 1 F  1.839511435  0.4220977918  1.227018785 0
  90  509 1139 1 F  2.144224974  0.2396543823  1.383442193 0
  91  938 1123 1 F  4.383422778  1.2611192275  1.590294356 0
  92  938 1123 1 F  3.158138448  0.2967265941  1.514757914 0
  93  938 1123 1 M  1.958426871 -0.0716144646  1.299484077 0
  94  938 1123 1 F  2.477953693 -0.2212951967  1.477338517 0
  95  938 1123 1 F  2.590157149  0.0683180736  1.485399808 0
  96  938 1193 1 M  3.545815500  0.6173631294  1.549738952 0
  97  938 1193 1 F  3.223063618  0.5377004247  1.471200017 0
  98  938 1193 1 F  1.664296861 -0.0146620660  1.229057400 0
  99  938 1193 1 M  2.325184548  0.1999482473  1.351925088 0
 100  938 1193 1 M  2.587219383  0.2184893822  1.457886124 0
 101  604  500 1 F  3.282097294  1.0290239015  1.536854442 0
 102  604  500 1 M  2.921935318  0.2379390811  1.500098368 0
 103  604  500 1 M  2.468287780  0.3108355349  1.328106457 0
 104  604  500 1 F  1.386022296 -0.1362663913  1.116821220 0
 105  604  500 1 F  2.343098056 -0.2153866796  1.425668718 0
 106  604 1194 1 M  1.929905395  0.5636584849  1.259505113 0
 107  604 1194 1 M  1.202373155 -0.1927958969  1.316071414 0
 108  604 1194 1 M  1.817298866 -0.4771566802  1.377934634 0
 109  604 1194 1 F  2.834789446  0.2724431603  1.526864742 0
 110  604 1194 1 M  3.070156181  0.6105741661  1.395289053 0
 111  402  518 1 F  0.174336178 -1.0300629716  1.176906859 0
 112  402  518 1 M  2.451214524  0.1058027243  1.563357309 0
 113  402  518 1 M  3.295244467  0.6347768614  1.679843586 0
 114  402  518 1 F  2.935240612  0.5804628196  1.595788656 0
 115  402  518 1 M  3.115423896  0.7269509946  1.439333261 0
 116  402  786 1 M  2.730440317  0.0191405816  1.607152224 0
 117  402  786 1 M  2.711511062  0.4165110818  1.493550788 0
 118  402  786 1 F  2.102685760 -0.3326426745  1.558661264 0
 119  402  786 1 M  1.769541768 -0.1576632516  1.519905609 0
 120  402  786 1 M -0.075847678 -1.2999213325  1.283335038 0
 121  703 1057 1 F -0.023706928  0.7147286912  0.116341593 0
 122  703 1057 1 M -1.640777679 -0.3594389165 -0.039414382 0
 123  703 1057 1 F -1.740821398 -0.5815082341  0.265103628 0
 124  703 1057 1 M -0.446808360  0.5257310028  0.213332333 0
 125  703 1057 1 M  0.273336083  0.7673045852  0.282913411 0
 126  703  334 1 F -0.006834100  0.6834155457  0.432786894 0
 127  703  334 1 M -1.506673828 -0.9198986197  0.444822428 0
 128  703  334 1 M -1.708386630 -0.8513449430  0.250455479 0
 129  703  334 1 M  0.428044079  0.8738660173  0.503010242 0
 130  703  334 1 M -1.955647810 -1.0917497047  0.469243635 0
 131  940  780 1 F -2.492534976 -1.4881100558  0.241804263 0
 132  940  780 1 M -0.534693349  0.6651430979  0.272657347 0
 133  940  780 1 M -2.152090715 -0.8929255297  0.198546055 0
 134  940  780 1 M  0.170945855  0.9827562100  0.378014124 0
 135  940  780 1 M -1.471498943 -0.6452361773  0.235525613 0
 136  940 1195 1 M  1.307694214 -0.2359023079  1.136448255 0
 137  940 1195 1 F  3.351946950  0.9416657371  1.528569952 0
 138  940 1195 1 F  1.542572299 -0.4594541666  1.388706013 0
 139  940 1195 1 M  1.791657941 -0.1555717925  1.487545570 0
 140  940 1195 1 M  1.856482005  0.8899487732  1.196895777 0
 141  652  441 1 M  2.290570464  0.9718912526  1.385380153 0
 142  652  441 1 F  2.986916890  0.7147896034  1.492572235 0
 143  652  441 1 F  4.216039692  1.4271240293  1.555611693 0
 144  652  441 1 F  1.555259703  0.2425026113  1.300854110 0
 145  652  441 1 F  2.181860097  0.8619087018  1.245196656 0
 146  652  979 1 M  3.332237694  0.5888745423  1.561091124 0
 147  652  979 1 M  1.563307756 -0.8159224129  1.398980952 0
 148  652  979 1 M  1.283594421 -0.3543979394  1.327000609 0
 149  652  979 1 F  1.891538247 -0.1633897584  1.410524097 0
 150  652  979 1 F  2.139523479  0.2735244824  1.300424726 0
 151  676  361 1 F  1.163220189  0.1142063600  1.308509796 0
 152  676  361 1 M  1.457697045  0.6788978172  1.270846356 0
 153  676  361 1 M  1.133114537 -0.1050475167  1.158897720 0
 154  676  361 1 F  1.940358621  0.3026700260  1.141629883 0
 155  676  361 1 F  2.391194959  0.3818942099  1.283449379 0
 156  676  349 1 F  1.483578775  0.4230152217  1.014634632 0
 157  676  349 1 M  1.156838614  0.0997390814  1.002255007 0
 158  676  349 1 M  0.808118532 -0.7722999135  1.392504467 0
 159  676  349 1 F  1.720090048  0.5205453532  1.226919808 0
 160  676  349 1 F  1.347009248 -0.0014754696  1.272854756 0
 161  788  359 1 F  2.405583808 -0.0202347782  1.432722084 0
 162  788  359 1 F  2.791288004  0.2928439790  1.458513211 0
 163  788  359 1 M  2.103476492 -0.4332273912  1.424719598 0
 164  788  359 1 F  2.297486879 -0.2788780932  1.447404343 0
 165  788  359 1 M  2.525505711  0.8349844490  1.375790455 0
 166  788  331 1 F  2.285079872  0.6094443690  1.423628198 0
 167  788  331 1 M  0.890789712 -0.0912657923  1.245377950 0
 168  788  331 1 F  2.155271031  0.6071183351  1.319060776 0
 169  788  331 1 M  1.196057957 -0.4161136166  1.294045194 0
 170  788  331 1 F  0.897862374 -0.0888309504  1.111600193 0
 171  936  598 1 F  1.789647707 -0.0879576655  1.253040905 0
 172  936  598 1 F  0.189297002 -0.6513969579  0.897418808 0
 173  936  598 1 F  2.956904591  0.8873073016  1.395344459 0
 174  936  598 1 M  3.113608063  1.5383902800  1.190206243 0
 175  936  598 1 F  1.303150832 -0.1682472501  1.147170027 0
 176  936  599 1 F  1.787662935 -0.2775208655  1.298541219 0
 177  936  599 1 F  1.821807374 -0.1163285327  1.255165050 0
 178  936  599 1 M  1.933227528  0.3694668225  1.195224503 0
 179  936  599 1 F  0.736429178  0.0135536798  0.960714185 0
 180  936  599 1 F  1.040052991 -0.9743414313  1.266715279 0
 181 1040 1223 1 F  1.956238367 -0.2526090598  1.492121916 0
 182 1040 1223 1 M  2.764887888  0.3703032955  1.457370546 0
 183 1040 1223 1 F  2.601443055  0.2048968546  1.523557263 0
 184 1040 1223 1 M  1.977151461 -0.4951937250  1.596355283 0
 185 1040 1223 1 M  3.943206967  1.5475058653  1.441865473 0
 186 1040  626 1 M  0.920069638 -0.3741147955  1.142684877 0
 187 1040  626 1 M  1.126739931 -0.4529745642  1.298162716 0
 188 1040  626 1 M  1.437490315 -0.0649751478  1.298792234 0
 189 1040  626 1 F  0.791258533  0.2114332885  0.891689025 0
 190 1040  626 1 F  1.365050946 -0.0363204272  1.220330147 0
 191 1055  470 1 F  3.160854324  0.7370076471  1.322546661 0
 192 1055  470 1 F  1.629850871 -0.6488006723  1.267150503 0
 193 1055  470 1 M  2.679172021  0.4916674668  1.357037514 0
 194 1055  470 1 M  4.646564203  1.9572465517  1.426898302 0
 195 1055  470 1 M  4.308294331  1.2911916378  1.593698664 0
 196 1055  516 1 F  2.109580413 -0.2422394872  1.410476828 0
 197 1055  516 1 F  0.961561002 -0.9916971860  1.248977672 0
 198 1055  516 1 F  0.642585350 -0.7630448146  1.270419375 0
 199 1055  516 1 M  1.216083865 -0.1428675917  1.259703984 0
 200 1055  516 1 M  3.161320378  1.4641791654  1.321321700 0
 201 1136  741 1 M -0.748826166 -1.5083317972  1.003357167 0
 202 1136  741 1 F  0.507511597 -0.3617131715  0.913092211 0
 203 1136  741 1 F  2.370618032  0.9496004852  1.146930275 0
 204 1136  741 1 M  2.423368152  1.0164107400  1.134717581 0
 205 1136  741 1 M  0.304249812 -1.1491692306  1.157829313 0
 206 1136  974 1 M  1.749054329 -0.6747278554  1.421388796 0
 207 1136  974 1 F  2.051756774  0.1066170289  1.229780174 0
 208 1136  974 1 F  2.865972637  0.0829070062  1.560203461 0
 209 1136  974 1 F  2.270486654 -0.7939902747  1.696997585 0
 210 1136  974 1 M  2.799058335 -0.1184607585  1.645444251 0
 211  787 1288 1 M  3.938283527  0.5653423819  1.765299936 0
 212  787 1288 1 M  3.176248415  1.4271524835  1.359971348 0
 213  787 1288 1 M  2.668829438  0.3896764146  1.507670811 0
 214  787 1288 1 M  2.721317930 -0.3364815796  1.590526738 0
 215  787 1288 1 M  3.769057789  0.3456829896  1.695159836 0
 216  787 1113 1 M  1.691847209  0.2654389883  1.289045615 0
 217  787 1113 1 M  1.615017591 -0.6026331120  1.470466982 0
 218  787 1113 1 F  3.128592015 -0.2492481847  1.695085076 0
 219  787 1113 1 M  2.632896114  0.7656311375  1.314233449 0
 220  787 1113 1 M  3.467995002  0.1770223398  1.704009936 0
 221  747  712 1 M -1.276617972 -0.7496920371  0.463364502 0
 222  747  712 1 M -0.943446519  0.2770167513  0.276801643 0
 223  747  712 1 F -1.227025594 -0.6259191730  0.330133960 0
 224  747  712 1 M -0.880176179 -0.5076062122  0.432108865 0
 225  747  712 1 M -0.570891209 -0.0822326305  0.503416326 0
 226  747  731 1 M  4.002911264  0.6057585596  1.689042619 0
 227  747  731 1 M  2.301536038 -0.4951497595  1.636963158 0
 228  747  731 1 F  2.091600978 -0.1480240194  1.377135715 0
 229  747  731 1 M  2.064541799 -1.2796156038  1.657938078 0
 230  747  731 1 M  1.120641065 -1.5727228026  1.612448104 0
 231  502  829 1 M  2.013567704 -0.8556715074  1.611415482 0
 232  502  829 1 M  2.440058107  0.1435566486  1.347792985 0
 233  502  829 1 F  2.829701266  0.4845716574  1.454159160 0
 234  502  829 1 F -0.176110859 -1.4458223959  1.080341940 0
 235  502  829 1 M  1.886790123 -0.0018591619  1.279586714 0
 236  502  737 1 M  0.701700983 -0.3863628108  1.063849977 0
 237  502  737 1 M  1.486378265 -0.2464584635  1.227005807 0
 238  502  737 1 M  2.744768378  0.4057924662  1.467128300 0
 239  502  737 1 F  1.540713960 -1.4148849216  1.600192942 0
 240  502  737 1 F  3.168809177  1.0192292650  1.304404898 0
 241  779 1201 1 F -0.229385049 -0.9126618877  0.940984511 0
 242  779 1201 1 M  1.909569519  1.3125739267  0.931421062 0
 243  779 1201 1 F  2.666423904  0.6019480245  1.322387580 0
 244  779 1201 1 M  1.316020127  0.6794263304  0.922380031 0
 245  779 1201 1 F  1.199662719  0.4036588379  0.964452620 0
 246  779  478 1 M  2.440651268  0.1541213602  1.420500529 0
 247  779  478 1 M  2.762056202  0.4666043367  1.323613684 0
 248  779  478 1 F  1.652951280 -0.1654247301  1.227141808 0
 249  779  478 1 F  0.427599818 -1.8270232957  1.419129968 0
 250  779  478 1 M  1.044714501 -1.1976446661  1.468849664 0
 251 1070 1227 1 M  0.104011657 -1.0364567141  1.065547356 0
 252 1070 1227 1 M  0.328676482 -0.2998146812  0.908985000 0
 253 1070 1227 1 M  0.280034212 -0.8979757430  1.127355216 0
 254 1070 1227 1 F  1.628782008  0.7051283036  0.988183769 0
 255 1070 1227 1 F  0.882970066 -0.1764697370  1.148665983 0
 256 1070  879 1 F  2.001761998  0.4414775313  1.282152250 0
 257 1070  879 1 F  1.442749283  0.5517591994  1.096395283 0
 258 1070  879 1 M  1.504201142 -1.1211160845  1.562995733 0
 259 1070  879 1 F  0.578266463 -0.5226931943  1.106689785 0
 260 1070  879 1 M  1.833761541 -0.5511870814  1.496435595 0
 261 1135  629 1 M  2.488152424  0.7474322369  1.210143641 0
 262 1135  629 1 M  2.737764215  0.3192703851  1.516021432 0
 263 1135  629 1 M  3.502183098  0.5195154491  1.543589670 0
 264 1135  629 1 M  1.824281886  0.1444450254  1.186783769 0
 265 1135  629 1 M  1.820383494 -0.6988488444  1.515414689 0
 266 1135  333 1 F  0.723961325 -1.0624492051  1.175366786 0
 267 1135  333 1 M  2.287572863  0.5214401792  1.168127099 0
 268 1135  333 1 M  1.820490847 -0.2147756217  1.342762128 0
 269 1135  333 1 F  2.112672041 -0.7711480538  1.607403686 0
 270 1135  333 1 M  2.452351686  0.3090413925  1.468917230 0
 271  408  526 1 F  1.731580692 -0.3194868764  1.166696737 0
 272  408  526 1 M  1.871906004  0.0209044993  1.298152907 0
 273  408  526 1 M  2.293626768 -0.1368798559  1.407075230 0
 274  408  526 1 F  1.984950683  0.6138390853  0.995512990 0
 275  408  526 1 M  1.516712331 -0.4066084444  1.272593157 0
 276  408 1098 1 M  2.827500889  0.9099583072  1.442140510 0
 277  408 1098 1 M  2.443479986  0.9353449683  1.311068752 0
 278  408 1098 1 F  1.953243049  0.3367216638  1.290336602 0
 279  408 1098 1 F  2.400214989 -0.0406119237  1.511278053 0
 280  408 1098 1 M  1.932379920 -0.3898508878  1.378682827 0
 281 1071 1259 1 M  2.109650737  0.4233565240  1.194658501 0
 282 1071 1259 1 F  1.984283110 -0.3982167742  1.338963600 0
 283 1071 1259 1 M  0.184400760 -0.7591383240  1.088798886 0
 284 1071 1259 1 F  0.747531964 -1.0963147658  1.148593362 0
 285 1071 1259 1 F  2.358862287  0.3601080325  1.296829438 0
 286 1071 1148 1 F -1.299971378 -0.2582135376  0.228549311 0
 287 1071 1148 1 F -0.704600357  0.5566796884  0.024299363 0
 288 1071 1148 1 F -3.020322957 -1.7573236033  0.022173820 0
 289 1071 1148 1 F -1.633164873 -0.4189982316  0.092143289 0
 290 1071 1148 1 F -1.059886726  0.2484725442  0.191638313 0
 291 1134 1216 1 M  2.621198651  0.7536576916  1.158101694 0
 292 1134 1216 1 M  2.495429741  0.3311743403  1.346813981 0
 293 1134 1216 1 F  1.786358096 -0.1945723750  1.288181192 0
 294 1134 1216 1 M  1.207403570 -0.7510237985  1.278495813 0
 295 1134 1216 1 M  0.923918769 -0.6544683301  0.996768026 0
 296 1134  523 1 F  2.320257613  0.4695960206  1.169587027 0
 297 1134  523 1 F  2.291894987  0.2722697053  1.317716715 0
 298 1134  523 1 F -0.906301234 -2.0569633546  1.061225781 0
 299 1134  523 1 M  2.512862144 -0.1560012241  1.490060752 0
 300 1134  523 1 M  2.048461659  0.4195779240  1.158936477 0
 301  946 1153 1 M  0.804726181 -0.3695611339  0.984432644 0
 302  946 1153 1 F  2.679731916  1.2952875819  1.054400039 0
 303  946 1153 1 F  1.243582964  0.8264177965  0.885250178 0
 304  946 1153 1 F  1.750367873  0.7477394862  1.013742886 0
 305  946 1153 1 F  0.765939478 -0.2711633132  0.919234494 0
 306  946  972 1 M  2.633441768  0.0379808581  1.430742924 0
 307  946  972 1 F  2.716563579  0.9315992096  1.226575261 0
 308  946  972 1 F  1.570110568 -0.8897124613  1.347812485 0
 309  946  972 1 F  0.363571279 -0.7985634639  1.018057249 0
 310  946  972 1 M  1.412554397 -0.5785232614  1.196515157 0
 311  508  956 1 M  1.274271300 -0.0973974807  1.247958667 0
 312  508  956 1 M  1.353879564  0.1900500678  1.123096740 0
 313  508  956 1 F  2.028175012 -0.4078687834  1.581674831 0
 314  508  956 1 F  1.523748966 -0.1157812232  1.396601137 0
 315  508  956 1 M  1.949973945 -0.0651892958  1.344464914 0
 316  508  563 1 M  1.662367830  0.9033048839  0.932359007 0
 317  508  563 1 F -0.720301584 -0.9673351938  0.804617918 0
 318  508  563 1 M  2.136179557  0.8646133122  1.188076401 0
 319  508  563 1 M  0.539288501 -0.0635452037  0.898316584 0
 320  508  563 1 M  0.503288279 -0.3408740781  1.037794014 0
 321  417  539 1 M  1.752786988 -0.5131375004  1.365310918 0
 322  417  539 1 M  1.118711279 -1.2019100776  1.425932831 0
 323  417  539 1 M  1.596910942 -0.6209673772  1.370608758 0
 324  417  539 1 F  2.959124461  0.8569203472  1.390988560 0
 325  417  539 1 F  2.490557301  0.1587554613  1.421417927 0
 326  417  527 1 M  1.451546225  0.5615493063  1.152591982 0
 327  417  527 1 M -0.314941931 -0.6747530890  0.837980695 0
 328  417  527 1 F  0.615017330 -0.8118475369  1.100510274 0
 329  417  527 1 M  0.450900739 -0.6396412516  1.056305122 0
 330  417  527 1 F  1.553097126 -1.0917882074  1.520608909 0
 331  701  620 1 F  0.973118806  0.5683875806  0.954594152 0
 332  701  620 1 M -0.008605925 -0.8244099580  1.051995238 0
 333  701  620 1 M  1.593395779  0.0003455658  1.276803182 0
 334  701  620 1 F  1.234521664 -0.5589349290  1.326898555 0
 335  701  620 1 F  3.069703466  0.2477795603  1.529707364 0
 336  701  850 1 F  2.570056706  1.2030330860  1.161388337 0
 337  701  850 1 F -0.153456567 -1.6632502099  1.160398288 0
 338  701  850 1 M  1.452393510 -0.1491098591  1.284573572 0
 339  701  850 1 M  1.156887979 -0.2862743189  1.171777734 0
 340  701  850 1 M  0.854095624 -1.0503043636  1.303015568 0
 341 1138 1183 1 M  2.475673603  0.4142802627  1.277370064 0
 342 1138 1183 1 F  2.674420727  0.6390356611  1.167760473 0
 343 1138 1183 1 M  2.437410010  0.1218207340  1.409819670 0
 344 1138 1183 1 F  2.071271973  0.0340799494  1.134131839 0
 345 1138 1183 1 M  2.340009787 -0.1985182315  1.379917608 0
 346 1138  605 1 M  2.044109455 -0.3838600460  1.598898531 0
 347 1138  605 1 F  0.862283320 -1.2813100171  1.453055150 0
 348 1138  605 1 F  0.501355540 -0.9366142894  1.172534394 0
 349 1138  605 1 M  3.436566400  0.8654551686  1.480352597 0
 350 1138  605 1 F  3.150568612  0.4708645921  1.575559243 0
 351 1075  435 1 M  1.197656093  0.3535757604  1.016673610 0
 352 1075  435 1 M  2.037452266  1.3616893651  0.939679459 0
 353 1075  435 1 F  0.611917783 -0.1462719775  0.988674679 0
 354 1075  435 1 M  1.388409817  0.4438979270  1.036660558 0
 355 1075  435 1 F -0.936245722 -1.7107987935  0.987659871 0
 356 1075  964 1 M  1.940009055  0.1640752831  1.156746620 0
 357 1075  964 1 F  1.823283203  0.7080136135  0.984637147 0
 358 1075  964 1 F  2.513915488  0.4561309650  1.292570319 0
 359 1075  964 1 F -0.207228804 -1.4322291156  1.048317083 0
 360 1075  964 1 M  2.201612376  0.3391184984  1.240319410 0
 361 1052  326 1 M  2.384107952  0.9441101010  1.251970228 0
 362 1052  326 1 M  1.622760658  0.1332146432  1.183061280 0
 363 1052  326 1 M  3.538449288  1.7459546212  1.313049594 0
 364 1052  326 1 M  1.530326046 -0.6536904325  1.405657988 0
 365 1052  326 1 M  1.296673225 -0.2139152300  1.167269468 0
 366 1052 1062 1 M  1.131905013  0.2816108107  1.020115835 0
 367 1052 1062 1 F  0.284822927 -0.2449927884  0.866599062 0
 368 1052 1062 1 F  1.209989707  0.4149907594  0.903689978 0
 369 1052 1062 1 M  0.735666387  0.6183084033  0.762292027 0
 370 1052 1062 1 M  3.948923857  0.9188889607  1.742707461 0
 371  302  461 1 M  1.234790707 -0.0376696768  1.207904882 0
 372  302  461 1 F -0.239124221 -0.3012215709  0.813764404 0
 373  302  461 1 F  2.066682831  0.3967705490  1.222749873 0
 374  302  461 1 F  2.514339602  0.8424946766  1.255782853 0
 375  302  461 1 F -0.035532403 -0.3592310529  0.899014151 0
 376  302  305 1 M  2.025216785 -0.2436474149  1.309778969 0
 377  302  305 1 F  2.098439404 -0.0606641883  1.314450339 0
 378  302  305 1 M  2.042624370 -0.4955063873  1.447192166 0
 379  302  305 1 F  2.025235582 -0.0978112989  1.296938392 0
 380  302  305 1 F  1.012517534 -0.7724340038  1.248272889 0
 381  486  347 1 F  1.133480350 -0.9389623554  1.430581328 0
 382  486  347 1 M  1.805914650 -0.6567735057  1.356683484 0
 383  486  347 1 F  2.756191926 -0.3974471736  1.599135588 0
 384  486  347 1 M  0.183454916 -1.8010335375  1.305530173 0
 385  486  347 1 F  3.574221494  0.2871142982  1.765404317 0
 386  486  734 1 M  1.739049890 -0.5092309406  1.323641309 0
 387  486  734 1 F  3.102258874  0.9830719639  1.374430081 0
 388  486  734 1 F  2.567512695  1.5791879453  0.999515680 0
 389  486  734 1 M  0.874580209 -0.4701023884  1.085810395 0
 390  486  734 1 M  0.242346801 -0.8515180192  1.024732415 0
 391  945  927 1 M  2.239462960  0.3676718111  1.235215444 0
 392  945  927 1 M  2.278681647  0.3397444959  1.244737892 0
 393  945  927 1 M  1.936263399  0.4242680948  1.121214675 0
 394  945  927 1 F  2.336039404  0.1707618417  1.400738771 0
 395  945  927 1 M  2.525371290  0.2213322125  1.387646034 0
 396  945 1041 1 M  2.330482670  0.7468302918  1.180779210 0
 397  945 1041 1 F  1.934634818 -0.5252537699  1.439974870 0
 398  945 1041 1 F  2.739977667  0.8854727137  1.207571268 0
 399  945 1041 1 F  1.009781883  0.2451701755  0.919919217 0
 400  945 1041 1 M  3.380291622  0.7218798031  1.478241145 0
 401  746  987 1 F -0.234754651  1.0358927504  0.239626664 0
 402  746  987 1 M -0.525306660  0.4590327587  0.382983084 0
 403  746  987 1 M -0.426455017  0.1482547869  0.436726844 0
 404  746  987 1 M -1.045051268  0.3321727404  0.169746474 0
 405  746  987 1 F -1.575783476 -0.8865901962  0.458324791 0
 406  746  757 1 F  1.999817040 -0.1310226722  1.444666026 0
 407  746  757 1 F  1.880758448  0.5779936679  1.096653986 0
 408  746  757 1 F  1.662208280 -0.1850370306  1.460345897 0
 409  746  757 1 F  2.975367194  1.4003072710  1.206050719 0
 410  746  757 1 M  2.147021745  0.3848627789  1.252091208 0
 411 1137 1058 1 M  2.529965121  0.3531489963  1.431487927 0
 412 1137 1058 1 F  2.783104442  0.9554073816  1.204911473 0
 413 1137 1058 1 F  0.892496551 -0.7151543007  1.188884858 0
 414 1137 1058 1 F  2.228411174  0.2065979140  1.344620718 0
 415 1137 1058 1 F  3.018065704  0.8419673107  1.469705362 0
 416 1137  448 1 F  1.010215127 -0.2422209243  1.145107789 0
 417 1137  448 1 M  0.485212941 -0.6530160419  0.987758443 0
 418 1137  448 1 F  1.088439441 -0.5712942337  1.389463889 0
 419 1137  448 1 M  1.401948296 -0.3214981956  1.377599832 0
 420 1137  448 1 M  2.579415903  1.2059818273  1.074568819 0
 421  304 1182 1 F  2.276026982  0.8155613133  1.025355971 0
 422  304 1182 1 M  1.686473234  0.5596513860  0.927683425 0
 423  304 1182 1 F  1.217870318 -1.1276701325  1.364025731 0
 424  304 1182 1 F  0.920133574 -0.2832713699  1.123365922 0
 425  304 1182 1 F  2.992275623  1.1009336294  1.057646525 0
 426  304 1023 1 F  2.675220212  0.8051710028  1.297737047 0
 427  304 1023 1 M  2.947397909  1.2702685944  1.198694731 0
 428  304 1023 1 M  2.107390681  0.4165786445  1.243194619 0
 429  304 1023 1 F  0.617443996 -0.7353697856  1.217251214 0
 430  304 1023 1 F  1.255097600 -0.1967029084  1.117121628 0
 431  704  622 1 M  1.517029020  0.0443073117  1.161750260 0
 432  704  622 1 F  1.722086633  0.3039051985  1.149189974 0
 433  704  622 1 M  0.827252817  0.4384454150  0.925904162 0
 434  704  622 1 M  0.991272355  0.3845205009  0.920003427 0
 435  704  622 1 M  2.197345190  0.1679230446  1.314488895 0
 436  704 1225 1 M  2.253404706 -0.6758505192  1.544507623 0
 437  704 1225 1 M  2.189199444 -0.7153052399  1.527386880 0
 438  704 1225 1 M  3.774431198  1.0309625322  1.489179196 0
 439  704 1225 1 M  3.873495647  1.0581805069  1.601050579 0
 440  704 1225 1 M  1.009098084 -0.5220141967  1.186621835 0
 441  967  385 1 M  0.337589269  0.7890781232  0.351704243 0
 442  967  385 1 F -0.374633403 -0.0056961248  0.495941497 0
 443  967  385 1 F -0.547348531 -0.2134078090  0.331337027 0
 444  967  385 1 M  0.231274274  0.8925212226  0.226573913 0
 445  967  385 1 M -1.109899243 -0.6880726665  0.511209274 0
 446  967 1150 1 F  1.032419526 -0.6544426448  1.431961251 0
 447  967 1150 1 M  2.075306141  0.3291303760  1.309527526 0
 448  967 1150 1 M  2.127153469 -0.2947327282  1.460584534 0
 449  967 1150 1 M  0.751894859 -0.9691462142  1.209913827 0
 450  967 1150 1 F  1.336879710 -0.7365928029  1.392404212 0
 451  810  482 1 M  1.215696199 -0.6633330789  1.486295782 0
 452  810  482 1 M  2.227868157  0.2156143534  1.438826126 0
 453  810  482 1 M  1.772424876 -0.1134003272  1.377407235 0
 454  810  482 1 M  1.401773042 -0.6360410066  1.339126198 0
 455  810  482 1 F  1.009897241 -1.1678986674  1.435173798 0
 456  810  810 1 M -0.148963105  0.7552566866  0.350741044 0
 457  810  810 1 F -0.114279186  0.9592429482  0.325315124 0
 458  810  810 1 M -0.660558098  0.0905150951  0.284021182 0
 459  810  810 1 F -1.333749385 -0.6516784738  0.221787952 0
 460  810  810 1 M -2.023211711 -1.5951166230  0.366187524 0
 461  477  421 1 F  0.986268653  0.6159090573  0.832995892 0
 462  477  421 1 F -1.276285863 -1.2630031414  0.791300611 0
 463  477  421 1 M  0.084344832  0.2700949848  0.697847709 0
 464  477  421 1 F  2.085131058  0.4569688748  1.159393597 0
 465  477  421 1 F  0.611643599 -0.1506919343  0.968060398 0
 466  477  346 1 F  1.433800600  0.6410353642  0.940318171 0
 467  477  346 1 F  1.639217675  0.2723346571  1.066377562 0
 468  477  346 1 F  0.567921920 -0.3346086062  0.892894222 0
 469  477  346 1 M  1.642392151  0.3107641380  1.000205777 0
 470  477  346 1 M  2.324591229 -0.0744188579  1.360170421 0
 471  667 1081 1 F  1.165941405 -0.2942226196  1.021556143 0
 472  667 1081 1 F  1.239578427  1.0914099174  0.731715680 0
 473  667 1081 1 M  1.672792027 -0.0219232365  1.029425727 0
 474  667 1081 1 M  0.408710309 -0.3583194294  1.025385219 0
 475  667 1081 1 M -0.879913421 -0.7980848534  0.685042124 0
 476  667  625 1 F  1.186898290  0.7854643382  0.785997830 0
 477  667  625 1 F  1.121194242 -0.0371357915  1.020784519 0
 478  667  625 1 F -0.508435881 -0.7349789838  0.924391516 0
 479  667  625 1 M  1.942719766  0.2189646624  1.227873183 0
 480  667  625 1 F  1.067564612  0.5003832318  0.845254930 0
 481  318 1138 1 M -0.587817143  0.4187312915  0.271774936 0
 482  318 1138 1 F -0.243791620  0.9239209691  0.167387270 0
 483  318 1138 1 M -1.833888171 -0.9633754448  0.409394952 0
 484  318 1138 1 F -1.968015661 -0.9796179127  0.370650440 0
 485  318 1138 1 M -0.965338631  0.1418762058  0.304747923 0
 486  318 1249 1 F  2.402891537 -0.1724907424  1.446688869 0
 487  318 1249 1 F  3.188693973  0.9397276388  1.363593572 0
 488  318 1249 1 M  3.448151162  1.2917406553  1.300403613 0
 489  318 1249 1 M  0.144353617 -0.9499745152  1.013676545 0
 490  318 1249 1 M  1.195087526 -0.1653057466  1.098443337 0
 491  712  498 1 F  2.420654904  0.0451662871  1.403261552 0
 492  712  498 1 F  1.116212221  0.1604836299  1.168565587 0
 493  712  498 1 M  0.813732433 -0.7556605711  1.207237689 0
 494  712  498 1 M  3.336317600  0.7372033473  1.539897348 0
 495  712  498 1 M  1.624110923  0.5317068473  1.142694576 0
 496  712 1263 1 F  3.596329653  2.3096146531  1.111494269 0
 497  712 1263 1 M  0.283628033 -0.6573630881  0.992472626 0
 498  712 1263 1 M  2.112365960  0.5219333338  1.247507662 0
 499  712 1263 1 F  1.956932958  0.3450152810  1.194497509 0
 500  712 1263 1 F  1.061345178  1.1253760311  0.720628024 0
 501  714  447 1 M  3.584929311  2.0566924757  1.157119585 0
 502  714  447 1 M  2.103195805  0.2388694647  1.243828090 0
 503  714  447 1 F  1.157363960 -0.0884238197  1.262095006 0
 504  714  447 1 M  0.714367309 -0.8735849931  1.067100528 0
 505  714  447 1 F  1.395736157 -0.3515285947  1.325038274 0
 506  714  391 1 F  0.754091300 -0.6022033617  1.129851970 0
 507  714  391 1 F  1.128016415 -0.0216641985  1.033150016 0
 508  714  391 1 M  1.509530443 -0.6225124686  1.391293562 0
 509  714  391 1 M  1.006473434 -0.0542404293  1.124206802 0
 510  714  391 1 F  1.444998440  0.4757742481  1.106235930 0
 511  884 1221 1 F  2.081273934 -0.5960056154  1.406485034 0
 512  884 1221 1 F  2.441414168  0.1108375452  1.354926811 0
 513  884 1221 1 M  1.348552799 -1.1607785610  1.384266320 0
 514  884 1221 1 F  3.230012342  0.6183819046  1.442920840 0
 515  884 1221 1 M  2.790784013  0.3873302968  1.404111999 0
 516  884  785 1 F  0.968855139  0.0016773432  1.014262603 0
 517  884  785 1 F  0.275112098 -0.4799575085  0.974604326 0
 518  884  785 1 F  1.696656358  0.2367650835  1.128447712 0
 519  884  785 1 F  1.076656855 -0.0284173729  0.978395467 0
 520  884  785 1 F  0.828082463  0.3260133252  0.864929088 0
 521  867  714 1 F -0.946059847 -0.1967644457  0.166535787 0
 522  867  714 1 M -1.990881030 -0.8824845258  0.058574679 0
 523  867  714 1 M -1.456315967 -0.1873919319  0.007036478 0
 524  867  714 1 M  0.025449318  1.0339033057  0.163676082 0
 525  867  714 1 M -1.283118091 -0.6874164963  0.358734026 0
 526  867 1147 1 F  2.692185030  0.5002849382  1.293334434 0
 527  867 1147 1 F  2.582361502  0.3728043643  1.423365508 0
 528  867 1147 1 F  2.748462913  0.3391227903  1.503854601 0
 529  867 1147 1 M  1.243751331 -1.4412841939  1.590052402 0
 530  867 1147 1 M  2.951882606  0.5576547639  1.443228207 0
 531  792 1253 1 F  1.730605725 -0.0392906081  1.149224268 0
 532  792 1253 1 F  2.491013346  0.2802658932  1.339556317 0
 533  792 1253 1 M  0.990725943  0.3863461017  0.948943033 0
 534  792 1253 1 F  1.877147375 -0.0036533234  1.321059578 0
 535  792 1253 1 M  2.137339025 -0.3094597537  1.514691371 0
 536  792 1022 1 F  4.130251942  2.1969423203  1.346459660 0
 537  792 1022 1 M  1.842476189 -0.1641273872  1.316314290 0
 538  792 1022 1 F  2.526804785  0.8710079374  1.184185254 0
 539  792 1022 1 M  1.620110897 -0.3437209994  1.367248520 0
 540  792 1022 1 F  0.756910859 -0.6601923964  1.139969158 0
 541  613  926 1 F  3.163289180  0.9056759725  1.377146581 0
 542  613  926 1 M  2.856598093  0.5678641403  1.378839891 0
 543  613  926 1 F  2.061660903 -0.3816708778  1.387332238 0
 544  613  926 1 F  1.923805398 -0.3209541793  1.317973571 0
 545  613  926 1 M  2.006764962 -0.2331099046  1.381687653 0
 546  613 1037 1 F  2.339158362  0.2441452797  1.263827891 0
 547  613 1037 1 M  0.805011418 -0.2274151104  1.037147160 0
 548  613 1037 1 F  0.651637205 -0.7682881107  1.078802707 0
 549  613 1037 1 M  2.723213136  0.6349836831  1.280933029 0
 550  613 1037 1 F  0.651327284 -0.0320014840  0.856593045 0
 551  334 1220 1 F  2.626319026  0.6031008721  1.350061653 0
 552  334 1220 1 F  2.270242699 -0.0518515755  1.340651324 0
 553  334 1220 1 F  1.885075424 -0.3765350506  1.379343161 0
 554  334 1220 1 F  0.492906458 -0.8699785179  1.040074989 0
 555  334 1220 1 F  0.976453863 -0.1340618617  1.008329526 0
 556  334  417 1 M -0.491927709  0.1702666442  0.343068792 0
 557  334  417 1 M -1.274986990 -0.3231893032  0.443116102 0
 558  334  417 1 F -1.379294864 -0.8131685467  0.194463629 0
 559  334  417 1 F  0.449419446  1.0106213821  0.351723168 0
 560  334  417 1 M -1.925302632 -1.0712502186  0.392426003 0
 561 1028  329 1 M  2.486605970  0.0179052345  1.429570551 0
 562 1028  329 1 M  2.506622230 -0.0630490182  1.497303989 0
 563 1028  329 1 M  2.488668468  0.3894693707  1.433438989 0
 564 1028  329 1 M  2.990917082  0.6789596891  1.498540729 0
 565 1028  329 1 M  1.550553211 -0.4992561213  1.352495262 0
 566 1028  542 1 M  2.981410677  0.3741988785  1.491550108 0
 567 1028  542 1 F  2.209153375  0.4176553991  1.289984647 0
 568 1028  542 1 M  0.192896547 -0.4715364026  0.952596579 0
 569 1028  542 1 M  1.987026754  0.5087640287  1.101972673 0
 570 1028  542 1 M  0.656316186  0.1207154364  0.892294227 0
 571 1131  930 1 M  2.933505928  0.7975214811  1.416205898 0
 572 1131  930 1 M  2.224093565  0.2016729446  1.353281596 0
 573 1131  930 1 M  2.030254451 -0.1233386026  1.417713018 0
 574 1131  930 1 F  2.362809996  0.7731496938  1.207047414 0
 575 1131  930 1 F  1.489747610 -0.4799088627  1.242007526 0
 576 1131  495 1 M -1.138353355 -1.5548775643  0.920945635 0
 577 1131  495 1 M  1.384625842 -0.3479416295  1.135325371 0
 578 1131  495 1 F  0.296576063 -0.3883826292  0.879626852 0
 579 1131  495 1 M  1.695059880  0.9188117830  1.044542977 0
 580 1131  495 1 F  0.829613508 -0.1185465884  0.942123380 0
 581  661  339 1 M  2.584420977  0.4397225926  1.374994660 0
 582  661  339 1 M  3.235503130  0.7329408175  1.389499497 0
 583  661  339 1 M  1.225464591 -0.6630821086  1.219169857 0
 584  661  339 1 M  3.698001680  1.2862590244  1.337124098 0
 585  661  339 1 F  2.084941962 -0.1496355550  1.319719770 0
 586  661  756 1 M  2.079923862 -0.3143971893  1.403354034 0
 587  661  756 1 F  0.948625298 -0.1728280662  1.103782590 0
 588  661  756 1 M  1.322000317 -0.9832866076  1.385905198 0
 589  661  756 1 F  1.988525317 -0.1470701488  1.359926300 0
 590  661  756 1 F  1.533740084  0.3051613906  1.083838927 0
 591 1054  700 1 M  2.478637176  0.4598744876  1.394925635 0
 592 1054  700 1 M  1.033515549 -0.4793898085  1.038800763 0
 593 1054  700 1 M  1.813988890  0.5642967657  1.144663494 0
 594 1054  700 1 M  2.220260788  0.5500070553  1.306111044 0
 595 1054  700 1 M  1.558361059  0.3218223321  1.078457626 0
 596 1054  537 1 F  2.581853260  0.5140384341  1.326462722 0
 597 1054  537 1 M  2.163839480 -0.1352519878  1.439798321 0
 598 1054  537 1 M  2.371216799 -0.2836431277  1.544518108 0
 599 1054  537 1 F  1.620926842 -0.1714716007  1.208618155 0
 600 1054  537 1 F  2.357213582  0.2819177018  1.427389263 0
 601  407  955 1 M  1.274039053  0.2227491023  1.053205940 0
 602  407  955 1 M  1.648526629  0.2614457258  1.137236599 0
 603  407  955 1 M  2.533882151  1.4331796696  1.129693896 0
 604  407  955 1 F  1.331028669  0.1232351235  1.169624400 0
 605  407  955 1 M  0.926892536 -0.2936735672  1.082111032 0
 606  407  699 1 F  0.922881864 -0.1782395655  1.164096163 0
 607  407  699 1 F  0.570755632 -0.3131250994  1.053102082 0
 608  407  699 1 M  1.691827273  0.6658760502  1.147530064 0
 609  407  699 1 F  1.077858591 -0.6683628714  1.331822506 0
 610  407  699 1 F  2.404251667  0.9597515933  1.221320322 0
 611  724  678 1 M  1.520673572 -0.7003940047  1.281163140 0
 612  724  678 1 M  2.137239589  0.7868863004  0.956293797 0
 613  724  678 1 M  0.330342961 -0.4079858147  1.154959836 0
 614  724  678 1 M  0.851179598 -1.2023277442  1.259469494 0
 615  724  678 1 F  2.962235790  0.8921698684  1.290336642 0
 616  724  360 1 M  2.640948677  1.0794969478  1.123417088 0
 617  724  360 1 M  1.479495679 -0.2503091874  1.148652037 0
 618  724  360 1 F  2.133492220 -0.3298278746  1.382098722 0
 619  724  360 1 M  3.152205114  1.3186696692  1.110517314 0
 620  724  360 1 M  1.831078679 -0.2781347821  1.270172875 0
 621  666  778 1 M  1.363664250 -0.3851121017  1.195051803 0
 622  666  778 1 F  0.972898160 -0.6469312511  1.193015198 0
 623  666  778 1 M  1.161934869 -0.4568297884  1.180815113 0
 624  666  778 1 F  0.473079238 -0.4516071724  0.985878243 0
 625  666  778 1 F  1.035864501 -0.3496636672  1.161009343 0
 626  666  844 1 M  1.541162369  0.1615628335  1.189983780 0
 627  666  844 1 F  2.215464546 -0.0692166893  1.370172501 0
 628  666  844 1 M  2.530598345  0.1911586759  1.368530381 0
 629  666  844 1 M  2.872117255  1.3135053028  1.180613857 0
 630  666  844 1 F  1.847609251 -0.0285350444  1.254753602 0
 631 1038 1158 1 M -1.108596699 -0.8122162642  0.639453688 0
 632 1038 1158 1 M  0.595300584  0.7073866458  0.671341903 0
 633 1038 1158 1 F -1.181691228 -1.1102364965  0.718845108 0
 634 1038 1158 1 M  1.077194675  0.2086680233  0.986824155 0
 635 1038 1158 1 F  0.913593049 -0.4141559518  1.194470420 0
 636 1038  443 1 F -0.943301219 -1.5114257871  0.859960955 0
 637 1038  443 1 F -0.432620471 -1.0509341780  1.119635215 0
 638 1038  443 1 M  2.696536456  0.6649191443  1.445347947 0
 639 1038  443 1 F  1.632012298  0.2965406650  1.213411872 0
 640 1038  443 1 F  0.252683826 -1.0567045497  1.144374181 0
 641  556 1244 1 M  0.455238034 -0.7147528732  1.082700159 0
 642  556 1244 1 M  1.033259305  0.0303981381  1.199000829 0
 643  556 1244 1 F  0.971427555 -0.2955533491  1.089229968 0
 644  556 1244 1 M  0.986145456 -0.3571349358  1.188639138 0
 645  556 1244 1 M  1.074746842  0.4288965180  0.946472373 0
 646  556 1166 1 F  2.623668928  0.3141590216  1.382050866 0
 647  556 1166 1 F  2.059414767  0.6618380117  1.111033625 0
 648  556 1166 1 F  2.129144532 -0.4477712237  1.450444456 0
 649  556 1166 1 M  2.417809558  0.3782371312  1.265642171 0
 650  556 1166 1 M  2.449705467  0.8511914565  1.348717068 0
 651  987  564 1 F  1.249409548  0.3517871114  0.957245944 0
 652  987  564 1 F  3.156067344  1.2968286434  1.247379999 0
 653  987  564 1 F  1.577228415  0.3078761830  1.065433796 0
 654  987  564 1 M  0.689997164 -0.4086639430  0.973164793 0
 655  987  564 1 F  1.340394716 -0.0534646381  1.037511797 0
 656  987  474 1 M  2.523731168  0.3695837597  1.368533813 0
 657  987  474 1 M  1.099667460 -0.0378542962  1.093374113 0
 658  987  474 1 F  2.537345671  0.7416831661  1.176448015 0
 659  987  474 1 M  1.593155820 -0.0253104924  1.203549617 0
 660  987  474 1 F  2.118458426  0.1044773682  1.331508591 0
 661 1296  376 1 F  1.146675660  0.6571680362  0.932387435 0
 662 1296  376 1 M  2.284315102  0.7107852627  1.180298943 0
 663 1296  376 1 F  1.722793115  0.1120090007  1.235320905 0
 664 1296  376 1 F  2.779825284  1.1176991763  1.169539706 0
 665 1296  376 1 F -0.230633617 -1.1468748840  1.070063393 0
 666 1296  684 1 F  2.311476679  0.1915319703  1.372016344 0
 667 1296  684 1 M  1.982741544 -0.1375191386  1.431795464 0
 668 1296  684 1 F  4.158365380  2.0931968500  1.275890497 0
 669 1296  684 1 M  1.938708000 -0.3906112346  1.405863587 0
 670 1296  684 1 M  0.052651526 -1.7328837300  1.336063027 0
 671  780 1296 1 F -0.242502518  0.5915163676  0.215054194 0
 672  780 1296 1 M -0.860429762 -0.0488318770  0.310423397 0
 673  780 1296 1 F -0.499821759  0.4389875319  0.211762001 0
 674  780 1296 1 F -1.547116011 -0.8178861398  0.256543901 0
 675  780 1296 1 F -0.397347893  0.7204895002  0.131405074 0
 676  780 1061 1 M  0.137256481 -1.3880984442  1.172096966 0
 677  780 1061 1 M  1.859052445  0.2529707925  1.265231032 0
 678  780 1061 1 M  3.778731572  1.0809638858  1.616748971 0
 679  780 1061 1 M  2.493022340  0.3803436400  1.385778679 0
 680  780 1061 1 M  1.497123354 -0.3079875199  1.401149410 0
 681 1086  986 1 M  2.380888826  0.1570285139  1.457030035 0
 682 1086  986 1 F  0.819511256 -0.0363237081  1.095397740 0
 683 1086  986 1 M  0.685360417 -0.3158292903  0.997060662 0
 684 1086  986 1 F  2.472631648  0.9827655208  1.096152678 0
 685 1086  986 1 M  2.880073529 -0.0183620778  1.498841390 0
 686 1086  697 1 M  2.189412294  0.3894660749  1.290199298 0
 687 1086  697 1 F  2.424988282 -0.5809541045  1.488431355 0
 688 1086  697 1 F  1.877881685 -0.1567203794  1.388936061 0
 689 1086  697 1 M  2.214139962  0.5023916806  1.203869927 0
 690 1086  697 1 F  1.055444843 -0.3028225215  1.098582705 0
 691 1140  621 1 M  0.986213440 -0.1442530991  1.087648549 0
 692 1140  621 1 M  0.365431330 -1.3935491950  1.282244164 0
 693 1140  621 1 F  0.735578674 -0.8692875000  1.155106804 0
 694 1140  621 1 F  0.982841167  0.1470335827  1.099149888 0
 695 1140  621 1 M  0.952823944 -0.0883650994  1.010977129 0
 696 1140  997 1 M  0.786345060 -0.1619892772  0.956275171 0
 697 1140  997 1 M  1.411466621 -0.8175410980  1.367817251 0
 698 1140  997 1 F  1.480106409 -0.1140812356  1.150645522 0
 699 1140  997 1 F  2.954058603  0.0762084380  1.582847054 0
 700 1140  997 1 M  2.495131318  1.4657158716  1.015489984 0
 701 1053  395 1 M  1.739240252  0.5073816352  1.108538042 0
 702 1053  395 1 F  1.428153355 -0.5052552008  1.259957130 0
 703 1053  395 1 M -0.035413924 -0.9209780646  0.900929837 0
 704 1053  395 1 F  0.188735822 -0.5715311200  0.939830668 0
 705 1053  395 1 M  2.270928061  0.3965252021  1.203765017 0
 706 1053  660 1 M  1.902024855  0.1474983890  1.082421301 0
 707 1053  660 1 F  3.574673648  0.9467221785  1.415561124 0
 708 1053  660 1 F  2.469741094  0.3121926961  1.415082327 0
 709 1053  660 1 M  2.676701350 -0.1012865322  1.432597814 0
 710 1053  660 1 F  3.084052313  1.0234767324  1.265157069 0
 711 1148  701 1 M -0.509699373  0.2508679237  0.354851945 0
 712 1148  701 1 F  0.082089209  1.2107025901  0.211314680 0
 713 1148  701 1 M -0.799376562  0.1873503299  0.219131612 0
 714 1148  701 1 M -1.992023050 -0.6969448537  0.193137592 0
 715 1148  701 1 F -1.357799295 -0.0099438953  0.005455975 0
 716 1148  493 1 F  2.609950545  0.7940267003  1.238833705 0
 717 1148  493 1 F  1.351091872  0.0310077140  1.080105600 0
 718 1148  493 1 M  1.158289889  0.2594957315  0.979148030 0
 719 1148  493 1 F  1.666866072 -0.2028031395  1.255021671 0
 720 1148  493 1 M  2.504418780  0.7933110992  1.262105717 0
 721 1101  450 1 M  1.195544614  0.0267888618  1.129889705 0
 722 1101  450 1 F  2.904923438  0.9790796710  1.224195880 0
 723 1101  450 1 F  0.899718121 -0.5391123785  1.052760574 0
 724 1101  450 1 M  0.793861825 -1.0232272622  1.350053792 0
 725 1101  450 1 M  0.122400028 -1.1826029484  1.176964343 0
 726 1101  751 1 F  0.305542959 -0.7965512770  1.026260582 0
 727 1101  751 1 M  1.984266528 -0.3508188116  1.364098916 0
 728 1101  751 1 M  2.537340118  0.4384731557  1.259963668 0
 729 1101  751 1 M  2.861886773  0.8435971505  1.253108705 0
 730 1101  751 1 M  1.687776313 -0.1480212988  1.180245787 0
 731  388  545 1 M  0.170601922 -0.2072604513  0.830722925 0
 732  388  545 1 M  0.264588615 -0.3603125215  0.968858077 0
 733  388  545 1 M  2.103561621  0.4777344557  1.192066713 0
 734  388  545 1 F -0.979652947 -1.0164406799  0.912753258 0
 735  388  545 1 F  0.347821349 -0.8842795777  1.157788438 0
 736  388 1247 1 M  2.061951425 -0.8765312760  1.621676297 0
 737  388 1247 1 F  2.677115079 -0.5376446797  1.561793452 0
 738  388 1247 1 M  4.009582435  1.5339317934  1.456312020 0
 739  388 1247 1 F  2.158154950 -0.1270877971  1.383946297 0
 740  388 1247 1 F  2.964374091  0.5356418143  1.498366036 0
 741 1235 1134 1 M -1.671683433 -0.1874542165  0.119381672 0
 742 1235 1134 1 M -2.750742835 -1.4673257686  0.147450949 0
 743 1235 1134 1 F -2.542661893 -1.0918995514  0.111824896 0
 744 1235 1134 1 F -0.966699052  0.2525982908 -0.026359373 0
 745 1235 1134 1 F -0.292844185  0.5427936790  0.333863720 0
 746 1235 1222 1 F  3.988574035  0.9745231026  1.597135371 0
 747 1235 1222 1 M  2.384099074  0.4767898387  1.322191115 0
 748 1235 1222 1 M  3.556869439  1.1008514449  1.352629258 0
 749 1235 1222 1 F  3.417022934  1.1881234657  1.303444299 0
 750 1235 1222 1 M  3.332431052  0.0895906998  1.648683260 0
 751  913  782 1 M  0.485870488 -0.4847560627  0.941456569 0
 752  913  782 1 F  1.685537682 -0.7023193731  1.372954401 0
 753  913  782 1 F -0.637238925 -0.9813711228  0.759940901 0
 754  913  782 1 M  0.618367956 -0.9171557134  1.182488018 0
 755  913  782 1 F  0.729850162 -1.1594854376  1.228945113 0
 756  913  442 1 F  1.176662866  0.0574253880  1.174249595 0
 757  913  442 1 F  1.473602307  0.2409875259  1.022660695 0
 758  913  442 1 F  1.698493071 -0.2037243912  1.241546779 0
 759  913  442 1 M  0.927063527 -1.0177158487  1.408274281 0
 760  913  442 1 M  2.404774006  0.6113616663  1.255826846 0
 761  657  439 1 F  0.742488916 -0.5000649450  1.134622912 0
 762  657  439 1 F  1.294035673 -0.1869670672  1.229429870 0
 763  657  439 1 M  0.561019545 -0.6473357150  1.200942345 0
 764  657  439 1 F  0.935838256 -0.3548061225  1.145331263 0
 765  657  439 1 F  0.926834720  0.0903915263  1.047045536 0
 766  657 1069 1 F  1.224637059  0.7964199314  0.823006035 0
 767  657 1069 1 M  1.812594121 -0.0378233767  1.319454597 0
 768  657 1069 1 M  0.665520390 -0.3242942072  1.109785601 0
 769  657 1069 1 F  1.750432224  0.7614839898  1.032074732 0
 770  657 1069 1 M  0.743808109 -0.3752155293  1.057802583 0
 771  558 1140 1 F -0.700859192  0.1505872896  0.257224633 0
 772  558 1140 1 F  0.140051373  0.3228817773  0.427107847 0
 773  558 1140 1 M -0.913403585 -0.0081195062  0.166516630 0
 774  558 1140 1 M  0.115560741  0.1344339706  0.529035411 0
 775  558 1140 1 F  0.057509177  0.4273486020  0.229459478 0
 776  558 1235 1 M -0.975700533  0.4435262393  0.127890749 0
 777  558 1235 1 M -0.704468023  0.4414602061  0.237484604 0
 778  558 1235 1 F -1.464515563 -0.6427842793  0.302526412 0
 779  558 1235 1 F -0.885889255  0.2464649976  0.188872258 0
 780  558 1235 1 M -1.459310395  0.0854906808 -0.013916509 0
 781  978  353 1 F  0.836662956  0.1696527231  0.952298367 0
 782  978  353 1 F  0.694657657 -0.4099721413  1.079578569 0
 783  978  353 1 M  0.176603165 -0.4418724747  0.977722910 0
 784  978  353 1 M  1.441715258 -0.7470836154  1.345736831 0
 785  978  353 1 M  1.296338238 -0.9151519106  1.358311107 0
 786  978  740 1 M  2.265227322  0.0135299835  1.307755599 0
 787  978  740 1 F  1.568542010  0.6609756370  0.957404759 0
 788  978  740 1 M  2.937412403  0.3525499321  1.370898713 0
 789  978  740 1 M  0.809597345 -0.0176347416  0.959136338 0
 790  978  740 1 F  2.949229630  0.8400143277  1.291964731 0
 791  889 1281 1 M  1.450867522 -0.0932432261  1.187876031 0
 792  889 1281 1 F  0.802646868 -1.3972354990  1.404883300 0
 793  889 1281 1 M  0.924721135  0.4842398203  0.834064978 0
 794  889 1281 1 M  0.396795753 -0.7668879220  1.215205335 0
 795  889 1281 1 M  4.271670816  1.6447501120  1.496559131 0
 796  889  675 1 F  0.331054944 -0.8432045440  1.119071816 0
 797  889  675 1 F  2.069834425  0.0236273943  1.274338674 0
 798  889  675 1 M  0.730249932 -0.3596581172  1.002139482 0
 799  889  675 1 M  1.064509983  0.2392322416  0.867952881 0
 800  889  675 1 F  2.053458679 -0.1083263145  1.459452844 0
 801  865  357 1 M  1.470374986  0.2272919613  0.912728503 0
 802  865  357 1 M -0.026446785 -1.2489162062  1.205316850 0
 803  865  357 1 F  0.353745136 -0.6464120201  0.972104350 0
 804  865  357 1 M  2.541652601  0.5969416754  1.251536854 0
 805  865  357 1 F  1.570273660 -0.1690056345  1.173279360 0
 806  865  562 1 M  0.620874981 -0.7291747343  1.072367549 0
 807  865  562 1 F  0.490948206 -0.4212129333  0.974277521 0
 808  865  562 1 F -0.315291504 -0.4014587482  0.882254644 0
 809  865  562 1 M  0.158261396 -0.3456846086  0.891214177 0
 810  865  562 1 M  1.371700566  0.3507156016  1.070952812 0
 811  682  469 1 F  1.315059554  0.2853975320  0.997315368 0
 812  682  469 1 F -0.145729590 -1.2738524190  0.949360964 0
 813  682  469 1 M  1.854858252  0.8878902268  0.845991054 0
 814  682  469 1 F  0.971273972  0.3251810620  0.820897361 0
 815  682  469 1 F  1.967085355  0.1419417179  1.136654628 0
 816  682  687 1 M  2.360480630  0.5608745805  1.320383859 0
 817  682  687 1 M  2.364829010  0.1749438391  1.401639214 0
 818  682  687 1 M  2.303519376  0.5618294652  1.182648520 0
 819  682  687 1 F  3.363737018  1.0432591347  1.420279108 0
 820  682  687 1 F  2.001852905 -0.0944396518  1.383485075 0
 821  344  779 1 M -0.384201054  0.6251687877  0.134753121 0
 822  344  779 1 M -0.258503522  0.8011026892  0.200574576 0
 823  344  779 1 M -1.021622246 -0.1100716847  0.231981314 0
 824  344  779 1 F -0.975633729 -0.0944917105  0.250536267 0
 825  344  779 1 F -0.799016831  0.2898149520  0.188492868 0
 826  344  611 1 F  1.854392491  0.7432955477  1.021784586 0
 827  344  611 1 M  2.665508454  0.6196825478  1.262486079 0
 828  344  611 1 M  0.714055304  0.0109495843  0.937616917 0
 829  344  611 1 M  1.487177532 -0.3484789278  1.271267101 0
 830  344  611 1 F  1.537316742 -0.2903198448  1.369185453 0
 831 1239 1177 1 M  2.068655621  0.2397826062  1.207420356 0
 832 1239 1177 1 M  1.539688928  0.3448460457  0.964454824 0
 833 1239 1177 1 M  2.044559486  0.6810911898  1.138998895 0
 834 1239 1177 1 F  0.893318686 -0.9254400595  1.067970301 0
 835 1239 1177 1 F  1.635599784 -0.3401778821  1.319287652 0
 836 1239 1085 1 F -0.286274809 -1.0132420684  1.019931363 0
 837 1239 1085 1 F  1.831285469  0.8598823046  0.997853242 0
 838 1239 1085 1 F  0.959930927 -0.0740108500  1.090692220 0
 839 1239 1085 1 F  0.913091903 -0.5876394031  1.081938935 0
 840 1239 1085 1 M  0.151664826 -0.1093815151  0.891037411 0
 841  745 1294 1 M  2.841256918  0.3276016955  1.487426949 0
 842  745 1294 1 M  4.264595263  1.6961321878  1.484882822 0
 843  745 1294 1 F  1.001798910 -0.8424158956  1.344039024 0
 844  745 1294 1 F  1.759661948 -0.3027087950  1.450038106 0
 845  745 1294 1 M  0.802075687 -0.0311015632  1.119805379 0
 846  745  425 1 F  2.026175108  0.3280686885  1.075466018 0
 847  745  425 1 F  1.166934719 -0.4492876148  1.221413530 0
 848  745  425 1 M  0.814304231 -1.3083969113  1.309162307 0
 849  745  425 1 M  3.143746645  0.7818466754  1.387657684 0
 850  745  425 1 M  2.539674365  0.8452506542  1.169277316 0
 851 1132  709 1 M  1.856079692 -0.1014260472  1.453000642 0
 852 1132  709 1 F  1.609300119  0.6379756547  0.975223093 0
 853 1132  709 1 M  1.991160326  0.8138213369  1.094676864 0
 854 1132  709 1 F  2.625385061  0.0506309234  1.505801450 0
 855 1132  709 1 F  1.814251646 -0.2314485687  1.357692059 0
 856 1132  704 1 M -0.326405811  0.3288769224  0.448772256 0
 857 1132  704 1 F -1.701256844 -0.7160197076  0.210120164 0
 858 1132  704 1 M -1.478608489 -1.0733928968  0.453208692 0
 859 1132  704 1 M -0.045806835  0.8685301070  0.325442087 0
 860 1132  704 1 F -1.921627960 -1.8917718669  0.589414373 0
 861  385 1251 1 F  0.957526582 -0.4345021100  1.336372248 0
 862  385 1251 1 F  2.504954226  0.0891059067  1.438050306 0
 863  385 1251 1 M  2.307388528 -0.1901107311  1.425772277 0
 864  385 1251 1 M  1.852454853  0.1126490798  1.326485173 0
 865  385 1251 1 F  1.456408452 -1.5318533851  1.685404240 0
 866  385  732 1 F  2.373535093  0.1987230698  1.481194608 0
 867  385  732 1 F  1.296227415 -0.5738591271  1.353063949 0
 868  385  732 1 M  1.299915358 -0.6216791998  1.373496001 0
 869  385  732 1 M  1.820123533  0.4711347944  1.271622750 0
 870  385  732 1 F  2.385443260  0.7023443250  1.283000509 0
 871 1021  336 1 M  3.181897744  0.6579341209  1.455831767 0
 872 1021  336 1 M  1.563481632 -0.5713360473  1.328153037 0
 873 1021  336 1 M  2.405818210 -0.0066194574  1.392065290 0
 874 1021  336 1 F  1.552804634 -1.0459783495  1.484033312 0
 875 1021  336 1 F  3.397430627  0.9478266716  1.401711205 0
 876 1021 1110 1 F  2.402960982  0.0935997619  1.347055813 0
 877 1021 1110 1 F  2.913128505  0.8894950920  1.276302690 0
 878 1021 1110 1 F  1.917646861  0.4314650261  1.244456169 0
 879 1021 1110 1 F  1.709250634 -0.3308598534  1.257431470 0
 880 1021 1110 1 F  2.007249542  0.6835481307  1.155642320 0
 881  665  981 1 M  2.673974377  0.6520858392  1.262533678 0
 882  665  981 1 F  3.069674039  0.2504309100  1.697087384 0
 883  665  981 1 F  0.576020637 -0.4368592575  1.111029624 0
 884  665  981 1 F  1.300079896 -1.0792075055  1.352680754 0
 885  665  981 1 M  2.967730390  1.4617370733  1.228669835 0
 886  665  481 1 F  1.547374338  0.4732244280  1.151770968 0
 887  665  481 1 M  1.781112466 -0.0687876756  1.301413913 0
 888  665  481 1 M  1.121003688 -0.7742634422  1.245013669 0
 889  665  481 1 F  1.299689411  0.5276773484  1.038418809 0
 890  665  481 1 F  2.173802555 -0.0371409462  1.323096646 0
 891  999  321 1 F  1.962578593 -0.1777998126  1.329258360 0
 892  999  321 1 M  2.414586617  0.5798511024  1.264555725 0
 893  999  321 1 F  1.731814600  0.4137095197  1.079398011 0
 894  999  321 1 F -0.412935033 -1.1132882655  0.910562679 0
 895  999  321 1 F  1.712439116  0.4045342862  0.956428901 0
 896  999 1217 1 F  3.191531641  1.2325570739  1.239770449 0
 897  999 1217 1 M  1.678494998 -0.3503429388  1.376176800 0
 898  999 1217 1 F  1.910505117  0.4727372546  1.090355566 0
 899  999 1217 1 M  1.034122141 -1.2610198594  1.417733902 0
 900  999 1217 1 F  2.717920997  1.0216230708  1.130167348 0
 901  900  606 1 F  0.523108634 -1.0433400854  1.110353402 0
 902  900  606 1 F  0.980675124 -0.6524366127  1.065803480 0
 903  900  606 1 F  1.950241480  0.7622628488  0.936029191 0
 904  900  606 1 M  2.380391785  0.6022038935  1.077382792 0
 905  900  606 1 F  2.608830351  0.2312244513  1.341405834 0
 906  900 1292 1 F  1.817827600  0.2181196564  1.119457008 0
 907  900 1292 1 M  3.015274716  0.1653351821  1.524775387 0
 908  900 1292 1 F  0.468251922 -1.4219064402  1.145079972 0
 909  900 1292 1 M  1.943760748 -0.1257334491  1.208490318 0
 910  900 1292 1 M  2.019346442 -0.1374788923  1.252056860 0
 911  821  614 1 M  2.983031267  0.5851522689  1.459849435 0
 912  821  614 1 F  1.693085614  0.2934338192  1.094117855 0
 913  821  614 1 M  2.070293041  0.1886864490  1.182805712 0
 914  821  614 1 M  0.923014027 -0.7197840366  1.291130187 0
 915  821  614 1 M  1.090722604  0.4467861451  0.866704529 0
 916  821  565 1 F  0.861265460 -0.0686516195  1.078002483 0
 917  821  565 1 M  0.214695327 -0.7167881283  1.002292479 0
 918  821  565 1 M  0.740657621 -0.1825963060  0.984958837 0
 919  821  565 1 F -0.636297693 -1.4372793326  0.919860383 0
 920  821  565 1 F  0.634934586  0.2965180356  0.835134364 0
 921  432  429 1 M  1.095509117 -0.7470997598  1.292383272 0
 922  432  429 1 M  1.957447581  0.0948144397  1.253892164 0
 923  432  429 1 M  3.372199970  1.6013050795  1.058043772 0
 924  432  429 1 F  0.631850277  0.1899177980  0.863770733 0
 925  432  429 1 F -0.646832000 -1.1376922131  0.770698182 0
 926  432 1063 1 F  3.477445939  1.4522745870  1.153376187 0
 927  432 1063 1 M -0.168649513 -0.7725007620  0.818088418 0
 928  432 1063 1 F  1.261959732  0.0276083681  1.051109010 0
 929  432 1063 1 M  1.458889954 -0.3283103670  1.263683154 0
 930  432 1063 1 M  1.429463105  0.3754084468  0.977168864 0
 931  899  692 1 F  1.621649796 -0.2271321225  1.274435147 0
 932  899  692 1 M  1.000542966 -0.1275139090  1.034996313 0
 933  899  692 1 F  2.522483605  0.7134521393  1.282537538 0
 934  899  692 1 M  1.331869247  0.0804442245  1.093318602 0
 935  899  692 1 F  1.789775928  0.3569502693  1.180402503 0
 936  899  672 1 F  1.199394189 -0.0235011082  1.034613820 0
 937  899  672 1 F  2.394924827  1.3114161736  0.931728888 0
 938  899  672 1 F  1.489179960 -0.1538854708  1.254593804 0
 939  899  672 1 F  0.984972703 -0.6799513579  1.233707990 0
 940  899  672 1 F  1.692313108  0.2025445995  1.087888390 0
 941 1019 1181 1 F  1.254311597 -0.0028557672  0.932454885 0
 942 1019 1181 1 M  1.121871630 -0.3960487710  1.228824210 0
 943 1019 1181 1 M  0.475699018 -1.0509166506  0.925172996 0
 944 1019 1181 1 F  2.653926015  0.7113803570  1.241545146 0
 945 1019 1181 1 M  0.264587811 -1.0357054655  1.030377770 0
 946 1019  631 1 M  0.816253902 -0.4434839328  1.085256012 0
 947 1019  631 1 M  2.818514292 -0.0380714035  1.488333280 0
 948 1019  631 1 M  1.479407117  0.3167143895  1.064910891 0
 949 1019  631 1 F  2.026496595  0.5735454541  1.124032838 0
 950 1019  631 1 F  2.800636657  1.4993047892  1.075523237 0
 951  301  679 1 F  1.157489084  0.0584723632  1.220236564 0
 952  301  679 1 M  2.309295087  0.0519741074  1.544911658 0
 953  301  679 1 M  2.335964157  0.5676968630  1.297541895 0
 954  301  679 1 M  1.266594320  0.1719315751  1.245789983 0
 955  301  679 1 F  0.926869810 -0.3754616002  1.085937930 0
 956  301  760 1 M  3.195759783  0.4673713294  1.583416786 0
 957  301  760 1 F  1.644581439  0.1082477716  1.325697598 0
 958  301  760 1 M  1.355462102 -0.5580064117  1.288622252 0
 959  301  760 1 F  1.429437724  0.3934460483  1.232703218 0
 960  301  760 1 M  3.394084126  1.1103415829  1.505276136 0
 961 1236  365 1 M  0.774659058  0.0395361931  0.993743908 0
 962 1236  365 1 F  1.444010123  0.1426958481  1.085730194 0
 963 1236  365 1 F  0.879987043  0.2988095468  0.966173411 0
 964 1236  365 1 M  0.487532065 -0.7698181154  1.149629944 0
 965 1236  365 1 F  0.630818038  0.0808056920  0.931695748 0
 966 1236  311 1 M  2.166530068  0.3714711462  1.344623074 0
 967 1236  311 1 F  0.848861629 -0.4543438194  1.056739251 0
 968 1236  311 1 M  2.081190213  0.5979886834  1.178456909 0
 969 1236  311 1 M  2.646861704  0.7700181406  1.279302496 0
 970 1236  311 1 M  0.733858185 -0.2731493041  0.953738208 0
 971 1057  839 1 F  2.593621904  0.6322350266  1.315973575 0
 972 1057  839 1 F -0.192900840 -0.7356276163  0.947879150 0
 973 1057  839 1 M  1.234583770 -0.5910988368  1.227592441 0
 974 1057  839 1 F  0.917174278  0.0809046957  1.002325060 0
 975 1057  839 1 F  2.539814268  0.1950737749  1.382679113 0
 976 1057  806 1 F  1.769436141  0.2105936919  1.144949932 0
 977 1057  806 1 M  2.238258847  0.9484824242  1.054543543 0
 978 1057  806 1 M  1.000720731 -0.5038415546  1.097229806 0
 979 1057  806 1 F  0.417292681 -0.9213699595  1.163802234 0
 980 1057  806 1 F  0.061058263 -1.3003256140  1.070661882 0
 981 1088  306 1 M  1.248842564  0.2273228524  1.144838051 0
 982 1088  306 1 M  0.889421714 -1.0348610650  1.424280488 0
 983 1088  306 1 M  2.198958469 -0.0733197723  1.368425024 0
 984 1088  306 1 M  2.559491119  0.1061833034  1.459750808 0
 985 1088  306 1 M  2.178697984 -0.2729189165  1.475381766 0
 986 1088  587 1 M  1.623929113 -0.4151938573  1.429853574 0
 987 1088  587 1 F  1.980426021 -0.3763160979  1.547742833 0
 988 1088  587 1 M  1.923621663  0.3062048714  1.317463830 0
 989 1088  587 1 M  1.788796588  0.5625200521  1.316650984 0
 990 1088  587 1 M  1.807434559 -0.2017473701  1.288830718 0
 991  348  535 1 M  1.666211699 -0.5972189745  1.425040845 0
 992  348  535 1 F  1.060049136 -0.7006668573  1.223460882 0
 993  348  535 1 M  1.996090181 -0.0871814317  1.377043567 0
 994  348  535 1 M  2.969429896  0.8448390437  1.268106702 0
 995  348  535 1 M  1.639692609 -0.0123966147  1.176718102 0
 996  348  627 1 M  2.497134753  0.2045355784  1.460842059 0
 997  348  627 1 M  1.128378542 -0.0783114224  1.121302758 0
 998  348  627 1 M  2.576616430  0.1983549788  1.350573222 0
 999  348  627 1 M  1.458157746  0.1281305518  1.176949648 0
1000  348  627 1 F  0.634315749 -0.4408217607  1.060897655 0
