ID sire dam generation sex phen env tbvp gebvp
   1 4730 5258 5 M  2.621229723 -0.0779286778 1.8338392 0
   2 4730 5258 5 M  1.164920208 -0.6479182010 1.7130055 0
   3 4730 5258 5 F  2.173585802 -0.1976647252 1.8657380 0
   4 4730 5258 5 F  0.427857822 -1.1008533039 1.6257809 0
   5 4730 5258 5 F  2.095798146 -0.7262280897 1.8934314 0
   6 4730 5300 5 M  1.593433539 -0.4733366276 1.8231538 0
   7 4730 5300 5 M  3.514811828  0.8604461216 2.0002840 0
   8 4730 5300 5 F  1.592692055 -0.3646387940 1.6557580 0
   9 4730 5300 5 F  2.581571310  0.5132373188 1.8200728 0
  10 4730 5300 5 M  1.991209752 -0.5944064662 1.9903041 0
  11 4675 4641 5 M  2.522407659  0.4631167610 1.7790301 0
  12 4675 4641 5 F  4.119678846  1.7458445699 1.8588046 0
  13 4675 4641 5 F  2.121651098 -0.3963113919 1.9636868 0
  14 4675 4641 5 F  3.022966888  0.3518281065 2.0902970 0
  15 4675 4641 5 F  1.756487270 -0.1666740632 1.8293361 0
  16 4675 5138 5 F  3.336595090 -0.0441647541 2.3026583 0
  17 4675 5138 5 M  2.821507938 -0.3513104765 2.1799384 0
  18 4675 5138 5 M  3.160960224  0.9538029185 1.7908924 0
  19 4675 5138 5 F  3.970261405  1.8833031094 1.8890268 0
  20 4675 5138 5 M  2.447847363  0.0726144324 1.9126240 0
  21 4727 5297 5 F  2.809422194  1.1477599134 1.7245013 0
  22 4727 5297 5 M  1.945109825 -0.7144306195 2.0177189 0
  23 4727 5297 5 M  2.262706739  0.5353773724 1.5978837 0
  24 4727 5297 5 M  2.780660650  0.1527949592 2.0091110 0
  25 4727 5297 5 M  2.108471337 -0.1426935373 1.6839011 0
  26 4727 4516 5 F -0.924720025 -0.4752372821 0.8867027 0
  27 4727 4516 5 F  0.312668027  0.1245013368 1.0473358 0
  28 4727 4516 5 M -0.560516995 -0.0844667493 0.7885458 0
  29 4727 4516 5 M -0.154043625  0.0756652242 0.9053863 0
  30 4727 4516 5 F -0.561515783  0.1158485988 0.6833530 0
  31 4922 5294 5 M  2.185527445 -0.5751417003 1.7550266 0
  32 4922 5294 5 M  2.000715617 -0.1775998119 1.6903819 0
  33 4922 5294 5 M  0.774693250 -0.6985098722 1.4331702 0
  34 4922 5294 5 M  3.046873974  1.0616209738 1.6092880 0
  35 4922 5294 5 F  0.865046763 -0.0537391436 1.3835129 0
  36 4922 4614 5 F  1.479162289 -0.5760365808 1.7982648 0
  37 4922 4614 5 M  5.191929193  2.3801266556 1.8450948 0
  38 4922 4614 5 F  4.067204418  1.2816745824 1.8550335 0
  39 4922 4614 5 F  0.849137326 -1.6719249891 1.7776862 0
  40 4922 4614 5 M  2.860317202  0.1677826613 1.8889093 0
  41 4671 4333 5 F -0.696045295 -0.9012573598 1.0469624 0
  42 4671 4333 5 M  0.582877113  0.2691195893 1.0272091 0
  43 4671 4333 5 M -0.586156828 -0.5665774393 0.9722428 0
  44 4671 4333 5 M -0.772844871 -1.0075289460 1.0140353 0
  45 4671 4333 5 F -0.199609974 -0.4177823326 0.9870098 0
  46 4671 4987 5 M -0.710143452 -0.7245917947 0.8927568 0
  47 4671 4987 5 M  0.443441201  0.2199342409 1.1579510 0
  48 4671 4987 5 F -0.074508732 -0.0304602733 0.9942740 0
  49 4671 4987 5 F  0.322965685  0.0653760825 1.1401923 0
  50 4671 4987 5 M  0.613173440  0.5331290876 0.9217759 0
  51 4410 5299 5 M  2.603797954 -0.1170462623 1.8638690 0
  52 4410 5299 5 F  2.490872966  0.7870303812 1.6608634 0
  53 4410 5299 5 M  2.019659193  0.4351142591 1.7190792 0
  54 4410 5299 5 M  2.255849039 -0.4073895026 1.9453931 0
  55 4410 5299 5 M  1.496225041 -0.5622469284 1.6961872 0
  56 4410 5298 5 F  1.202548852 -0.9888437859 1.7245053 0
  57 4410 5298 5 M  3.417091301  0.4012929281 1.9824483 0
  58 4410 5298 5 M  1.720562026 -0.3615515730 1.7888026 0
  59 4410 5298 5 M  3.043314572  0.0238692109 1.9551153 0
  60 4410 5298 5 M  2.683840709 -0.3253244291 2.0613600 0
  61 4672 5029 5 M  0.853621095 -0.9802911690 1.6342865 0
  62 4672 5029 5 F  2.281814490 -0.3650141568 1.8920855 0
  63 4672 5029 5 M  2.564068371  0.4753020931 1.6681821 0
  64 4672 5029 5 M  3.682115223  1.5705134384 1.7915968 0
  65 4672 5029 5 M  2.217932130  0.0545723856 1.7474320 0
  66 4672 5253 5 M  2.134768625  0.4968944738 1.5493605 0
  67 4672 5253 5 M  0.893569002 -0.5204945881 1.5397241 0
  68 4672 5253 5 F  2.611943044  0.0674516030 1.9422872 0
  69 4672 5253 5 M  1.644681688  0.2854176234 1.6865071 0
  70 4672 5253 5 M  2.453406687  0.8320380077 1.6990527 0
  71 4586 5223 5 M  3.277569491  0.6973141730 1.8048696 0
  72 4586 5223 5 F  2.321624633 -0.1894125172 2.0411275 0
  73 4586 5223 5 M  1.194136368 -0.7028316188 1.7764450 0
  74 4586 5223 5 M  1.751261132 -0.8588209213 1.9006301 0
  75 4586 5223 5 M  1.615243200 -0.9555889201 1.7256825 0
  76 4586 4644 5 F  3.356328809  1.2279938987 1.5721121 0
  77 4586 4644 5 M  2.069879913 -0.3181165331 1.8626547 0
  78 4586 4644 5 M  2.224425986 -0.4992139303 1.9028002 0
  79 4586 4644 5 F  3.155676104  0.7098044479 1.6660379 0
  80 4586 4644 5 F  1.867676472  0.4593217187 1.6487864 0
  81 4954 5210 5 M  1.784920827 -0.6570734160 1.7855795 0
  82 4954 5210 5 F  2.769139035  0.7636581178 1.5529670 0
  83 4954 5210 5 M  2.661570679  0.5372484688 1.6264210 0
  84 4954 5210 5 F  1.866248631 -0.6767082902 1.8377968 0
  85 4954 5210 5 F -0.762928163 -1.5902567865 1.3568204 0
  86 4954 4736 5 F -0.110989405  0.0649682964 0.9137231 0
  87 4954 4736 5 M -0.193234363 -0.1041536493 0.9997789 0
  88 4954 4736 5 F -0.163767973  0.3331878977 0.7527495 0
  89 4954 4736 5 M -0.044320625  0.1299770969 0.8154739 0
  90 4954 4736 5 M  0.177724009  0.0419249598 1.0509445 0
  91 4680 5261 5 F -1.537991657 -0.9216254105 0.6895802 0
  92 4680 5261 5 F  0.463067579  0.5421558396 0.9527161 0
  93 4680 5261 5 M -0.916425417 -0.8322700396 0.9911191 0
  94 4680 5261 5 F -2.772695868 -1.9927225692 0.7631493 0
  95 4680 5261 5 M -0.928596679 -0.3555087620 0.8173232 0
  96 4680 4898 5 F  1.059068500  0.0497261139 1.4426555 0
  97 4680 4898 5 F  2.190586153  0.3314515808 1.8425891 0
  98 4680 4898 5 M  1.816298127  0.4258382718 1.5511426 0
  99 4680 4898 5 F  2.212798715  0.5841198614 1.6432818 0
 100 4680 4898 5 M  1.970604200  0.9319932687 1.5102842 0
 101 4331 4731 5 F  1.799232340 -0.9305821289 1.9421020 0
 102 4331 4731 5 F  2.341063544  0.7858903327 1.5460462 0
 103 4331 4731 5 M  3.398782598  1.5612728818 1.5745976 0
 104 4331 4731 5 M  2.856457958  0.9455280214 1.6307261 0
 105 4331 4731 5 M  2.737776450 -0.1440607802 2.0388253 0
 106 4331 5019 5 F  1.454068732  0.1692215790 1.5655018 0
 107 4331 5019 5 M  0.901111731 -0.6876176221 1.5794405 0
 108 4331 5019 5 F  4.160496405  1.6770784283 1.8391175 0
 109 4331 5019 5 M  2.643212804 -0.0405942861 1.8460674 0
 110 4331 5019 5 F  1.294347219 -0.1459749113 1.5352707 0
 111 4404 5277 5 M  2.197448462  0.2237226954 1.8059338 0
 112 4404 5277 5 M  2.545988875 -0.2362819019 2.0414748 0
 113 4404 5277 5 F  1.743353886 -0.0808020406 1.7348078 0
 114 4404 5277 5 F  3.360894497  1.5645185755 1.6574376 0
 115 4404 5277 5 M  2.082798101  0.1059052463 1.7082580 0
 116 4404 5239 5 M  3.439968805  0.8378130030 1.7612577 0
 117 4404 5239 5 F  1.918663451  0.4314072354 1.6366618 0
 118 4404 5239 5 M  1.800051454 -0.0859468773 1.8180145 0
 119 4404 5239 5 M  3.132236210  0.0317717068 1.9223801 0
 120 4404 5239 5 M  2.056755799 -0.5004088775 1.7898527 0
 121 4333 4383 5 M  2.406328761  0.0314341565 1.9119061 0
 122 4333 4383 5 F  2.653435831 -0.5742949830 1.9235191 0
 123 4333 4383 5 F  2.904145026 -0.0874127387 1.9061892 0
 124 4333 4383 5 F  1.825285254 -0.8435746601 1.9292698 0
 125 4333 4383 5 F  2.050864344 -0.2494517914 1.8515701 0
 126 4333 4584 5 F  3.026276074 -0.1135328208 1.9609255 0
 127 4333 4584 5 F  2.169687504  0.0833425437 1.6566796 0
 128 4333 4584 5 F  2.867491614  0.2340489147 1.8517472 0
 129 4333 4584 5 F  2.736754557 -0.2420552045 1.9585982 0
 130 4333 4584 5 M  2.130492955  0.4286369421 1.6201612 0
 131 4763 5063 5 M  1.311267932 -0.4030421694 1.6594936 0
 132 4763 5063 5 F  1.271600418 -0.5324047765 1.6635280 0
 133 4763 5063 5 M  1.542222890 -0.0417004279 1.4587355 0
 134 4763 5063 5 F  0.701563387 -0.6383273073 1.4289174 0
 135 4763 5063 5 M  1.434301032 -0.5675236313 1.7528619 0
 136 4763 4924 5 F  1.849084097 -0.2233988646 1.6903466 0
 137 4763 4924 5 F  2.106096357  0.0460060600 1.7433690 0
 138 4763 4924 5 M  1.312569545 -0.7023291949 1.7328078 0
 139 4763 4924 5 F  2.831151770  1.1265245756 1.5667946 0
 140 4763 4924 5 M  1.753755379 -0.9922912901 1.8740141 0
 141 4841 4737 5 M  3.669237812  0.9862523904 1.8146313 0
 142 4841 4737 5 M  2.283822935 -0.2777161063 1.8252165 0
 143 4841 4737 5 F  2.156023119  0.2330834651 1.5299345 0
 144 4841 4737 5 M  0.982265872 -0.4774148745 1.7244646 0
 145 4841 4737 5 M  2.796735167  0.6457198426 1.6624943 0
 146 4841 4303 5 F  3.429561291  0.9263433581 1.8139887 0
 147 4841 4303 5 F  0.903973773 -0.3044566388 1.5067923 0
 148 4841 4303 5 M  1.172843046 -0.9016330063 1.7235488 0
 149 4841 4303 5 M  2.872136025 -0.0916153483 1.9834340 0
 150 4841 4303 5 M  3.057243827  0.6756572933 1.9054744 0
 151 4627 4990 5 M  2.291442297 -0.1588016605 1.8226118 0
 152 4627 4990 5 F  1.705389024 -0.9218413233 1.8996727 0
 153 4627 4990 5 M  0.933939452 -1.5171340930 1.9030913 0
 154 4627 4990 5 F  1.607422595 -0.2140749147 1.8072958 0
 155 4627 4990 5 M  3.029705180  0.4606977803 1.8889575 0
 156 4627 4386 5 F  3.165084486  0.6450037048 1.9685018 0
 157 4627 4386 5 F  2.347706046 -0.2230265878 2.0128175 0
 158 4627 4386 5 F  1.663459788 -0.1504361776 1.7341714 0
 159 4627 4386 5 F  2.252513817 -0.3541883430 1.8344636 0
 160 4627 4386 5 F  2.302114996 -0.4465793870 2.0774986 0
 161 4409 4773 5 M  2.619481699 -0.2512421222 2.0110358 0
 162 4409 4773 5 M  4.655202918  1.5261396546 2.0525132 0
 163 4409 4773 5 F  1.833072972 -0.0897935777 1.8281131 0
 164 4409 4773 5 F  2.985995171  0.4660195051 1.8942528 0
 165 4409 4773 5 F  1.082361008 -0.8524105063 1.6840781 0
 166 4409 5226 5 F  3.617838052  0.5079679496 2.0553678 0
 167 4409 5226 5 F  2.591477412  0.1144284881 2.0394549 0
 168 4409 5226 5 M  2.594984815 -0.2166536729 2.1001849 0
 169 4409 5226 5 M  4.041467702  0.4526507202 2.2691613 0
 170 4409 5226 5 F  1.853520895 -0.5158456054 1.6692647 0
 171 5098 4722 5 M  3.265305292  0.7533996200 1.8613661 0
 172 5098 4722 5 M  3.010603633  0.0696466887 1.8597795 0
 173 5098 4722 5 M  2.270949443  0.3382430659 1.7499954 0
 174 5098 4722 5 M  2.494903120  0.5616811277 1.7801830 0
 175 5098 4722 5 M  0.850704569 -1.0488105508 1.7359117 0
 176 5098 4726 5 M  2.178414030 -0.6766460176 1.8186253 0
 177 5098 4726 5 F  1.478491310 -0.2457278503 1.6815985 0
 178 5098 4726 5 M  2.831566821  0.2733196900 1.9782547 0
 179 5098 4726 5 M  1.721649693 -0.0464549008 1.6467448 0
 180 5098 4726 5 F  3.836621162  0.8497713253 2.0331504 0
 181 5086 4723 5 M  0.144193624 -0.8335052975 1.4121140 0
 182 5086 4723 5 F  1.631432975 -0.8429324195 1.6969015 0
 183 5086 4723 5 M  3.250597789  0.1929711280 1.9255698 0
 184 5086 4723 5 M  4.620528303  1.4227528558 1.9501928 0
 185 5086 4723 5 M  1.404444240 -0.0044717808 1.5371003 0
 186 5086 5232 5 F  1.699270428 -0.1609769880 1.6816623 0
 187 5086 5232 5 F  0.320280191 -0.8155023200 1.4834464 0
 188 5086 5232 5 M  1.296620738 -0.1506562810 1.5846909 0
 189 5086 5232 5 M  2.708406076  0.5633782954 1.7793306 0
 190 5086 5232 5 M  3.257096808  0.9740698811 1.6888333 0
 191 4516 4740 5 M  0.257455008  0.8079348095 0.8631030 0
 192 4516 4740 5 M -0.456098060 -0.0709784954 0.7827833 0
 193 4516 4740 5 M -0.972400813 -0.5996207838 0.7779817 0
 194 4516 4740 5 F -0.928264566 -0.7419491591 0.8203221 0
 195 4516 4740 5 F -0.883000419 -0.3652302151 0.6911777 0
 196 4516 5280 5 M  1.931615180 -0.9333858059 1.9743719 0
 197 4516 5280 5 F  3.441093395  0.7162453681 1.9068998 0
 198 4516 5280 5 F  1.769697034 -1.2790388673 1.9315463 0
 199 4516 5280 5 M  3.213093271  0.5504207364 1.8578206 0
 200 4516 5280 5 F  0.610392041 -0.8450838894 1.5488925 0
 201 4952 4914 5 M  2.647818703  0.6154364730 1.6716015 0
 202 4952 4914 5 F  1.493125399  0.1418412233 1.4684933 0
 203 4952 4914 5 F  0.571358707 -0.7622914162 1.4532108 0
 204 4952 4914 5 F  4.243783034  1.2023473062 1.9442967 0
 205 4952 4914 5 F  0.673788916 -1.2308004947 1.5263469 0
 206 4952 4517 5 F  3.324866257  0.6558741629 1.7871084 0
 207 4952 4517 5 M  3.843270943  1.1471945916 1.9625795 0
 208 4952 4517 5 F  2.196163167 -0.4983763716 1.8518344 0
 209 4952 4517 5 M  1.811022466 -0.1759466412 1.6776946 0
 210 4952 4517 5 F  2.238641567  0.6005108790 1.6126845 0
 211 4315 4991 5 M  2.809209868  0.0046528003 1.9434982 0
 212 4315 4991 5 F  2.194795239 -0.8743155032 1.9557727 0
 213 4315 4991 5 F  3.082804243  0.2788964545 1.9319771 0
 214 4315 4991 5 F  3.189627104  0.1870932762 2.0130151 0
 215 4315 4991 5 F  3.127989918  0.2837560842 1.8336288 0
 216 4315 4450 5 M  2.234076711 -0.0313360384 1.8147728 0
 217 4315 4450 5 M  2.234540247 -0.5912737999 1.9510721 0
 218 4315 4450 5 F  2.764052599  0.0394081998 1.9004063 0
 219 4315 4450 5 F  2.520331689 -0.4516357287 1.9336801 0
 220 4315 4450 5 F  3.849735161  0.7072148371 1.9173300 0
 221 4323 4337 5 M -1.402647425 -1.1414306433 0.8911768 0
 222 4323 4337 5 M -0.981467408 -0.5831264910 0.8531751 0
 223 4323 4337 5 F -1.364919306 -1.2250110150 0.9169879 0
 224 4323 4337 5 M -0.477988855 -0.2714623318 0.7045754 0
 225 4323 4337 5 M  0.099892158  0.5088244282 0.7073771 0
 226 4323 4989 5 F  3.226090502  0.5399521668 2.0106527 0
 227 4323 4989 5 F  3.845960218  0.8507156196 2.1691546 0
 228 4323 4989 5 M  3.062671941  0.9080288158 1.7437751 0
 229 4323 4989 5 F  2.169765031 -0.8842661121 2.1567243 0
 230 4323 4989 5 M  4.903957319  1.5476466041 2.2741392 0
 231 4326 4912 5 M  0.805612582 -1.5724874176 1.8006206 0
 232 4326 4912 5 M  1.290696526 -1.1018775328 1.7576946 0
 233 4326 4912 5 M  2.726555011  0.8966801321 1.5973020 0
 234 4326 4912 5 F  3.212753629  0.8803680251 1.7289700 0
 235 4326 4912 5 F  1.865074625 -0.5030412452 1.7922868 0
 236 4326 5003 5 F  1.498386145 -1.1310716884 1.8242287 0
 237 4326 5003 5 M  1.625195429 -0.1391925887 1.5659958 0
 238 4326 5003 5 F  2.792264836  0.9615318447 1.6289706 0
 239 4326 5003 5 M  2.395870572  0.5775418778 1.5270528 0
 240 4326 5003 5 F  3.247698318  0.9566149802 1.7380441 0
 241 4337 4837 5 M  1.857195755  0.0379271316 1.5424935 0
 242 4337 4837 5 M  0.429267303 -1.5394066006 1.5755170 0
 243 4337 4837 5 F  1.554634969 -0.2396463762 1.6307540 0
 244 4337 4837 5 M  2.281437815  0.7507819368 1.5443630 0
 245 4337 4837 5 M  2.192267116 -0.0728040204 1.7491873 0
 246 4337 5020 5 M  0.423095546 -0.7390076301 1.5182174 0
 247 4337 5020 5 F  1.241597984  0.0166875649 1.4296749 0
 248 4337 5020 5 M  1.570251102  0.4184784320 1.4245191 0
 249 4337 5020 5 M  1.408187738  0.1753263319 1.4685153 0
 250 4337 5020 5 M  0.664088696 -0.5487258376 1.4956212 0
 251 4768 5045 5 M  3.798700926  0.7076696330 2.0294595 0
 252 4768 5045 5 F  3.944915549  0.7649969860 2.0358595 0
 253 4768 5045 5 F  4.392638812  1.3739726010 1.9752304 0
 254 4768 5045 5 F  2.850247662  0.6833743300 1.6825528 0
 255 4768 5045 5 F  3.701503921  0.5439422596 1.9677752 0
 256 4768 4949 5 F  1.922382377  0.2623510181 1.5292844 0
 257 4768 4949 5 M  0.847798147 -0.3819785535 1.5003037 0
 258 4768 4949 5 F -0.173984872 -1.4613011352 1.4231787 0
 259 4768 4949 5 F  2.621274566  0.6676732016 1.5920463 0
 260 4768 4949 5 M  2.725904206 -0.1724384864 1.8839695 0
 261 4314 4592 5 F -0.421982817 -0.1365973073 0.8590551 0
 262 4314 4592 5 F  0.104734439  0.0195475183 0.9162138 0
 263 4314 4592 5 M -0.313927232 -0.2682192527 0.8834780 0
 264 4314 4592 5 F  0.717231523  0.9217722514 0.8828171 0
 265 4314 4592 5 F -0.445692574 -0.4634025107 0.8951801 0
 266 4314 4381 5 M  3.458928814  1.0551224917 1.7963130 0
 267 4314 4381 5 F  3.738008085  0.8863113934 1.9766314 0
 268 4314 4381 5 M  2.390015315 -0.6803406856 1.9806369 0
 269 4314 4381 5 M  3.538252035  0.4794185422 1.9126627 0
 270 4314 4381 5 F  2.733137784  0.1000533077 1.9146052 0
 271 4986 5231 5 F  3.124452193  0.4412515169 1.8811724 0
 272 4986 5231 5 F  3.141526403 -0.2570406156 2.0077582 0
 273 4986 5231 5 F  3.271572854  0.1906555099 1.9928823 0
 274 4986 5231 5 F  3.762698610  1.3797631350 1.6974095 0
 275 4986 5231 5 F  2.664005174 -0.7941198442 2.0566256 0
 276 4986 5283 5 M  2.406810150 -0.3775053402 1.9988168 0
 277 4986 5283 5 M  3.406084381  0.0941801917 2.1141786 0
 278 4986 5283 5 M  2.813321571  0.1107920095 2.0200259 0
 279 4986 5283 5 F  3.121449160 -0.3810055936 1.9690934 0
 280 4986 5283 5 M  3.047370389 -0.0931239612 1.9691445 0
 281 4766 4909 5 M  4.015363689  1.1265062181 1.8903425 0
 282 4766 4909 5 M  2.321001120  0.3973287784 1.5933101 0
 283 4766 4909 5 M  2.918494334  0.4339044616 1.7662090 0
 284 4766 4909 5 F  3.780441476  0.8543839031 1.9275485 0
 285 4766 4909 5 F  3.341620190  0.4094544893 1.9145192 0
 286 4766 4986 5 F -0.555981792 -0.3518674001 0.8991192 0
 287 4766 4986 5 F -0.520756782 -0.3440748499 0.9225986 0
 288 4766 4986 5 M -0.083201509  0.3006405380 0.9717154 0
 289 4766 4986 5 F -0.789168574 -0.6394976828 0.8902383 0
 290 4766 4986 5 F  0.324893219  0.4291297205 0.9464414 0
 291 4740 4446 5 M  2.028765589 -0.4841307821 1.8737267 0
 292 4740 4446 5 F  2.590127035  0.3718607263 1.6850314 0
 293 4740 4446 5 F  2.888098841  0.1729150562 1.8240698 0
 294 4740 4446 5 M  3.350107685  1.0553742075 1.8474048 0
 295 4740 4446 5 M  2.238359093 -0.4392411740 1.7268300 0
 296 4740 5208 5 M  2.372497326  0.5060310797 1.5397124 0
 297 4740 5208 5 M  1.889285225 -0.1641395910 1.7397265 0
 298 4740 5208 5 M  1.121050160 -1.2439912899 1.8086417 0
 299 4740 5208 5 M  2.735638341  0.8293566942 1.5146556 0
 300 4740 5208 5 F  1.617009776 -0.3010283298 1.6527600 0
 301 4588 4904 5 M  1.668800123 -0.3210982224 1.8562916 0
 302 4588 4904 5 M  2.156897615 -0.5651901330 1.9209687 0
 303 4588 4904 5 F  2.111675464  0.2004841651 1.8456752 0
 304 4588 4904 5 F  2.259453694  0.3596915544 1.7314201 0
 305 4588 4904 5 F  1.479841850 -0.6517757483 1.9538940 0
 306 4588 5038 5 F  1.817873630  0.3532429707 1.5868078 0
 307 4588 5038 5 F  2.709001815  0.7177723362 1.5557229 0
 308 4588 5038 5 M  1.669924149 -0.1679259975 1.5729144 0
 309 4588 5038 5 M  0.894176795 -0.4441731357 1.5151806 0
 310 4588 5038 5 M  1.747492524 -0.4706222128 1.7449696 0
 311 5083 4875 5 M  0.888153796 -0.6046203211 1.4374648 0
 312 5083 4875 5 F  1.224011232 -0.3772518794 1.5808209 0
 313 5083 4875 5 M  4.703766078  1.8119744058 1.8746675 0
 314 5083 4875 5 M  2.170931864 -0.6922605832 1.9412120 0
 315 5083 4875 5 M  2.267986922  0.5284530154 1.5036831 0
 316 5083 4595 5 M  1.171459384 -0.5040968524 1.6371418 0
 317 5083 4595 5 M  1.821113896 -0.1123574501 1.7139646 0
 318 5083 4595 5 F  1.706258154 -1.2175944712 1.7641427 0
 319 5083 4595 5 F  2.574246453 -0.0501592431 1.7333468 0
 320 5083 4595 5 F  4.035034493  1.0890693508 1.7166239 0
 321 5081 4920 5 M  1.615757299 -1.4058848338 2.0234886 0
 322 5081 4920 5 F  0.294050406 -0.2271408269 1.3199807 0
 323 5081 4920 5 F  0.427904368  0.1785572620 1.1552315 0
 324 5081 4920 5 M  2.288498444  0.1016234358 1.7557859 0
 325 5081 4920 5 M  1.516169604 -0.4109054336 1.6783055 0
 326 5081 4750 5 F  2.805876442  0.9284618632 1.6753823 0
 327 5081 4750 5 M  1.889152888  0.0065326203 1.8549493 0
 328 5081 4750 5 F  1.281399618 -0.4921730606 1.6562777 0
 329 5081 4750 5 F  1.966213248 -0.1082880057 1.8109729 0
 330 5081 4750 5 F  2.010773371  0.5084468175 1.5164680 0
 331 4462 4496 5 M  2.445449400 -0.2790413250 1.7529672 0
 332 4462 4496 5 F  1.599496438 -1.0780693388 1.7884273 0
 333 4462 4496 5 F  3.148869652  0.3850066868 1.9325603 0
 334 4462 4496 5 F  3.046665370  0.3904738197 1.8153690 0
 335 4462 4496 5 M  2.925774395 -0.1077619559 1.9065418 0
 336 4462 4390 5 M  3.930257684  0.9489524013 1.8644798 0
 337 4462 4390 5 M  3.043896036  0.0732272674 1.9235525 0
 338 4462 4390 5 F  2.769975862  0.0503211465 1.8829660 0
 339 4462 4390 5 M  2.355209382 -0.2262363296 1.8299700 0
 340 4462 4390 5 F  2.150464349 -0.2926187893 1.8130001 0
 341 5267 4463 5 F  1.303786720 -1.1963240735 1.8884881 0
 342 5267 4463 5 M  2.397406367 -0.0834262410 1.9082879 0
 343 5267 4463 5 M  3.485854744  0.1196898367 2.1182021 0
 344 5267 4463 5 F  2.947004945  0.0733241764 1.8949732 0
 345 5267 4463 5 F  1.747399483 -0.2871671931 1.6214919 0
 346 5267 4302 5 F  3.233974097  0.0146602779 2.1037123 0
 347 5267 4302 5 F  1.763455346  0.0125230842 1.6614069 0
 348 5267 4302 5 F  2.407699206 -0.5639257386 1.9044048 0
 349 5267 4302 5 F  1.850657220  0.5119215350 1.3778225 0
 350 5267 4302 5 M  2.334913001  0.2600424900 1.7432828 0
 351 4897 4728 5 F  1.112962279 -0.8228409930 1.6771245 0
 352 4897 4728 5 F  1.861960756  0.4601470581 1.5060195 0
 353 4897 4728 5 M  2.170081291  0.2012390888 1.6427270 0
 354 4897 4728 5 F  0.682544714 -0.9225094490 1.4739594 0
 355 4897 4728 5 F  2.507991019  0.7870157384 1.5619921 0
 356 4897 4630 5 F  3.005396984  0.7327929901 1.7592907 0
 357 4897 4630 5 F  1.929713779  0.0567325790 1.6465409 0
 358 4897 4630 5 M  3.913029332  1.9988326741 1.5359621 0
 359 4897 4630 5 F  1.731914103 -0.1818064413 1.4992454 0
 360 4897 4630 5 M  2.042461957 -0.0515914562 1.6355264 0
 361 4925 4879 5 F  1.030063632 -0.2825091098 1.3598853 0
 362 4925 4879 5 F  1.206073466 -0.9728000574 1.5946398 0
 363 4925 4879 5 F  2.004256487 -0.6041172113 1.7488279 0
 364 4925 4879 5 M  3.257963914  0.6228698895 1.7930095 0
 365 4925 4879 5 M  2.756511687  0.8015599582 1.7139311 0
 366 4925 4734 5 M  1.928678325 -0.3163164980 1.6111951 0
 367 4925 4734 5 M  1.761794926 -0.8986289270 1.8659585 0
 368 4925 4734 5 F  0.316549880 -0.0262709665 1.2122183 0
 369 4925 4734 5 M  3.799238662  1.2763348865 1.8454310 0
 370 4925 4734 5 F  3.959643330  1.2322796872 1.8739395 0
 371 4992 4948 5 M  2.074407479  0.6572304441 1.5281257 0
 372 4992 4948 5 F  1.404317078  0.6952990070 1.3620937 0
 373 4992 4948 5 F  1.984283448  0.6404412083 1.5160074 0
 374 4992 4948 5 F  1.465642805  0.8285676626 1.2972286 0
 375 4992 4948 5 M  1.955252968  0.7942205554 1.4395700 0
 376 4992 4937 5 F  2.116381057  0.5790206469 1.4989330 0
 377 4992 4937 5 M  3.005816139  1.2567571097 1.4901828 0
 378 4992 4937 5 F  1.020190287 -0.9859978353 1.6683733 0
 379 4992 4937 5 M  1.604704011 -0.5661385721 1.6365573 0
 380 4992 4937 5 F  1.289642737  0.2137999151 1.3719588 0
 381 5070 4577 5 F  1.173880300 -0.4321963357 1.5221234 0
 382 5070 4577 5 M  1.877061081  0.0379547759 1.5743949 0
 383 5070 4577 5 F  2.136928816 -0.6838724830 1.9506068 0
 384 5070 4577 5 M  2.115860606  0.1194114514 1.6197527 0
 385 5070 4577 5 F  3.337960316  1.0929942293 1.7480799 0
 386 5070 4485 5 M  3.114405755  0.3182213156 1.8805894 0
 387 5070 4485 5 F  1.481515737 -0.3404147945 1.5977545 0
 388 5070 4485 5 F  1.910807453 -0.2182914917 1.6523656 0
 389 5070 4485 5 M  1.952681791 -0.6193757970 1.7709763 0
 390 5070 4485 5 M  1.709481909 -0.3077175156 1.6980904 0
 391 4626 4301 5 F -0.541087611 -0.1430706594 0.9442325 0
 392 4626 4301 5 M -0.534080374 -0.3002179166 1.0424169 0
 393 4626 4301 5 F  2.168003719  1.8571553965 1.1038480 0
 394 4626 4301 5 M  0.943644193  1.1483187295 1.0018809 0
 395 4626 4301 5 F -0.389704555 -0.3629568726 1.0819147 0
 396 4626 4336 5 M  3.302543982  0.8870103036 1.7902211 0
 397 4626 4336 5 F  1.029223209 -0.6885939722 1.8496356 0
 398 4626 4336 5 M  2.182547115  0.2996091855 1.7629886 0
 399 4626 4336 5 M  0.519274624 -1.1663083386 1.8084331 0
 400 4626 4336 5 M  3.059801457  0.6236132784 1.7908642 0
 401 4425 4944 5 F  1.516502969  0.1431912962 1.4983251 0
 402 4425 4944 5 F  2.069619202  0.2860746779 1.7241363 0
 403 4425 4944 5 F  1.672661788  0.1495212915 1.7100296 0
 404 4425 4944 5 M  3.470388600  1.5270916280 1.7713088 0
 405 4425 4944 5 F  0.591922663 -0.9372108117 1.7325440 0
 406 4425 5218 5 M  1.894374681 -0.0336728634 1.8031537 0
 407 4425 5218 5 M  2.525666298 -0.2527015853 2.0846611 0
 408 4425 5218 5 F  2.690856115 -0.0092409092 1.8828680 0
 409 4425 5218 5 M  1.755964807 -0.0609393256 1.6293553 0
 410 4425 5218 5 F  2.724327728  1.0109957009 1.5027894 0
 411 4962 4661 5 M  3.993889573  0.9903914702 2.0022611 0
 412 4962 4661 5 F  2.026507355 -0.2363280361 1.8181419 0
 413 4962 4661 5 F  3.037192979 -0.2879861847 2.1672659 0
 414 4962 4661 5 M  3.620969585  0.5734926533 2.0293552 0
 415 4962 4661 5 F  1.466154791 -1.0259772115 1.9506499 0
 416 4962 5001 5 M  2.723365036 -0.8519990590 2.1911018 0
 417 4962 5001 5 F  3.111336452 -0.0106744721 2.1268335 0
 418 4962 5001 5 F  1.945279954 -0.2471298644 1.7335890 0
 419 4962 5001 5 F  3.223498804  1.0375647322 1.7500816 0
 420 4962 5001 5 F  2.229920120 -0.0307219408 1.7420457 0
 421 5261 4821 5 M  3.800907997  0.7577902079 1.9968608 0
 422 5261 4821 5 M  2.652346846  0.0537318972 1.8364844 0
 423 5261 4821 5 M  3.427089058  0.9037060804 1.8075984 0
 424 5261 4821 5 F  2.326856965 -0.2016291788 1.8361890 0
 425 5261 4821 5 F  0.926506552 -0.2409288083 1.4874291 0
 426 5261 5150 5 M  3.228261601  0.5955100012 1.8027635 0
 427 5261 5150 5 M  1.582333924 -0.3892802905 1.6472156 0
 428 5261 5150 5 M  1.824862360 -0.5856471847 1.7204445 0
 429 5261 5150 5 F  1.889415169 -0.4838804977 1.6759867 0
 430 5261 5150 5 M  1.016045062 -0.3181071272 1.4793514 0
 431 4604 4833 5 M  1.731689086 -0.3877820669 1.7529838 0
 432 4604 4833 5 F  2.690517305  0.0342833354 1.9217067 0
 433 4604 4833 5 F  2.835471944  0.6395073412 1.8445968 0
 434 4604 4833 5 F  1.641555263 -0.8024630670 1.7929670 0
 435 4604 4833 5 M  2.693465509  0.2047306846 1.8730692 0
 436 4604 4733 5 F  2.592668888 -0.4450109180 2.0297005 0
 437 4604 4733 5 F  2.454360115  0.3894548667 1.7109933 0
 438 4604 4733 5 M  2.068790964  0.3176866063 1.5847138 0
 439 4604 4733 5 M  0.969643951 -0.5932000136 1.5880060 0
 440 4604 4733 5 M  3.483875255  0.6445462037 1.8915015 0
 441 4621 4941 5 F  2.402678226 -0.2915213877 1.9917694 0
 442 4621 4941 5 M  2.342991377  0.7054955692 1.6836256 0
 443 4621 4941 5 F  1.882944582  0.0774995738 1.5787240 0
 444 4621 4941 5 F  1.766128328  0.3198728376 1.5951580 0
 445 4621 4941 5 F  3.001267588  1.1375550879 1.7651726 0
 446 4621 4385 5 M  1.880257905 -0.3617285798 1.8301701 0
 447 4621 4385 5 M  3.305116737  0.2638940986 2.0762687 0
 448 4621 4385 5 F  2.379896402  0.1768744943 1.6778517 0
 449 4621 4385 5 M  1.532074158 -0.4555976566 1.8291463 0
 450 4621 4385 5 M  3.344617813  1.2450477980 1.8233551 0
 451 4987 4744 5 M  2.447649087  1.0624500887 1.4161049 0
 452 4987 4744 5 F  1.970792975  0.4900670848 1.5978537 0
 453 4987 4744 5 F  1.038083929 -0.4421322733 1.6473787 0
 454 4987 4744 5 M  2.790996142  0.8266812667 1.8123746 0
 455 4987 4744 5 M  4.737115384  2.4784527148 1.7575824 0
 456 4987 5279 5 F  2.066326001 -0.0478390400 1.6684454 0
 457 4987 5279 5 F  1.957223081  0.4672609594 1.5380204 0
 458 4987 5279 5 M  1.791410225 -0.1540058038 1.6781118 0
 459 4987 5279 5 M  1.738628836 -0.5810349852 1.7653260 0
 460 4987 5279 5 F  1.960999456 -0.7816078792 1.8214205 0
 461 4961 4954 5 M -0.504412305 -0.2474974252 0.7289680 0
 462 4961 4954 5 F -0.028548778  0.0783831951 0.8340792 0
 463 4961 4954 5 M -0.469927010 -0.2690634743 0.8060935 0
 464 4961 4954 5 F -0.984896309 -0.7331268620 0.7562824 0
 465 4961 4954 5 M  0.428956791  0.1858613479 1.0379439 0
 466 4961 5147 5 M  1.939337943 -0.3823710577 1.8089079 0
 467 4961 5147 5 F  1.956522108 -0.3802412768 1.7134794 0
 468 4961 5147 5 M  0.985871554 -0.6469187011 1.5459463 0
 469 4961 5147 5 F  2.427021864 -0.5483032806 1.8973625 0
 470 4961 5147 5 F  4.148131685  1.5442938769 1.8743026 0
 471 4762 4664 5 M  2.722630109  0.2501919939 1.7504550 0
 472 4762 4664 5 F  1.982990326  0.3154401534 1.6178783 0
 473 4762 4664 5 F  1.769962385  0.2331117378 1.5400896 0
 474 4762 4664 5 M  2.129435184  0.1141557364 1.6460630 0
 475 4762 4664 5 F  2.154282546 -0.5966098400 1.8639928 0
 476 4762 4489 5 F  2.703520502 -0.0261287785 1.8451649 0
 477 4762 4489 5 M  2.744920328  0.0031231578 1.8872756 0
 478 4762 4489 5 M  3.505191801  0.9554049053 1.7623202 0
 479 4762 4489 5 F  2.445411520 -0.3280110979 1.8524594 0
 480 4762 4489 5 F  2.114406571 -0.9210757963 1.9283013 0
 481 4321 5212 5 M  1.881776021 -0.9885072078 1.9232216 0
 482 4321 5212 5 M  3.001407720 -0.0273542493 1.9392194 0
 483 4321 5212 5 F  4.236731234  1.0983659402 2.0622149 0
 484 4321 5212 5 F  2.087377544 -1.0329936492 2.0747160 0
 485 4321 5212 5 F  2.952699126 -0.0190702672 1.8887359 0
 486 4321 4942 5 F  1.232208776 -1.0579645132 1.6330944 0
 487 4321 4942 5 M  2.705893339  0.6094422040 1.5972075 0
 488 4321 4942 5 F  2.112097970  0.7095093117 1.5533144 0
 489 4321 4942 5 M  2.052032237 -0.1113811768 1.6422685 0
 490 4321 4942 5 F  1.910358220 -0.3903189273 1.6735601 0
 491 5266 4978 5 F  1.955896232  0.3749038971 1.6213974 0
 492 5266 4978 5 F  1.836397002  0.1844214493 1.6194471 0
 493 5266 4978 5 F  0.223582545 -1.0091959496 1.5605840 0
 494 5266 4978 5 M  0.475181404 -0.9955719810 1.5718587 0
 495 5266 4978 5 M  1.054103758 -0.5456596229 1.6787019 0
 496 5266 4363 5 M  0.805948031 -1.0463282100 1.6210802 0
 497 5266 4363 5 M  2.513659312 -0.8519937136 2.1755688 0
 498 5266 4363 5 M  1.569340521  0.0407345134 1.4838248 0
 499 5266 4363 5 F  2.642987009 -0.4084771679 2.0706749 0
 500 5266 4363 5 F  0.875568036 -0.8918590596 1.6432288 0
 501 4328 5043 5 F -1.237983950 -1.1581627242 0.9494759 0
 502 4328 5043 5 F  0.911184915  0.8797640521 0.9223238 0
 503 4328 5043 5 F -1.097901366 -1.1025804498 0.9893065 0
 504 4328 5043 5 F -0.013884751 -0.3115228892 1.0480283 0
 505 4328 5043 5 M  0.954604045  1.1993622424 0.8449966 0
 506 4328 4495 5 M  1.213540553  0.0519198509 1.5858350 0
 507 4328 4495 5 F  0.353574683 -1.0135493826 1.6176516 0
 508 4328 4495 5 F  1.378213780  0.0193165257 1.6404363 0
 509 4328 4495 5 F  1.285457145 -0.3718993365 1.6573230 0
 510 4328 4495 5 F  1.516333874 -0.0564168450 1.6263515 0
 511 4846 5036 5 F  0.940959008 -0.2063981507 1.4341823 0
 512 4846 5036 5 M  2.338324824  0.9908606054 1.4964949 0
 513 4846 5036 5 F  1.046182517 -1.3709485948 1.6993485 0
 514 4846 5036 5 F  0.803986625 -0.6168106194 1.5328789 0
 515 4846 5036 5 F  2.485443538  0.0770804405 1.8272696 0
 516 4846 4662 5 F  2.114053562  0.2362966804 1.4831244 0
 517 4846 4662 5 F  1.677114897  0.3718144477 1.3462951 0
 518 4846 4662 5 F  2.614259629  0.3757219173 1.7513939 0
 519 4846 4662 5 M  1.023453169 -0.7590791808 1.5856290 0
 520 4846 4662 5 F  1.255511600 -0.9099061751 1.7084774 0
 521 4677 5230 5 F  2.554858458 -0.5220461121 1.9687846 0
 522 4677 5230 5 M  3.997651098  1.1562506331 1.8510019 0
 523 4677 5230 5 F  2.859460944  0.2787558930 1.6640076 0
 524 4677 5230 5 M  3.680824651  0.6981261776 1.9129815 0
 525 4677 5230 5 M  2.997788530  0.0070190924 2.0056383 0
 526 4677 4611 5 M  2.831178077  0.0060527607 2.0354964 0
 527 4677 4611 5 F  2.030488349 -0.2938635285 1.8618922 0
 528 4677 4611 5 M  1.167766436 -0.9318452521 1.8444335 0
 529 4677 4611 5 F  2.360685242  0.2763115224 1.8213776 0
 530 4677 4611 5 F  1.929441606 -0.1057122516 1.8724225 0
 531 5043 5257 5 M  3.400396095  0.1841618681 2.0048202 0
 532 5043 5257 5 M  3.490464149  0.2964836441 2.0089287 0
 533 5043 5257 5 F  3.492210199  0.1556772366 2.0085286 0
 534 5043 5257 5 F  0.946988935 -1.1870701507 1.6894996 0
 535 5043 5257 5 M  1.567079527  0.1822880786 1.7646721 0
 536 5043 4946 5 F  1.352865694 -0.2582640154 1.6415709 0
 537 5043 4946 5 M  1.852621823 -0.4217340935 1.8556021 0
 538 5043 4946 5 M  1.781396368  0.4607151189 1.4732946 0
 539 5043 4946 5 M  1.603204994  0.3930055542 1.5472979 0
 540 5043 4946 5 F  2.234782613 -0.2216756883 1.8871717 0
 541 5087 4742 5 M  2.388771012  0.2647757516 1.7682486 0
 542 5087 4742 5 F  2.185380603  0.2106310749 1.6818594 0
 543 5087 4742 5 F  1.104810081  0.0237175509 1.4920704 0
 544 5087 4742 5 F  1.939468392 -0.1327369245 1.7311984 0
 545 5087 4742 5 M  1.119255857 -0.2666276100 1.4539500 0
 546 5087 4609 5 M  0.399249675 -0.2558994620 1.3748958 0
 547 5087 4609 5 F  0.691499848 -0.2437234146 1.4016348 0
 548 5087 4609 5 F  1.788992086 -0.9032290376 1.8324033 0
 549 5087 4609 5 M  1.134830424 -0.2441770333 1.5686077 0
 550 5087 4609 5 F  0.802640229 -0.0240698228 1.3459635 0
 551 4329 4747 5 F  2.624709663 -0.3735223555 1.9574094 0
 552 4329 4747 5 F  2.603895955 -0.4175404204 1.9209494 0
 553 4329 4747 5 F  3.585021086  0.3768526087 1.9566673 0
 554 4329 4747 5 F  2.073065192 -0.7970663244 1.9414263 0
 555 4329 4747 5 M  3.787061231  0.7474326779 2.0035791 0
 556 4329 4464 5 F  3.400985721  0.2186119706 2.0289871 0
 557 4329 4464 5 M  0.776024831 -0.8182611516 1.7587035 0
 558 4329 4464 5 M  3.226189146  0.2822926309 2.0913228 0
 559 4329 4464 5 M  2.711341168  0.0171484827 2.0000830 0
 560 4329 4464 5 M  3.612921200  0.5786704524 1.9735845 0
 561 5084 4310 5 M  2.599370105  0.7261954613 1.6788550 0
 562 5084 4310 5 F  1.027257486 -0.0753586242 1.3737991 0
 563 5084 4310 5 F  1.809280213 -0.4569093256 1.7105560 0
 564 5084 4310 5 M  3.322307133  0.9150965337 1.8174488 0
 565 5084 4310 5 M  2.197612273  0.7805564314 1.5628659 0
 566 5084 5264 5 F  1.625050475 -1.0135268590 1.8063270 0
 567 5084 5264 5 F  3.326381600  0.7450236646 1.7320631 0
 568 5084 5264 5 M  4.141044758  1.0395260688 1.9665260 0
 569 5084 5264 5 M  3.294525336  0.5550333161 1.8431251 0
 570 5084 5264 5 F  2.956988984  0.4074366883 1.7728232 0
 571 4724 4669 5 F  2.884474731  0.1826417591 1.8273767 0
 572 4724 4669 5 F  1.437276833 -0.9474117472 1.7423384 0
 573 4724 4669 5 M  1.387289804 -1.2002252630 1.8137223 0
 574 4724 4669 5 F  2.028912864 -0.6494410090 1.7555899 0
 575 4724 4669 5 M  2.892598334  0.2224531429 1.7868006 0
 576 4724 4823 5 M  1.718688671  0.0365784159 1.5878520 0
 577 4724 4823 5 M  1.921908575 -0.5326930882 1.7856121 0
 578 4724 4823 5 F  2.720720522 -0.0675269915 1.8204486 0
 579 4724 4823 5 M  3.449606427  0.7259885691 1.7424458 0
 580 4724 4823 5 F  1.745367477 -0.0135496290 1.6208638 0
 581 4587 4499 5 M  3.142360433  0.9165976528 1.9141946 0
 582 4587 4499 5 F  1.458113818 -0.5125557867 1.7036994 0
 583 4587 4499 5 F  2.603293894 -0.2135187781 1.8169405 0
 584 4587 4499 5 M  3.139717770  0.3012768624 1.8396763 0
 585 4587 4499 5 F  1.676121387 -0.7736784708 1.8761517 0
 586 4587 5188 5 M  1.921390921 -0.5981676596 1.8327361 0
 587 4587 5188 5 M  2.846484939 -0.0588822526 1.9728731 0
 588 4587 5188 5 F  2.703857924  1.1511916905 1.6721007 0
 589 4587 5188 5 F  3.545851609  0.9750423293 1.8227905 0
 590 4587 5188 5 M -0.265333911 -1.3394238442 1.5847303 0
 591 4749 5222 5 M  2.193864983 -0.2909523492 1.7990038 0
 592 4749 5222 5 M  2.581850848 -0.1598411210 1.7477389 0
 593 4749 5222 5 F  1.784919769 -0.3420302381 1.6197151 0
 594 4749 5222 5 M  2.386810438  0.2659681606 1.7145229 0
 595 4749 5222 5 M  4.861375241  1.2947778067 2.0420793 0
 596 4749 4520 5 M  3.544327495  0.7696286748 1.8375100 0
 597 4749 4520 5 M  2.369876001 -0.2855708422 1.8763313 0
 598 4749 4520 5 M  3.917492489  1.5872158492 1.7361395 0
 599 4749 4520 5 F  3.129630705 -0.3160869694 2.0573851 0
 600 4749 4520 5 F  2.104298288 -0.7684628430 1.8727421 0
 601 4461 5133 5 M  2.155135172 -0.6799275535 1.9015895 0
 602 4461 5133 5 M  1.391668485 -0.0410271132 1.4389813 0
 603 4461 5133 5 F  2.131738297 -0.2073146572 1.6429977 0
 604 4461 5133 5 F  3.764999587  0.9155195218 1.9175154 0
 605 4461 5133 5 M  2.693383903  0.5240371423 1.7408878 0
 606 4461 5252 5 M  2.141528031  0.6181501646 1.3269990 0
 607 4461 5252 5 F  2.730537443  0.2331883336 1.7149870 0
 608 4461 5252 5 M  2.385686745 -0.4441369403 1.9013788 0
 609 4461 5252 5 M  2.100021574 -0.5940084576 1.9080472 0
 610 4461 5252 5 F  2.228580475  0.0787994748 1.5605360 0
 611 4451 5134 5 M  2.309699274  0.4540585887 1.6231421 0
 612 4451 5134 5 F  1.099486030 -0.4296509132 1.4209957 0
 613 4451 5134 5 M  1.875888245  0.3970980999 1.4544631 0
 614 4451 5134 5 M  2.318583656  0.3024784508 1.5996089 0
 615 4451 5134 5 F  4.769820361  1.6369704426 1.8748462 0
 616 4451 4885 5 M  2.048170306  0.4746313993 1.7135502 0
 617 4451 4885 5 F  3.125390119  0.8365710521 1.6554654 0
 618 4451 4885 5 M  4.572057373  1.8696843833 1.7581017 0
 619 4451 4885 5 F  1.621693171 -0.1337685286 1.6402606 0
 620 4451 4885 5 F  2.269928736 -0.0029557321 1.6591888 0
 621 4602 5010 5 F  1.863422452 -0.6902678792 1.8942015 0
 622 4602 5010 5 M  3.069986188  0.9349056661 1.6719114 0
 623 4602 5010 5 M  3.053025133  0.3273889312 1.9195010 0
 624 4602 5010 5 M  4.442795275  1.7618556403 1.8309565 0
 625 4602 5010 5 F  2.800110621  0.6045127390 1.7601761 0
 626 4602 4676 5 M  2.655792792 -0.0934743644 1.9348957 0
 627 4602 4676 5 M  1.306100186 -0.7765658693 1.7207522 0
 628 4602 4676 5 M  2.995473173 -0.0851720383 2.0222543 0
 629 4602 4676 5 F  0.941374768 -1.3746899738 1.7419154 0
 630 4602 4676 5 F  1.427085241 -1.0269959179 1.8160785 0
 631 5289 4976 5 F  1.630517483 -0.2380595588 1.5802439 0
 632 5289 4976 5 M  1.423738164 -0.8698045020 1.6834196 0
 633 5289 4976 5 F  2.360972322 -1.0946672257 1.9950411 0
 634 5289 4976 5 F  2.588458819  0.6643050640 1.5766680 0
 635 5289 4976 5 F  1.551655832 -0.5424806617 1.6998822 0
 636 5289 5065 5 M  1.478809759 -0.6322349495 1.6553241 0
 637 5289 5065 5 F  1.748972531 -0.2490988305 1.6914745 0
 638 5289 5065 5 M  1.750147566 -0.0205441762 1.6193208 0
 639 5289 5065 5 M  2.882444844  1.3587257374 1.4912904 0
 640 5289 5065 5 F  1.284211851 -0.4102342033 1.5204865 0
 641 5127 4824 5 M  3.257409023  0.8633337032 1.7622066 0
 642 5127 4824 5 M  2.942696649 -0.0294245589 1.9157802 0
 643 5127 4824 5 M  2.249644018  0.0095836404 1.7489382 0
 644 5127 4824 5 F  2.073432601  0.1442539386 1.5546644 0
 645 5127 4824 5 F  2.940978651  1.2465513344 1.5062057 0
 646 5127 4624 5 M  1.799643439 -0.1560313277 1.6114980 0
 647 5127 4624 5 F  2.808787437  1.1212530521 1.5086288 0
 648 5127 4624 5 F  2.074780723  0.2484116186 1.6978815 0
 649 5127 4624 5 F  1.096919988 -0.6156380183 1.5836651 0
 650 5127 4624 5 F  1.760364286 -0.6147938695 1.7370690 0
 651 5064 5184 5 M  2.334097364 -0.5212345834 1.8262987 0
 652 5064 5184 5 F  2.263553721  0.4794793400 1.6415383 0
 653 5064 5184 5 M  1.739805746 -0.1700254416 1.6871680 0
 654 5064 5184 5 M  3.627032150  1.3503283647 1.5892437 0
 655 5064 5184 5 F  1.288525023 -0.1659147929 1.5198362 0
 656 5064 4982 5 F  1.393643948 -0.4740927428 1.6294460 0
 657 5064 4982 5 M  4.475063912  1.3606461886 1.8614038 0
 658 5064 4982 5 F  2.419929212  0.8885627818 1.4159292 0
 659 5064 4982 5 F  2.916024532  0.6709757582 1.5915086 0
 660 5064 4982 5 F  1.408815622 -0.6098412015 1.6008526 0
 661 5066 5143 5 M  3.387253836  1.5692641081 1.6048516 0
 662 5066 5143 5 F  1.765610859 -0.9598682650 1.8818080 0
 663 5066 5143 5 F  3.342236690  1.2217054482 1.6958586 0
 664 5066 5143 5 M  3.212201439  0.4244880434 1.9154987 0
 665 5066 5143 5 F  3.442347306  0.6810440648 1.8617360 0
 666 5066 4369 5 F  2.064514100 -0.7527684013 2.0031754 0
 667 5066 4369 5 M  2.771356799  0.6233416561 1.7125919 0
 668 5066 4369 5 F  1.614589902 -0.9380452898 1.7885032 0
 669 5066 4369 5 F  1.485082452  0.1318420684 1.4913467 0
 670 5066 4369 5 M  1.566856813 -0.3462549669 1.7405450 0
 671 5170 4895 5 M  1.646767058  0.1852540067 1.4930962 0
 672 5170 4895 5 F  2.069460133  0.8348338208 1.4668604 0
 673 5170 4895 5 F  1.559849877  0.3584700608 1.5035967 0
 674 5170 4895 5 M  3.042518375  1.2113739340 1.6255343 0
 675 5170 4895 5 M -0.035592445 -1.6578284738 1.5193230 0
 676 5170 5178 5 M  0.944230827 -0.7883752392 1.4166892 0
 677 5170 5178 5 F  0.376935877 -1.2693508722 1.5691028 0
 678 5170 5178 5 F  1.759558324  0.4907291686 1.4368029 0
 679 5170 5178 5 M  3.111783183  1.2992080785 1.6793192 0
 680 5170 5178 5 F  1.531430038  0.0173645533 1.6332467 0
 681 4359 4805 5 F  2.555538026  0.0328462172 1.9215735 0
 682 4359 4805 5 F  3.955190642  0.8721404216 1.8942741 0
 683 4359 4805 5 F  2.728135440  0.1201629036 1.8089885 0
 684 4359 4805 5 M  1.702861032 -0.7670550535 1.8457723 0
 685 4359 4805 5 F  3.324988226  0.9113204229 1.8611717 0
 686 4359 4315 5 M  0.540294356  0.7531577117 0.8442907 0
 687 4359 4315 5 M -0.415558720  0.0713689819 0.7551023 0
 688 4359 4315 5 M  0.356125985  0.5798875687 0.8763841 0
 689 4359 4315 5 M -0.327712343  0.0905541569 0.8241915 0
 690 4359 4315 5 F  1.197897328  1.4031018511 1.0048435 0
 691 4366 5290 5 M  1.561308957 -0.6044895075 1.6909852 0
 692 4366 5290 5 F  3.514829794  0.5606641846 1.8362163 0
 693 4366 5290 5 M  4.182846302  0.9028668707 2.1047651 0
 694 4366 5290 5 M  1.732496496 -0.0027908947 1.5680049 0
 695 4366 5290 5 M  2.276135949  0.5065906313 1.5735189 0
 696 4366 5055 5 F  1.723051120 -0.1948943346 1.6242750 0
 697 4366 5055 5 F  0.890604735 -0.5051432943 1.4998411 0
 698 4366 5055 5 F  0.957902306 -0.4713648347 1.5223020 0
 699 4366 5055 5 F  2.446050378  0.5276483430 1.7114350 0
 700 4366 5055 5 M  1.613778787 -0.2856324840 1.6186607 0
 701 4764 5295 5 F  2.927781908  1.0058685379 1.7058816 0
 702 4764 5295 5 M  1.670623652 -0.3011970336 1.6852712 0
 703 4764 5295 5 M  3.363997628  1.4197434693 1.6844999 0
 704 4764 5295 5 M  2.829971512 -0.0157453927 1.8401784 0
 705 4764 5295 5 F  3.696335615  1.9684788602 1.6280082 0
 706 4764 4619 5 F  1.867167298 -1.0591902114 1.9400180 0
 707 4764 4619 5 F  2.257522492 -0.8256557213 2.0434963 0
 708 4764 4619 5 F  2.518483888 -0.4392658082 1.9134549 0
 709 4764 4619 5 M  3.211134216  0.1098972622 1.9731780 0
 710 4764 4619 5 M  2.821423670  0.0123324064 1.9659925 0
 711 4576 4834 5 F  0.999259752 -0.4279353189 1.4133297 0
 712 4576 4834 5 M  2.375550547  0.5329126830 1.7748942 0
 713 4576 4834 5 M  2.011022942  0.3610398991 1.5307035 0
 714 4576 4834 5 F  0.510160782 -0.8606421576 1.5511768 0
 715 4576 4834 5 F  1.533557066 -0.3849429469 1.8163701 0
 716 4576 4488 5 M  3.007032954  0.5857972618 1.7578615 0
 717 4576 4488 5 M  2.812341578  0.2650620995 1.7782523 0
 718 4576 4488 5 F  4.065242784  1.4841201639 1.8832116 0
 719 4576 4488 5 M  1.739560511 -0.8449090094 1.7209062 0
 720 4576 4488 5 M  3.127977183  1.0453310077 1.7373498 0
 721 4921 4615 5 F  1.340552776 -0.7286025140 1.7173426 0
 722 4921 4615 5 M  2.253279441  0.3099052784 1.7164484 0
 723 4921 4615 5 F  2.753749442  0.0544367107 1.9082371 0
 724 4921 4615 5 F  1.660995496 -0.6671727710 1.7233051 0
 725 4921 4615 5 M  2.452376070 -0.2284989435 1.9459155 0
 726 4921 4801 5 F  2.948864255  0.8253898318 1.6900812 0
 727 4921 4801 5 M  3.789744728  0.8429020794 1.9333079 0
 728 4921 4801 5 F  2.662872900 -0.5266153025 1.9769974 0
 729 4921 4801 5 F  4.448151372  2.5368873439 1.6190060 0
 730 4921 4801 5 M  2.033751378  0.0145613807 1.6297869 0
 731 4318 4507 5 F  2.286173041  0.4182244598 1.5923519 0
 732 4318 4507 5 F  1.680857930 -0.8129607723 1.8369917 0
 733 4318 4507 5 F  2.213775888  0.8169735506 1.3658467 0
 734 4318 4507 5 M  1.192323045 -0.5195050730 1.5565555 0
 735 4318 4507 5 M  1.724516360 -0.4361734626 1.7789562 0
 736 4318 4851 5 M  3.683432950  0.9680406692 1.7663734 0
 737 4318 4851 5 M  2.204804710 -0.0121879850 1.6977911 0
 738 4318 4851 5 M  4.629569834  2.0677562882 1.6719648 0
 739 4318 4851 5 M  3.458197755  0.7519969258 1.8503023 0
 740 4318 4851 5 F  3.007503750  0.3012498422 1.8283880 0
 741 4964 4772 5 M  2.098269603 -0.7549174367 1.8833951 0
 742 4964 4772 5 M  4.165297596  0.5286803815 2.0879763 0
 743 4964 4772 5 F  4.198145088  1.4142183914 1.8760599 0
 744 4964 4772 5 F  3.565318926  0.1469291808 2.0031920 0
 745 4964 4772 5 M  4.039607948  0.5390544150 2.0716802 0
 746 4964 4362 5 M  3.020859291 -0.1432213237 1.9973725 0
 747 4964 4362 5 M  1.226541061 -1.2773513597 1.7481669 0
 748 4964 4362 5 M  2.368850223 -0.5527534335 1.9847435 0
 749 4964 4362 5 M  2.093196382 -1.0904452104 2.0287826 0
 750 4964 4362 5 F  3.663253118  0.7720298376 1.9051113 0
 751 4906 5042 5 F  1.404097433 -0.3248317452 1.6574323 0
 752 4906 5042 5 M  1.815449059 -0.2871386269 1.6991239 0
 753 4906 5042 5 M  3.624600435  0.2736397103 2.0902719 0
 754 4906 5042 5 M  2.266033642  1.0296286087 1.4207567 0
 755 4906 5042 5 F  3.596139450  0.4166209111 2.0190728 0
 756 4906 5015 5 F -1.491208593 -1.5534665447 0.9105993 0
 757 4906 5015 5 F -0.421688190 -0.1866457628 0.8794188 0
 758 4906 5015 5 F  0.437208240  0.5182019844 0.9709470 0
 759 4906 5015 5 M  0.252184778  0.9275241670 0.8165802 0
 760 4906 5015 5 F -0.083046289  0.2820315324 0.6839556 0
 761 4592 4774 5 M  1.910273707 -0.1262588429 1.7530444 0
 762 4592 4774 5 M  2.291119036 -0.3009945462 1.8097614 0
 763 4592 4774 5 M  2.287499167  0.7811476895 1.6608886 0
 764 4592 4774 5 F  2.009017829 -0.1391645378 1.7542495 0
 765 4592 4774 5 M  2.994124182  0.4457963215 1.8003528 0
 766 4592 4594 5 F  3.360151430  1.2902400435 1.5689753 0
 767 4592 4594 5 F  1.520174714 -0.1755942758 1.6200100 0
 768 4592 4594 5 F  1.141386552 -0.4534615853 1.6126178 0
 769 4592 4594 5 F  1.604972279 -0.1366237954 1.5754573 0
 770 4592 4594 5 F  1.122317391 -0.5081970724 1.7118114 0
 771 4736 4943 5 F  2.521930171  0.8416752761 1.6349316 0
 772 4736 4943 5 M  2.033950218  0.0945719339 1.7406245 0
 773 4736 4943 5 F  1.499834321 -0.0297871885 1.6735781 0
 774 4736 4943 5 F  1.840488897  0.1496049906 1.6428438 0
 775 4736 4943 5 M  0.955745448 -0.5405132788 1.6178560 0
 776 4736 4730 5 F -0.233566136 -0.4306069454 1.0215221 0
 777 4736 4730 5 F -0.471454115 -0.1539521270 0.8886726 0
 778 4736 4730 5 M  2.193859354  2.2199895044 1.0676417 0
 779 4736 4730 5 F -0.045200715 -0.3662512175 1.0264769 0
 780 4736 4730 5 M  0.023204137  0.1615197764 0.8792342 0
 781 4422 4915 5 M -0.381461986 -0.0978858042 0.6937161 0
 782 4422 4915 5 F -0.476810866  0.0218246095 0.4902711 0
 783 4422 4915 5 F -1.485216290 -1.2946143560 0.9734941 0
 784 4422 4915 5 M -0.924536809 -0.7937288611 0.5347420 0
 785 4422 4915 5 M -1.248576701 -0.6767257200 0.7743059 0
 786 4422 5291 5 M  1.231403626 -1.2636487632 1.6604800 0
 787 4422 5291 5 M  2.715805323  0.5384100831 1.5921491 0
 788 4422 5291 5 M  1.646257994 -1.4752697051 1.9297485 0
 789 4422 5291 5 M  2.051159921 -0.3864039129 1.6096455 0
 790 4422 5291 5 M  1.123239793 -1.0304168968 1.6813494 0
 791 4301 4429 5 M  2.946499827  0.1023075663 1.9243118 0
 792 4301 4429 5 M  1.974123678 -0.7124633109 1.9632591 0
 793 4301 4429 5 F  2.364314587 -0.1868830134 1.8298235 0
 794 4301 4429 5 F  2.804596926 -0.4203700906 1.9818066 0
 795 4301 4429 5 F  2.640749453 -0.0164133892 1.8429907 0
 796 4301 4917 5 M  1.324731823 -0.7001953932 1.7097259 0
 797 4301 4917 5 F  2.190327540 -0.1680313214 1.8399898 0
 798 4301 4917 5 M  1.297339423 -0.9302405441 1.7469809 0
 799 4301 4917 5 M  2.945887314  0.2187294040 1.6906580 0
 800 4301 4917 5 M  2.128857753 -0.4055604412 1.7232655 0
 801 4316 4506 5 F  1.753457915 -0.1824317830 1.6792976 0
 802 4316 4506 5 F  2.998684482  0.4366661040 1.7732114 0
 803 4316 4506 5 F  0.447341684 -1.0801174589 1.4720260 0
 804 4316 4506 5 F  3.648481438  0.9028928569 1.7999796 0
 805 4316 4506 5 F  1.073275091 -0.0916386362 1.3849782 0
 806 4316 5117 5 M  2.495561971 -0.6813359548 2.0581235 0
 807 4316 5117 5 F  1.666465254 -0.4613961736 1.6641749 0
 808 4316 5117 5 M  2.605944023 -0.6518169121 2.0740588 0
 809 4316 5117 5 F  3.540190719  0.5989355724 2.0265385 0
 810 4316 5117 5 M  4.024673096  1.4999004034 1.7906891 0
 811 4589 5049 5 F  2.962536900  0.3314229420 1.9538056 0
 812 4589 5049 5 M  2.152601224 -0.3935249706 1.7298025 0
 813 4589 5049 5 F  1.840404847 -0.7876120597 1.6982772 0
 814 4589 5049 5 F  3.214133533  1.4856852567 1.6158168 0
 815 4589 5049 5 M  3.129595115  0.4467428023 1.8510004 0
 816 4589 4459 5 M  2.186699419  0.4817221400 1.6353339 0
 817 4589 4459 5 M  2.569948464 -0.4773022598 1.8536042 0
 818 4589 4459 5 M  3.292393138  1.3513601082 1.5955989 0
 819 4589 4459 5 F  2.659751374  0.3954586384 1.6490390 0
 820 4589 4459 5 F  2.462207104  0.7712787711 1.6410655 0
 821 4892 4490 5 M  2.271848363  0.1773632141 1.6318590 0
 822 4892 4490 5 F  2.653568881  0.1141358735 1.7659466 0
 823 4892 4490 5 F  2.372289050 -0.2836281222 1.8175400 0
 824 4892 4490 5 M  2.415448201  0.1587463969 1.7989996 0
 825 4892 4490 5 F  1.095293630  0.8060514926 1.1348902 0
 826 4892 5067 5 M  1.099642112 -0.1521322755 1.3712397 0
 827 4892 5067 5 F  1.363519682 -0.0847767999 1.4408300 0
 828 4892 5067 5 F  3.150848088  0.0110711455 1.8738199 0
 829 4892 5067 5 F  0.787229310 -0.6177722511 1.3784650 0
 830 4892 5067 5 F  2.570660189  0.0918250771 1.6322679 0
 831 4915 4319 5 M -0.175666914 -1.6767012945 1.4568660 0
 832 4915 4319 5 M  0.741475388 -0.2423495722 1.4427613 0
 833 4915 4319 5 M  3.346499911  0.3414177612 1.9759337 0
 834 4915 4319 5 F  3.337930001  0.2710700292 1.8303333 0
 835 4915 4319 5 M  2.767557783  0.1089391601 1.8049671 0
 836 4915 4580 5 M  1.390683841  0.5222476322 1.2898690 0
 837 4915 4580 5 F  0.735715078  0.0846573576 1.2956837 0
 838 4915 4580 5 F  1.524393429  0.6049814065 1.3286045 0
 839 4915 4580 5 F  2.923092517  0.5163784354 1.7655478 0
 840 4915 4580 5 F  2.283665876 -0.0114830006 1.8167532 0
 841 4955 5272 5 M  1.705165011 -0.4675691411 1.9017045 0
 842 4955 5272 5 M  3.036265729  0.3973849770 1.8669867 0
 843 4955 5272 5 M  2.931283373  0.0186063738 2.0869288 0
 844 4955 5272 5 F  2.496740820 -0.2009621362 1.8894621 0
 845 4955 5272 5 M  3.032271086  0.4105568792 1.9733703 0
 846 4955 4921 5 F -0.171917933  0.1726119962 0.8349722 0
 847 4955 4921 5 F -1.936995473 -0.6565655796 0.6592355 0
 848 4955 4921 5 F  1.371693721  1.9846645952 0.7726430 0
 849 4955 4921 5 M -1.093128489 -0.5492398491 0.8051489 0
 850 4955 4921 5 M -1.233627017 -0.4828746548 0.7458123 0
 851 4890 5273 5 F  1.894880501  0.0204848471 1.7363902 0
 852 4890 5273 5 F  1.693153106 -0.9396541419 1.7913512 0
 853 4890 5273 5 M  3.427748465  0.9038321273 1.9061325 0
 854 4890 5273 5 M  2.789250538  0.3827158977 1.7972720 0
 855 4890 5273 5 M  2.827508883  0.1523596404 1.8991436 0
 856 4890 5103 5 M  1.970931337 -0.5415994081 1.6908553 0
 857 4890 5103 5 M  1.660803403  0.2615597404 1.4168163 0
 858 4890 5103 5 F  1.419873746 -0.0003381811 1.5023117 0
 859 4890 5103 5 M  2.215599673 -0.3020409032 1.7533301 0
 860 4890 5103 5 M  2.449372725  0.5065915178 1.7723516 0
 861 5194 4848 5 M  2.418077583 -0.3602600446 1.8241124 0
 862 5194 4848 5 M  2.537085730 -0.1773807626 1.8103297 0
 863 5194 4848 5 F  3.519491557  0.7466309788 1.8462036 0
 864 5194 4848 5 M  2.698932499  0.2847321155 1.8041965 0
 865 5194 4848 5 F  3.450176599  0.4634040294 1.8627111 0
 866 5194 4745 5 F  2.252830328  0.1137495419 1.7250052 0
 867 5194 4745 5 M  1.975384552  0.4539303552 1.4666126 0
 868 5194 4745 5 F  2.419008569  0.7165105255 1.5482465 0
 869 5194 4745 5 F  0.362515185 -0.8925933916 1.5424034 0
 870 5194 4745 5 M  1.854396110 -0.3965097298 1.6595476 0
 871 4996 4441 5 F  1.342326912 -1.1548707258 1.8761694 0
 872 4996 4441 5 F  4.064496692  1.4442828081 1.8118329 0
 873 4996 4441 5 M  2.887385799 -0.1142435580 1.9187533 0
 874 4996 4441 5 F  2.066868630 -0.3706318299 1.8363949 0
 875 4996 4441 5 F  3.086438602  0.9375007854 1.8214531 0
 876 4996 4525 5 M  2.545319922 -0.2049006877 1.8681121 0
 877 4996 4525 5 F  1.825170068  0.0958427350 1.5989163 0
 878 4996 4525 5 M  2.939748260  1.0871255559 1.5847561 0
 879 4996 4525 5 F  1.011075503 -0.2146561655 1.4090062 0
 880 4996 4525 5 M  1.201110461 -0.3497105628 1.6269458 0
 881 4605 4583 5 F  1.446759172 -0.9049265281 1.8123921 0
 882 4605 4583 5 M  1.300789986 -0.3217223934 1.6027915 0
 883 4605 4583 5 M  1.495024421  0.1085417185 1.5944959 0
 884 4605 4583 5 F  1.615366187 -0.4236155235 1.7697876 0
 885 4605 4583 5 M  2.706900770  0.8574216187 1.5710079 0
 886 4605 4911 5 M  1.908438833  0.4276885193 1.4965615 0
 887 4605 4911 5 M  2.312333633 -0.8588161002 2.0104585 0
 888 4605 4911 5 M  1.291001235 -0.8347206971 1.7272460 0
 889 4605 4911 5 M  1.257193825 -0.1663418660 1.5961976 0
 890 4605 4911 5 F  2.283757443 -0.8029305976 1.9714963 0
 891 5075 4829 5 F  2.974208176  0.9644997646 1.8137204 0
 892 5075 4829 5 F  2.324165046 -0.0175844873 1.8066852 0
 893 5075 4829 5 M  3.542169158  0.7383590659 1.9033803 0
 894 5075 4829 5 M  2.131804549 -0.0775748290 1.6840973 0
 895 5075 4829 5 F  2.778072922  0.8852911556 1.7907497 0
 896 5075 4993 5 M  1.877487702 -0.2938360710 1.7539214 0
 897 5075 4993 5 F  1.707775395  0.7309565443 1.3519506 0
 898 5075 4993 5 M  1.813657716  0.9799387737 1.2951923 0
 899 5075 4993 5 M  1.629004053  0.1802205170 1.4791909 0
 900 5075 4993 5 M  2.634102661  0.4184975075 1.7361040 0
 901 4775 4309 5 M  2.987672321  0.8815334954 1.7747949 0
 902 4775 4309 5 M  2.147227510 -0.2376671163 1.8421040 0
 903 4775 4309 5 M  3.812545520  0.9864685513 1.9004148 0
 904 4775 4309 5 F  1.623117487 -0.2103698971 1.6317176 0
 905 4775 4309 5 M  1.953871295 -0.4682155689 1.8080468 0
 906 4775 4494 5 F  2.009723361 -0.7322142919 1.8024544 0
 907 4775 4494 5 M  2.481836923 -0.0650437255 1.9587479 0
 908 4775 4494 5 F  1.921094572 -0.4381399784 1.7410338 0
 909 4775 4494 5 F  1.643027105 -0.8928074257 1.7930686 0
 910 4775 4494 5 M  2.067717279 -0.3049247219 1.7503494 0
 911 5265 4606 5 M  0.460171048 -0.6092445582 1.4046692 0
 912 5265 4606 5 M  0.092542354 -1.0260972774 1.4239669 0
 913 5265 4606 5 F  0.853852509 -0.2456374101 1.4106051 0
 914 5265 4606 5 M  1.251898136 -0.3457873341 1.4573328 0
 915 5265 4606 5 F  2.127316099  0.6857020187 1.4538405 0
 916 5265 4435 5 F  2.430586828  0.2943078784 1.6901075 0
 917 5265 4435 5 F  2.689819548  0.4348240942 1.7397927 0
 918 5265 4435 5 M  1.662029752 -0.5056713099 1.6684515 0
 919 5265 4435 5 M  2.525531300  0.2565721033 1.7295987 0
 920 5265 4435 5 F  2.051644892  0.2142440567 1.5957573 0
 921 5286 5173 5 F  3.271811667  0.3375620852 1.9046693 0
 922 5286 5173 5 M  2.462656800 -0.5045037074 1.8122902 0
 923 5286 5173 5 M  3.295361318  0.1033713064 1.9060989 0
 924 5286 5173 5 M  2.085951791 -0.5562042804 1.7661578 0
 925 5286 5173 5 M  2.266977434 -0.4043219090 1.8450035 0
 926 5286 4741 5 M  2.984738459 -0.2606900666 1.9162233 0
 927 5286 4741 5 F  1.887337664  0.2448400571 1.5093815 0
 928 5286 4741 5 M  3.762547760  0.8647728465 1.8192843 0
 929 5286 4741 5 M  2.839849804 -0.3082944387 1.9141958 0
 930 5286 4741 5 F  2.587102163  0.2653481550 1.7286452 0
 931 5015 4332 5 M  1.646915018  0.0328050846 1.6534535 0
 932 5015 4332 5 F  0.702676627 -0.9842900441 1.6961170 0
 933 5015 4332 5 F  2.887780925  0.5676565242 1.7771699 0
 934 5015 4332 5 M  1.699438221 -0.2619868000 1.8176275 0
 935 5015 4332 5 M  0.261036729 -0.9767068113 1.5663832 0
 936 5015 4860 5 M  3.000148377  0.0719503693 1.9104567 0
 937 5015 4860 5 F  2.005962872 -0.0653852414 1.7643142 0
 938 5015 4860 5 F  2.624323922  0.1545105623 1.7281167 0
 939 5015 4860 5 M  3.415987571  0.4812523119 1.9655413 0
 940 5015 4860 5 F  1.578651625 -0.3106087542 1.6773902 0
 941 4927 4604 5 M -0.369425412  0.2170739218 0.7421762 0
 942 4927 4604 5 M  0.000115089  0.1744148875 0.9232712 0
 943 4927 4604 5 F  0.218059607  0.7688231440 0.7665704 0
 944 4927 4604 5 M -1.420069678 -0.9455549951 0.9079980 0
 945 4927 4604 5 F -0.448228882 -0.1974747061 0.8595155 0
 946 4927 4445 5 F  3.537782129  0.4543274561 1.8865078 0
 947 4927 4445 5 F  2.347952720 -0.5418317318 1.8230159 0
 948 4927 4445 5 M  1.692099852 -1.4310080607 1.9493345 0
 949 4927 4445 5 M  1.697748803 -0.5189846702 1.6042638 0
 950 4927 4445 5 F  2.885321452 -0.3072354034 1.9518397 0
 951 5119 5292 5 F  1.418564865  0.0178842209 1.4226971 0
 952 5119 5292 5 M  3.618989214  0.9889630846 1.7398394 0
 953 5119 5292 5 F  1.480714628  0.0495902067 1.3812332 0
 954 5119 5292 5 F  1.843574854 -0.3250016451 1.6481031 0
 955 5119 5292 5 M  1.323126059 -0.5417700438 1.5441988 0
 956 5119 5266 5 F  0.814289009  1.0603178848 0.6474107 0
 957 5119 5266 5 F -0.057535307 -0.1066249784 0.7721908 0
 958 5119 5266 5 M  0.555343500  0.3220036841 0.9669761 0
 959 5119 5266 5 M -0.253111773  0.1696326068 0.7920512 0
 960 5119 5266 5 M  0.447356734  0.3039412222 0.9121583 0
 961 4894 5096 5 F  2.091670692  0.4225394688 1.5252488 0
 962 4894 5096 5 F -0.906476466 -1.4778985236 1.0753945 0
 963 4894 5096 5 F  2.549265597  0.5263842234 1.6400058 0
 964 4894 5096 5 F  0.443894997 -1.0282717273 1.4865962 0
 965 4894 5096 5 M  2.754046583  0.7675870741 1.7153273 0
 966 4894 4952 5 F -1.377231408 -0.6244933165 0.5699186 0
 967 4894 4952 5 M -1.342060796 -0.2962526710 0.4617098 0
 968 4894 4952 5 M -0.031150278  0.6100224305 0.7069693 0
 969 4894 4952 5 M -0.757377014 -0.2116634130 0.9682917 0
 970 4894 4952 5 F -1.016247616 -0.3621712822 0.6938016 0
 971 4416 4542 5 F  2.293467679  0.5251582269 1.6729175 0
 972 4416 4542 5 M  0.520311089 -0.6741685049 1.5887580 0
 973 4416 4542 5 M  1.735647404  0.1841003555 1.5307355 0
 974 4416 4542 5 F  1.832298366  0.2346938023 1.5804025 0
 975 4416 4542 5 M  1.577495096 -0.4144483557 1.7026860 0
 976 4416 4593 5 F  2.843136396  1.0597374622 1.6556545 0
 977 4416 4593 5 M  1.830250211 -0.5874796205 1.7117340 0
 978 4416 4593 5 M  2.418103371  0.5700309043 1.5717925 0
 979 4416 4593 5 F  2.110654502  0.3843778364 1.5671151 0
 980 4416 4593 5 M  1.629224047 -0.0001426795 1.6569259 0
 981 4635 5172 5 M  2.073634732 -0.0471939765 1.7124581 0
 982 4635 5172 5 M  1.711503688 -0.2128258794 1.6900968 0
 983 4635 5172 5 M  1.958262568 -1.0046615212 1.9887062 0
 984 4635 5172 5 F  1.262190339 -0.8019675869 1.7900079 0
 985 4635 5172 5 M  3.224616043  0.1220980449 2.0439523 0
 986 4635 5209 5 F  1.936251309  0.2518998138 1.6835464 0
 987 4635 5209 5 F  2.142786547  0.2801931816 1.7478982 0
 988 4635 5209 5 F  2.697595652  0.9723721630 1.5533027 0
 989 4635 5209 5 F  1.560407376 -0.3632949670 1.7719986 0
 990 4635 5209 5 F  2.235493998  0.5875687798 1.7414321 0
 991 4379 4831 5 M  2.552214062  0.4258644922 1.7325283 0
 992 4379 4831 5 F  1.735668942  0.1990690991 1.5547774 0
 993 4379 4831 5 M  2.090512207  0.0938082158 1.6717635 0
 994 4379 4831 5 M  2.416867676  0.1121522306 1.8318504 0
 995 4379 4831 5 M  1.403975481 -0.7106738666 1.6865836 0
 996 4379 4461 5 F  0.471553168  0.9071366432 0.8057026 0
 997 4379 4461 5 F -0.370263420  0.0572708093 0.8012665 0
 998 4379 4461 5 F -1.511690985 -0.8067003401 0.6834224 0
 999 4379 4461 5 F -0.602258664 -0.8428489037 1.0043876 0
1000 4379 4461 5 F -0.481300611 -0.6073888280 0.8979721 0
