ID Generation Chr Freq.Allele1 Freq.Allele2
   M1 7 1 0.2490 0.751000002
   M2 7 1 0.2020 0.797999993
   M3 7 1 0.8240 0.175999999
   M4 7 1 0.7850 0.214999974
   M5 7 1 0.0710 0.928999998
   M6 7 1 0.6535 0.346499979
   M7 7 1 0.4585 0.541500002
   M8 7 1 0.5190 0.481000006
   M9 7 1 0.2975 0.702499986
  M10 7 1 0.7715 0.228500009
  M11 7 1 0.5765 0.423500001
  M12 7 1 0.7635 0.236500025
  M13 7 1 0.9600 0.040000021
  M14 7 1 0.8975 0.102500021
  M15 7 1 0.7945 0.205500007
  M16 7 1 0.6835 0.316500008
  M17 7 1 0.3705 0.629500002
  M18 7 1 0.4990 0.500999987
  M19 7 1 0.4515 0.548500001
  M20 7 1 0.9380 0.061999977
  M21 7 1 0.6430 0.356999993
  M22 7 1 0.4595 0.540499985
  M23 7 1 0.6665 0.333500028
  M24 7 1 0.0655 0.934500001
  M25 7 1 0.7300 0.269999981
  M26 7 1 0.5180 0.481999993
  M27 7 1 0.4470 0.553000003
  M28 7 1 0.7200 0.279999971
  M29 7 1 0.5060 0.494000018
  M30 7 1 0.5635 0.436500013
  M31 7 1 0.0475 0.952500001
  M32 7 1 0.2980 0.701999992
  M33 7 1 0.8045 0.195500016
  M34 7 1 0.3930 0.606999993
  M35 7 1 0.6480 0.351999998
  M36 7 1 0.5200 0.480000019
  M37 7 1 0.8295 0.170499980
  M38 7 1 0.2655 0.734499991
  M39 7 1 0.3315 0.668500006
  M40 7 1 0.7130 0.287000000
  M41 7 1 0.7335 0.266499996
  M42 7 1 0.4110 0.588999987
  M43 7 1 0.8800 0.120000005
  M44 7 1 0.6690 0.330999970
  M45 7 1 0.6440 0.356000006
  M46 7 1 0.0430 0.956999999
  M47 7 1 0.2770 0.722999990
  M48 7 1 0.5445 0.455500007
  M49 7 1 0.2110 0.789000005
  M50 7 1 0.5030 0.496999979
  M51 7 1 0.3660 0.634000003
  M52 7 1 0.7350 0.264999986
  M53 7 1 0.3520 0.648000002
  M54 7 1 0.5675 0.432500005
  M55 7 1 0.1700 0.829999998
  M56 7 1 0.2925 0.707500011
  M57 7 1 0.4705 0.529500008
  M58 7 1 0.4635 0.536500007
  M59 7 1 0.7310 0.268999994
  M60 7 1 0.5015 0.498499990
  M61 7 1 0.7030 0.296999991
  M62 7 1 0.3715 0.628500015
  M63 7 1 0.4530 0.546999991
  M64 7 1 0.4095 0.590499997
  M65 7 1 0.9305 0.069500029
  M66 7 1 0.6775 0.322499990
  M67 7 1 0.2755 0.724500000
  M68 7 1 0.5480 0.452000022
  M69 7 1 0.7070 0.292999983
  M70 7 1 0.2665 0.733500004
  M71 7 1 0.6535 0.346499979
  M72 7 1 0.4600 0.539999992
  M73 7 1 0.6720 0.328000009
  M74 7 1 0.6340 0.365999997
  M75 7 1 0.5950 0.404999971
  M76 7 1 0.4445 0.555500001
  M77 7 1 0.6370 0.362999976
  M78 7 1 0.3810 0.618999988
  M79 7 1 0.4440 0.555999994
  M80 7 1 0.2865 0.713499993
  M81 7 1 0.8270 0.172999978
  M82 7 1 0.3935 0.606500000
  M83 7 1 0.4645 0.535499990
  M84 7 1 0.1705 0.829500005
  M85 7 1 0.0915 0.908500001
  M86 7 1 0.7100 0.290000021
  M87 7 1 0.6505 0.349500000
  M88 7 1 0.1685 0.831499994
  M89 7 1 0.6385 0.361500025
  M90 7 1 0.8450 0.154999971
  M91 7 1 0.8975 0.102500021
  M92 7 1 0.7795 0.220499992
  M93 7 1 0.0715 0.928499997
  M94 7 1 0.3550 0.645000011
  M95 7 1 0.2960 0.703999996
  M96 7 1 0.6155 0.384500027
  M97 7 1 0.8410 0.158999979
  M98 7 1 0.5350 0.464999974
  M99 7 1 0.9250 0.074999988
 M100 7 1 0.7915 0.208500028
 M101 7 1 0.2035 0.796499997
 M102 7 1 0.0750 0.924999997
 M103 7 1 0.0550 0.945000000
 M104 7 1 0.6340 0.365999997
 M105 7 1 0.6535 0.346499979
 M106 7 1 0.9095 0.090499997
 M107 7 1 0.4005 0.599500000
 M108 7 1 0.6990 0.300999999
 M109 7 1 0.3475 0.652500004
 M110 7 1 0.3530 0.647000015
 M111 7 1 0.9125 0.087499976
 M112 7 1 0.3745 0.625499994
 M113 7 1 0.5060 0.494000018
 M114 7 1 0.6185 0.381500006
 M115 7 1 0.8260 0.174000025
 M116 7 1 0.2860 0.713999987
 M117 7 1 0.2020 0.797999993
 M118 7 1 0.7675 0.232500017
 M119 7 1 0.3055 0.694499999
 M120 7 1 0.1045 0.895499997
 M121 7 1 0.6165 0.383499980
 M122 7 1 0.2225 0.777500004
 M123 7 1 0.7260 0.273999989
 M124 7 1 0.7455 0.254499972
 M125 7 1 0.8615 0.138499975
 M126 7 1 0.5185 0.481500030
 M127 7 1 0.9805 0.019500017
 M128 7 1 0.4540 0.546000004
 M129 7 1 0.2850 0.715000004
 M130 7 1 0.5305 0.469500005
 M131 7 1 0.4940 0.506000012
 M132 7 1 0.8000 0.199999988
 M133 7 1 0.8140 0.185999990
 M134 7 1 0.3540 0.645999998
 M135 7 1 0.4050 0.594999999
 M136 7 1 0.1190 0.880999997
 M137 7 1 0.8835 0.116500020
 M138 7 1 0.8205 0.179499984
 M139 7 1 0.4170 0.583000004
 M140 7 1 0.3930 0.606999993
 M141 7 1 0.3435 0.656500012
 M142 7 1 0.2005 0.799500003
 M143 7 1 0.4925 0.507499993
 M144 7 1 0.3650 0.634999990
 M145 7 1 0.7020 0.297999978
 M146 7 1 0.5160 0.484000027
 M147 7 1 0.9505 0.049499989
 M148 7 1 0.4355 0.564500004
 M149 7 1 0.2585 0.741499990
 M150 7 1 0.2735 0.726500005
 M151 7 1 0.1100 0.890000001
 M152 7 1 0.0655 0.934500001
 M153 7 1 0.6590 0.341000021
 M154 7 1 0.3830 0.617000014
 M155 7 1 0.2470 0.753000006
 M156 7 1 0.3450 0.655000001
 M157 7 1 0.7385 0.261500001
 M158 7 1 0.6500 0.350000024
 M159 7 1 0.7730 0.226999998
 M160 7 1 0.3630 0.636999995
 M161 7 1 0.7890 0.211000025
 M162 7 1 0.5950 0.404999971
 M163 7 1 0.6440 0.356000006
 M164 7 1 0.8845 0.115499973
 M165 7 1 0.3235 0.676499993
 M166 7 1 0.2760 0.724000007
 M167 7 1 0.0040 0.996000000
 M168 7 1 0.3590 0.641000003
 M169 7 1 0.6710 0.328999996
 M170 7 1 0.5860 0.413999975
 M171 7 1 0.6225 0.377499998
 M172 7 1 0.0555 0.944499999
 M173 7 1 0.1955 0.804499999
 M174 7 1 0.7645 0.235499978
 M175 7 1 0.4975 0.502499998
 M176 7 1 0.5995 0.400500000
 M177 7 1 0.3135 0.686500013
 M178 7 1 0.8715 0.128499985
 M179 7 1 0.9585 0.041499972
 M180 7 1 0.2130 0.787000000
 M181 7 1 0.5415 0.458500028
 M182 7 1 0.6630 0.337000012
 M183 7 1 0.7950 0.204999983
 M184 7 1 0.4280 0.571999997
 M185 7 1 0.6375 0.362500012
 M186 7 1 0.5875 0.412500024
 M187 7 1 0.7330 0.267000020
 M188 7 1 0.2050 0.795000002
 M189 7 1 0.3420 0.657999992
 M190 7 1 0.8930 0.106999993
 M191 7 1 0.6475 0.352500021
 M192 7 1 0.0840 0.916000001
 M193 7 1 0.6745 0.325500011
 M194 7 1 0.9240 0.075999975
 M195 7 1 0.2195 0.780499995
 M196 7 1 0.9390 0.060999990
 M197 7 1 0.1615 0.838499993
 M198 7 1 0.1305 0.869499996
 M199 7 1 0.2300 0.769999996
 M200 7 1 0.9340 0.065999985
 M201 7 1 0.4405 0.559500009
 M202 7 1 0.7270 0.273000002
 M203 7 1 0.8425 0.157500029
 M204 7 1 0.7535 0.246500015
 M205 7 1 0.6950 0.305000007
 M206 7 1 0.3705 0.629500002
 M207 7 1 0.2785 0.721500009
 M208 7 1 0.4425 0.557500005
 M209 7 1 0.3805 0.619500011
 M210 7 1 0.5540 0.445999980
 M211 7 1 0.3740 0.625999987
 M212 7 1 0.2310 0.768999994
 M213 7 1 0.2485 0.751499996
 M214 7 1 0.5115 0.488499999
 M215 7 1 0.8610 0.138999999
 M216 7 1 0.3285 0.671499997
 M217 7 1 0.2215 0.778500006
 M218 7 1 0.9120 0.088000000
 M219 7 1 0.4840 0.516000003
 M220 7 1 0.9415 0.058499992
 M221 7 1 0.5430 0.457000017
 M222 7 1 0.7700 0.230000019
 M223 7 1 0.7225 0.277499974
 M224 7 1 0.6660 0.333999991
 M225 7 1 0.8725 0.127499998
 M226 7 1 0.6855 0.314499974
 M227 7 1 0.5875 0.412500024
 M228 7 1 0.8590 0.140999973
 M229 7 1 0.6655 0.334500015
 M230 7 1 0.6375 0.362500012
 M231 7 1 0.4090 0.590999991
 M232 7 1 0.2905 0.709500015
 M233 7 1 0.1140 0.886000000
 M234 7 1 0.0935 0.906499997
 M235 7 1 0.6270 0.373000026
 M236 7 1 0.7785 0.221499979
 M237 7 1 0.9980 0.001999974
 M238 7 1 0.4395 0.560499996
 M239 7 1 0.0000 1.000000000
 M240 7 1 0.9205 0.079500020
 M241 7 1 0.5765 0.423500001
 M242 7 1 0.9605 0.039499998
 M243 7 1 0.3340 0.666000009
 M244 7 1 0.5520 0.448000014
 M245 7 1 0.1660 0.834000006
 M246 7 1 0.3085 0.691500008
 M247 7 1 0.0820 0.917999998
 M248 7 1 0.8945 0.105499983
 M249 7 1 0.9565 0.043500006
 M250 7 1 0.3235 0.676499993
 M251 7 1 0.8615 0.138499975
 M252 7 1 0.6240 0.375999987
 M253 7 1 0.5000 0.500000000
 M254 7 1 0.7840 0.216000021
 M255 7 1 0.0685 0.931500003
 M256 7 1 0.6860 0.314000010
 M257 7 1 0.4600 0.539999992
 M258 7 1 0.5690 0.430999994
 M259 7 1 0.2980 0.701999992
 M260 7 1 0.3865 0.613499999
 M261 7 1 0.2645 0.735500008
 M262 7 1 0.8790 0.120999992
 M263 7 1 0.4385 0.561500013
 M264 7 1 0.5655 0.434499979
 M265 7 1 0.2805 0.719500005
 M266 7 1 0.0840 0.916000001
 M267 7 1 0.2480 0.752000004
 M268 7 1 0.8100 0.189999998
 M269 7 1 0.5325 0.467499971
 M270 7 1 0.0690 0.931000002
 M271 7 1 0.1075 0.892499998
 M272 7 1 0.4160 0.583999991
 M273 7 1 0.6080 0.392000020
 M274 7 1 0.4995 0.500499994
 M275 7 1 0.9945 0.005500019
 M276 7 1 0.0000 1.000000000
 M277 7 1 0.8500 0.149999976
 M278 7 1 0.5785 0.421500027
 M279 7 1 0.4330 0.567000002
 M280 7 1 0.7565 0.243499994
 M281 7 1 0.4875 0.512499988
 M282 7 1 0.5970 0.402999997
 M283 7 1 0.6120 0.388000011
 M284 7 1 0.3560 0.643999994
 M285 7 1 0.8060 0.194000006
 M286 7 1 0.7690 0.231000006
 M287 7 1 0.2090 0.790999994
 M288 7 1 0.5395 0.460500002
 M289 7 1 0.2735 0.726500005
 M290 7 1 0.0450 0.954999998
 M291 7 1 0.2620 0.738000005
 M292 7 1 0.5620 0.438000023
 M293 7 1 0.3775 0.622500002
 M294 7 1 0.5880 0.412000000
 M295 7 1 0.9820 0.018000007
 M296 7 1 0.7570 0.242999971
 M297 7 1 0.6720 0.328000009
 M298 7 1 0.8470 0.152999997
 M299 7 1 0.8500 0.149999976
 M300 7 1 0.1040 0.895999998
 M301 7 1 0.0765 0.923500001
 M302 7 1 0.5245 0.475499988
 M303 7 1 0.3315 0.668500006
 M304 7 1 0.3940 0.606000006
 M305 7 1 0.3110 0.689000010
 M306 7 1 0.9440 0.055999994
 M307 7 1 0.1175 0.882500000
 M308 7 1 0.7105 0.289499998
 M309 7 1 0.2295 0.770500004
 M310 7 1 0.7435 0.256500006
 M311 7 1 0.9135 0.086499989
 M312 7 1 0.3180 0.682000011
 M313 7 1 0.3380 0.662000000
 M314 7 1 0.5845 0.415499985
 M315 7 1 1.0000 0.000000000
 M316 7 1 0.1200 0.880000003
 M317 7 1 0.0280 0.971999999
 M318 7 1 0.1585 0.841499999
 M319 7 1 0.1290 0.871000007
 M320 7 1 0.4535 0.546499997
 M321 7 1 0.2605 0.739499986
 M322 7 1 0.5885 0.411499977
 M323 7 1 0.6180 0.382000029
 M324 7 1 0.6790 0.320999980
 M325 7 1 0.7075 0.292500019
 M326 7 1 0.3145 0.685499996
 M327 7 1 0.4705 0.529500008
 M328 7 1 0.4415 0.558499992
 M329 7 1 0.4610 0.539000005
 M330 7 1 0.2510 0.749000013
 M331 7 1 0.5810 0.419000030
 M332 7 1 0.7400 0.259999990
 M333 7 1 0.3745 0.625499994
 M334 7 1 0.6865 0.313499987
 M335 7 1 0.6515 0.348500013
 M336 7 1 0.3595 0.640500009
 M337 7 1 0.7315 0.268499970
 M338 7 1 0.5270 0.472999990
 M339 7 1 0.7370 0.263000011
 M340 7 1 0.4455 0.554500014
 M341 7 1 0.4060 0.594000012
 M342 7 1 0.6905 0.309499979
 M343 7 1 0.7630 0.236999989
 M344 7 1 0.2905 0.709500015
 M345 7 1 0.5125 0.487500012
 M346 7 1 0.7220 0.277999997
 M347 7 1 0.4690 0.530999988
 M348 7 1 0.9790 0.021000028
 M349 7 1 0.4740 0.525999993
 M350 7 1 0.3010 0.699000001
 M351 7 1 0.1955 0.804499999
 M352 7 1 0.2760 0.724000007
 M353 7 1 0.8805 0.119499981
 M354 7 1 0.2510 0.749000013
 M355 7 1 0.5450 0.454999983
 M356 7 1 0.4240 0.576000005
 M357 7 1 0.1890 0.811000004
 M358 7 1 0.3875 0.612500012
 M359 7 1 0.7515 0.248499990
 M360 7 1 0.1280 0.871999994
 M361 7 1 0.2360 0.763999999
 M362 7 1 0.7745 0.225499988
 M363 7 1 0.6475 0.352500021
 M364 7 1 0.7840 0.216000021
 M365 7 1 0.7810 0.218999982
 M366 7 1 0.6635 0.336499989
 M367 7 1 0.2280 0.772000000
 M368 7 1 0.5495 0.450500011
 M369 7 1 0.3100 0.689999998
 M370 7 1 0.0915 0.908500001
 M371 7 1 0.9695 0.030499995
 M372 7 1 0.2625 0.737500012
 M373 7 1 0.3195 0.680500001
 M374 7 1 0.3415 0.658499986
 M375 7 1 0.9215 0.078499973
 M376 7 1 0.9445 0.055499971
 M377 7 1 0.9540 0.046000004
 M378 7 1 0.4650 0.534999996
 M379 7 1 0.1700 0.829999998
 M380 7 1 0.9925 0.007499993
 M381 7 1 0.8575 0.142499983
 M382 7 1 0.4025 0.597499996
 M383 7 1 0.0985 0.901500002
 M384 7 1 0.3450 0.655000001
 M385 7 1 0.4280 0.571999997
 M386 7 1 0.0085 0.991500000
 M387 7 1 0.8015 0.198499978
 M388 7 1 0.1345 0.865500003
 M389 7 1 0.9310 0.069000006
 M390 7 1 0.9730 0.027000010
 M391 7 1 0.0665 0.933499999
 M392 7 1 0.3305 0.669499993
 M393 7 1 0.7090 0.291000009
 M394 7 1 0.5715 0.428499997
 M395 7 1 0.9385 0.061500013
 M396 7 1 0.0940 0.906000003
 M397 7 1 0.8590 0.140999973
 M398 7 1 0.5560 0.444000006
 M399 7 1 0.3965 0.603500009
 M400 7 1 0.0695 0.930500001
 M401 7 1 0.6750 0.324999988
 M402 7 1 0.8855 0.114499986
 M403 7 1 0.6010 0.398999989
 M404 7 1 0.2060 0.794000000
 M405 7 1 0.6210 0.379000008
 M406 7 1 0.1195 0.880500004
 M407 7 1 0.8390 0.161000013
 M408 7 1 0.5665 0.433499992
 M409 7 1 0.1585 0.841499999
 M410 7 1 0.4155 0.584500015
 M411 7 1 0.0895 0.910499997
 M412 7 1 0.0305 0.969500000
 M413 7 1 0.0725 0.927500002
 M414 7 1 0.4625 0.537499994
 M415 7 1 0.1605 0.839499995
 M416 7 1 0.5800 0.420000017
 M417 7 1 0.5285 0.471499979
 M418 7 1 0.2695 0.730500013
 M419 7 1 0.7185 0.281499982
 M420 7 1 0.8075 0.192499995
 M421 7 1 0.7795 0.220499992
 M422 7 1 0.6970 0.302999973
 M423 7 1 0.2930 0.706999987
 M424 7 1 0.7205 0.279500008
 M425 7 1 0.2790 0.720999986
 M426 7 1 0.5930 0.407000005
 M427 7 1 0.4445 0.555500001
 M428 7 1 0.8150 0.185000002
 M429 7 1 0.9570 0.042999983
 M430 7 1 0.4445 0.555500001
 M431 7 1 0.4730 0.527000010
 M432 7 1 0.9315 0.068499982
 M433 7 1 0.2065 0.793500006
 M434 7 1 0.7900 0.209999979
 M435 7 1 0.2545 0.745499998
 M436 7 1 0.5205 0.479499996
 M437 7 1 0.1880 0.812000006
 M438 7 1 0.1800 0.819999993
 M439 7 1 0.2495 0.750499994
 M440 7 1 0.5770 0.422999978
 M441 7 1 0.2485 0.751499996
 M442 7 1 0.5825 0.417500019
 M443 7 1 0.6895 0.310500026
 M444 7 1 0.6610 0.338999987
 M445 7 1 0.9380 0.061999977
 M446 7 1 0.8440 0.156000018
 M447 7 1 0.9430 0.056999981
 M448 7 1 0.5570 0.443000019
 M449 7 1 0.7550 0.245000005
 M450 7 1 0.4445 0.555500001
 M451 7 1 0.0345 0.965500001
 M452 7 1 0.3460 0.654000014
 M453 7 1 0.7740 0.226000011
 M454 7 1 0.7470 0.253000021
 M455 7 2 0.4020 0.597999990
 M456 7 2 0.5670 0.433000028
 M457 7 2 0.7280 0.272000015
 M458 7 2 0.5785 0.421500027
 M459 7 2 0.0950 0.905000001
 M460 7 2 0.4815 0.518500000
 M461 7 2 0.7160 0.283999979
 M462 7 2 0.0775 0.922499999
 M463 7 2 0.8195 0.180499971
 M464 7 2 0.7305 0.269500017
 M465 7 2 0.1280 0.871999994
 M466 7 2 0.2155 0.784500003
 M467 7 2 0.6610 0.338999987
 M468 7 2 0.2625 0.737500012
 M469 7 2 0.2100 0.790000007
 M470 7 2 0.1585 0.841499999
 M471 7 2 0.6550 0.345000029
 M472 7 2 0.1965 0.803499997
 M473 7 2 0.5655 0.434499979
 M474 7 2 0.0965 0.903499998
 M475 7 2 0.7255 0.274500012
 M476 7 2 0.5655 0.434499979
 M477 7 2 0.2220 0.777999997
 M478 7 2 0.8635 0.136500001
 M479 7 2 0.9120 0.088000000
 M480 7 2 0.1140 0.886000000
 M481 7 2 0.5270 0.472999990
 M482 7 2 0.8335 0.166499972
 M483 7 2 0.8825 0.117500007
 M484 7 2 0.5510 0.449000001
 M485 7 2 0.6940 0.305999994
 M486 7 2 0.4595 0.540499985
 M487 7 2 0.7810 0.218999982
 M488 7 2 0.5470 0.453000009
 M489 7 2 0.2180 0.782000005
 M490 7 2 0.0720 0.928000003
 M491 7 2 0.3140 0.685999990
 M492 7 2 0.9875 0.012499988
 M493 7 2 0.9845 0.015500009
 M494 7 2 0.5560 0.444000006
 M495 7 2 0.4730 0.527000010
 M496 7 2 0.2770 0.722999990
 M497 7 2 0.7500 0.250000000
 M498 7 2 0.9605 0.039499998
 M499 7 2 0.1410 0.858999997
 M500 7 2 0.7795 0.220499992
 M501 7 2 0.8190 0.180999994
 M502 7 2 0.2555 0.744500011
 M503 7 2 0.8535 0.146499991
 M504 7 2 0.8825 0.117500007
 M505 7 2 0.8035 0.196500003
 M506 7 2 0.7690 0.231000006
 M507 7 2 0.1295 0.870499998
 M508 7 2 0.1870 0.812999994
 M509 7 2 0.2180 0.782000005
 M510 7 2 0.9700 0.029999971
 M511 7 2 0.6375 0.362500012
 M512 7 2 0.9090 0.091000021
 M513 7 2 0.9175 0.082499981
 M514 7 2 0.8670 0.133000016
 M515 7 2 0.6950 0.305000007
 M516 7 2 0.1280 0.871999994
 M517 7 2 0.0945 0.905500002
 M518 7 2 0.5060 0.494000018
 M519 7 2 0.7590 0.240999997
 M520 7 2 0.7840 0.216000021
 M521 7 2 1.0000 0.000000000
 M522 7 2 0.2265 0.773499995
 M523 7 2 0.6435 0.356500030
 M524 7 2 0.6450 0.355000019
 M525 7 2 0.3380 0.662000000
 M526 7 2 0.6605 0.339500010
 M527 7 2 0.5745 0.425499976
 M528 7 2 0.2200 0.780000001
 M529 7 2 0.7045 0.295499980
 M530 7 2 0.7365 0.263499975
 M531 7 2 0.5355 0.464500010
 M532 7 2 0.5490 0.450999975
 M533 7 2 0.0825 0.917499997
 M534 7 2 0.1555 0.844500005
 M535 7 2 0.5340 0.466000021
 M536 7 2 0.1135 0.886500001
 M537 7 2 0.9145 0.085500002
 M538 7 2 0.6700 0.329999983
 M539 7 2 0.9660 0.033999979
 M540 7 2 0.0525 0.947500002
 M541 7 2 0.6925 0.307500005
 M542 7 2 0.1785 0.821500003
 M543 7 2 0.0725 0.927500002
 M544 7 2 0.3940 0.606000006
 M545 7 2 0.4200 0.580000013
 M546 7 2 0.1965 0.803499997
 M547 7 2 0.7985 0.201499999
 M548 7 2 0.7260 0.273999989
 M549 7 2 0.4505 0.549499989
 M550 7 2 0.6195 0.380500019
 M551 7 2 0.1735 0.826499999
 M552 7 2 0.1470 0.853000000
 M553 7 2 0.6885 0.311500013
 M554 7 2 0.5540 0.445999980
 M555 7 2 0.0980 0.902000003
 M556 7 2 0.2835 0.716500014
 M557 7 2 0.0990 0.901000001
 M558 7 2 0.4085 0.591500014
 M559 7 2 0.5845 0.415499985
 M560 7 2 0.6605 0.339500010
 M561 7 2 0.3545 0.645500004
 M562 7 2 0.5295 0.470499992
 M563 7 2 0.7240 0.276000023
 M564 7 2 0.4240 0.576000005
 M565 7 2 0.7735 0.226499975
 M566 7 2 0.6210 0.379000008
 M567 7 2 0.2210 0.778999999
 M568 7 2 0.4865 0.513500005
 M569 7 2 0.0565 0.943500001
 M570 7 2 0.6210 0.379000008
 M571 7 2 0.2605 0.739499986
 M572 7 2 0.0480 0.952000000
 M573 7 2 0.2500 0.750000000
 M574 7 2 0.6840 0.315999985
 M575 7 2 0.1535 0.846499994
 M576 7 2 0.4255 0.574499995
 M577 7 2 0.7955 0.204500020
 M578 7 2 0.5440 0.455999970
 M579 7 2 0.8435 0.156499982
 M580 7 2 0.9640 0.036000013
 M581 7 2 0.3510 0.648999989
 M582 7 2 0.5495 0.450500011
 M583 7 2 0.2525 0.747500002
 M584 7 2 0.2640 0.736000001
 M585 7 2 0.2625 0.737500012
 M586 7 2 0.7505 0.249499977
 M587 7 2 0.1275 0.872500002
 M588 7 2 0.4535 0.546499997
 M589 7 2 0.4425 0.557500005
 M590 7 2 0.1750 0.825000003
 M591 7 2 0.5735 0.426500022
 M592 7 2 0.3450 0.655000001
 M593 7 2 0.2980 0.701999992
 M594 7 2 0.1030 0.897000000
 M595 7 2 0.7615 0.238499999
 M596 7 2 0.4980 0.502000004
 M597 7 2 0.0350 0.965000000
 M598 7 2 0.6955 0.304499984
 M599 7 2 0.3905 0.609499991
 M600 7 2 0.6340 0.365999997
 M601 7 2 0.4400 0.560000002
 M602 7 2 0.2965 0.703500003
 M603 7 2 0.9145 0.085500002
 M604 7 2 0.4030 0.597000003
 M605 7 2 0.5400 0.459999979
 M606 7 2 0.6335 0.366500020
 M607 7 2 0.4535 0.546499997
 M608 7 2 0.2975 0.702499986
 M609 7 2 0.5205 0.479499996
 M610 7 2 0.7215 0.278500021
 M611 7 2 0.0625 0.937500000
 M612 7 2 0.6685 0.331499994
 M613 7 2 0.9220 0.078000009
 M614 7 2 0.8255 0.174499989
 M615 7 2 0.4785 0.521499991
 M616 7 2 0.5930 0.407000005
 M617 7 2 0.6235 0.376500010
 M618 7 2 0.5005 0.499499977
 M619 7 2 0.0000 1.000000000
 M620 7 2 0.8400 0.160000026
 M621 7 2 0.8065 0.193499982
 M622 7 2 0.5930 0.407000005
 M623 7 2 0.6510 0.348999977
 M624 7 2 0.6100 0.389999986
 M625 7 2 0.2410 0.759000003
 M626 7 2 0.4840 0.516000003
 M627 7 2 0.4335 0.566500008
 M628 7 2 0.9270 0.073000014
 M629 7 2 0.6355 0.364499986
 M630 7 2 0.4495 0.550500005
 M631 7 2 0.5440 0.455999970
 M632 7 2 0.7200 0.279999971
 M633 7 2 0.2925 0.707500011
 M634 7 2 0.6290 0.370999992
 M635 7 2 0.2360 0.763999999
 M636 7 2 0.4555 0.544499993
 M637 7 2 0.4490 0.550999999
 M638 7 2 0.3600 0.639999986
 M639 7 2 0.7580 0.241999984
 M640 7 2 0.9625 0.037500024
 M641 7 2 0.2485 0.751499996
 M642 7 2 0.7035 0.296500027
 M643 7 2 0.7415 0.258499980
 M644 7 2 0.1900 0.810000002
 M645 7 2 0.5840 0.416000009
 M646 7 2 0.7790 0.221000016
 M647 7 2 0.6445 0.355499983
 M648 7 2 0.3210 0.678999990
 M649 7 2 0.5360 0.463999987
 M650 7 2 0.0000 1.000000000
 M651 7 2 0.6450 0.355000019
 M652 7 2 0.0890 0.910999998
 M653 7 2 0.9925 0.007499993
 M654 7 2 0.8105 0.189499974
 M655 7 2 0.0005 0.999500000
 M656 7 2 0.1340 0.865999997
 M657 7 2 0.6410 0.359000027
 M658 7 2 0.2640 0.736000001
 M659 7 2 0.7820 0.217999995
 M660 7 2 0.4300 0.569999993
 M661 7 2 0.2695 0.730500013
 M662 7 2 0.5885 0.411499977
 M663 7 2 0.3330 0.666999996
 M664 7 2 0.8810 0.119000018
 M665 7 2 0.5455 0.454500020
 M666 7 2 0.0775 0.922499999
 M667 7 2 0.1940 0.805999994
 M668 7 2 0.4790 0.520999998
 M669 7 2 0.0645 0.935500003
 M670 7 2 0.4670 0.532999992
 M671 7 2 0.6660 0.333999991
 M672 7 2 0.2865 0.713499993
 M673 7 2 0.9275 0.072499990
 M674 7 2 0.9375 0.062500000
 M675 7 2 0.4655 0.534500003
 M676 7 2 0.4420 0.557999998
 M677 7 2 0.1265 0.873500004
 M678 7 2 0.7820 0.217999995
 M679 7 2 0.5150 0.485000014
 M680 7 2 0.6555 0.344500005
 M681 7 2 0.6625 0.337499976
 M682 7 2 0.1165 0.883500002
 M683 7 2 0.6005 0.399500012
 M684 7 2 0.0965 0.903499998
 M685 7 2 0.3170 0.682999998
 M686 7 2 0.4760 0.523999989
 M687 7 2 0.4880 0.511999995
 M688 7 2 0.5225 0.477500021
 M689 7 2 0.4590 0.541000009
 M690 7 2 0.8150 0.185000002
 M691 7 2 0.0915 0.908500001
 M692 7 2 0.2535 0.746499985
 M693 7 2 0.0460 0.954000000
 M694 7 2 0.7110 0.288999975
 M695 7 2 0.7150 0.285000026
 M696 7 2 0.0735 0.926500000
 M697 7 2 0.3240 0.675999999
 M698 7 2 0.1440 0.856000006
 M699 7 2 0.5885 0.411499977
 M700 7 2 0.4530 0.546999991
 M701 7 2 0.6770 0.323000014
 M702 7 2 0.8140 0.185999990
 M703 7 2 0.3250 0.675000012
 M704 7 2 0.7200 0.279999971
 M705 7 2 0.8835 0.116500020
 M706 7 2 0.3270 0.673000008
 M707 7 2 0.2605 0.739499986
 M708 7 2 0.1320 0.868000001
 M709 7 2 0.7050 0.295000017
 M710 7 2 0.9950 0.004999995
 M711 7 2 0.1990 0.800999999
 M712 7 2 0.3055 0.694499999
 M713 7 2 0.2955 0.704499990
 M714 7 2 0.5240 0.476000011
 M715 7 2 0.8725 0.127499998
 M716 7 2 0.6185 0.381500006
 M717 7 2 0.7255 0.274500012
 M718 7 2 0.8060 0.194000006
 M719 7 2 0.0555 0.944499999
 M720 7 2 0.0350 0.965000000
 M721 7 2 0.5925 0.407500029
 M722 7 2 0.9230 0.077000022
 M723 7 2 0.6430 0.356999993
 M724 7 2 0.6340 0.365999997
 M725 7 2 0.0615 0.938499998
 M726 7 2 0.9750 0.024999976
 M727 7 2 0.0275 0.972500000
 M728 7 2 0.3670 0.632999986
 M729 7 2 0.9010 0.098999977
 M730 7 2 0.3745 0.625499994
 M731 7 2 0.5345 0.465499997
 M732 7 2 0.6215 0.378499985
 M733 7 2 0.9255 0.074500024
 M734 7 2 0.0105 0.989500000
 M735 7 2 0.6025 0.397499979
 M736 7 2 0.4220 0.578000009
 M737 7 2 0.4515 0.548500001
 M738 7 2 0.8065 0.193499982
 M739 7 2 0.4305 0.569499999
 M740 7 2 0.4785 0.521499991
 M741 7 2 0.2425 0.757499993
 M742 7 2 0.9540 0.046000004
 M743 7 2 0.3720 0.627999991
 M744 7 2 0.2490 0.751000002
 M745 7 2 0.7295 0.270500004
 M746 7 2 0.2530 0.747000009
 M747 7 2 0.2685 0.731500000
 M748 7 2 0.8745 0.125500023
 M749 7 2 0.8015 0.198499978
 M750 7 2 0.3575 0.642500013
 M751 7 2 0.9610 0.038999975
 M752 7 2 0.7420 0.258000016
 M753 7 2 0.0800 0.920000002
 M754 7 2 0.3905 0.609499991
 M755 7 2 0.6100 0.389999986
 M756 7 2 0.2685 0.731500000
 M757 7 2 0.5355 0.464500010
 M758 7 2 0.8025 0.197499990
 M759 7 2 0.3765 0.623499990
 M760 7 2 0.5360 0.463999987
 M761 7 2 0.9035 0.096499979
 M762 7 2 0.4075 0.592500001
 M763 7 2 0.4795 0.520500004
 M764 7 2 0.6380 0.361999989
 M765 7 2 0.8220 0.177999973
 M766 7 2 0.8235 0.176500022
 M767 7 2 0.8230 0.176999986
 M768 7 2 0.7710 0.228999972
 M769 7 2 0.9385 0.061500013
 M770 7 2 0.9290 0.070999980
 M771 7 2 0.0425 0.957500000
 M772 7 2 0.1190 0.880999997
 M773 7 2 0.5420 0.458000004
 M774 7 2 0.8330 0.166999996
 M775 7 2 0.8775 0.122500002
 M776 7 2 0.9145 0.085500002
 M777 7 2 0.8475 0.152499974
 M778 7 2 0.0930 0.906999998
 M779 7 2 0.1000 0.899999999
 M780 7 2 0.9325 0.067499995
 M781 7 2 0.1230 0.876999997
 M782 7 2 0.8385 0.161499977
 M783 7 2 0.4315 0.568500012
 M784 7 2 0.7955 0.204500020
 M785 7 2 0.4935 0.506500006
 M786 7 2 0.8950 0.105000019
 M787 7 2 0.3020 0.698000014
 M788 7 2 0.3635 0.636500001
 M789 7 2 0.2455 0.754500002
 M790 7 2 0.7890 0.211000025
 M791 7 2 0.0965 0.903499998
 M792 7 2 0.7355 0.264500022
 M793 7 2 0.1025 0.897500001
 M794 7 2 0.2080 0.791999996
 M795 7 2 0.6850 0.314999998
 M796 7 2 0.4535 0.546499997
 M797 7 2 0.5785 0.421500027
 M798 7 2 0.6500 0.350000024
 M799 7 2 0.0890 0.910999998
 M800 7 2 0.6605 0.339500010
 M801 7 2 0.0885 0.911499999
 M802 7 2 0.5425 0.457499981
 M803 7 2 0.1490 0.850999996
 M804 7 2 0.2520 0.747999996
 M805 7 2 0.8130 0.186999977
 M806 7 2 0.4005 0.599500000
 M807 7 2 0.7920 0.208000004
 M808 7 2 0.0295 0.970500000
 M809 7 2 0.8725 0.127499998
 M810 7 2 0.9725 0.027499974
 M811 7 2 0.9890 0.010999978
 M812 7 2 0.6080 0.392000020
 M813 7 2 0.6700 0.329999983
 M814 7 2 0.4340 0.566000015
 M815 7 2 0.5815 0.418500006
 M816 7 2 0.4385 0.561500013
 M817 7 2 0.4405 0.559500009
 M818 7 2 0.6060 0.393999994
 M819 7 2 0.8915 0.108500004
 M820 7 2 0.7065 0.293500006
 M821 7 2 0.3270 0.673000008
 M822 7 2 0.1935 0.806500003
 M823 7 2 0.3785 0.621499985
 M824 7 2 0.9670 0.032999992
 M825 7 2 0.3105 0.689500004
 M826 7 2 0.1165 0.883500002
 M827 7 2 0.4370 0.562999994
 M828 7 2 0.2115 0.788499996
 M829 7 2 0.5965 0.403500021
 M830 7 2 0.3440 0.655999988
 M831 7 2 0.0230 0.977000000
 M832 7 2 0.1235 0.876500003
 M833 7 2 0.4345 0.565499991
 M834 7 2 0.0300 0.970000001
 M835 7 2 0.8875 0.112500012
 M836 7 2 0.1715 0.828500003
 M837 7 2 0.0950 0.905000001
 M838 7 2 0.0980 0.902000003
 M839 7 2 0.0815 0.918499999
 M840 7 2 0.1745 0.825499997
 M841 7 2 0.0915 0.908500001
 M842 7 2 0.9160 0.083999991
 M843 7 2 0.9365 0.063499987
 M844 7 2 0.1220 0.877999999
 M845 7 2 0.9785 0.021499991
 M846 7 2 0.6320 0.367999971
 M847 7 2 0.1140 0.886000000
 M848 7 2 0.4195 0.580500007
 M849 7 2 0.2855 0.714500010
 M850 7 2 0.8860 0.114000022
 M851 7 2 0.7880 0.212000012
 M852 7 2 0.0785 0.921499997
 M853 7 2 0.0590 0.941000000
 M854 7 2 0.5785 0.421500027
 M855 7 2 0.3645 0.635500014
 M856 7 2 0.7190 0.281000018
 M857 7 2 0.5125 0.487500012
 M858 7 2 0.8165 0.183499992
 M859 7 2 0.7145 0.285499990
 M860 7 2 0.9545 0.045499980
 M861 7 2 0.3635 0.636500001
 M862 7 2 0.6690 0.330999970
 M863 7 2 0.9780 0.022000015
 M864 7 2 0.3025 0.697499990
 M865 7 2 0.0360 0.964000002
 M866 7 2 0.8960 0.103999972
 M867 7 2 0.3245 0.675500005
 M868 7 2 0.1645 0.835500002
 M869 7 2 0.7700 0.230000019
 M870 7 2 0.3510 0.648999989
 M871 7 2 0.2535 0.746499985
 M872 7 2 0.9425 0.057500005
 M873 7 2 0.2260 0.774000004
 M874 7 2 0.3600 0.639999986
 M875 7 2 0.2405 0.759499997
 M876 7 2 0.3540 0.645999998
 M877 7 2 0.1710 0.828999996
 M878 7 2 0.2685 0.731500000
 M879 7 2 0.5180 0.481999993
 M880 7 2 0.4930 0.506999999
 M881 7 2 0.8490 0.151000023
 M882 7 2 0.6575 0.342499971
 M883 7 2 0.6205 0.379499972
 M884 7 2 0.8190 0.180999994
 M885 7 2 0.2580 0.742000014
 M886 7 2 0.8380 0.162000000
 M887 7 2 0.5870 0.412999988
 M888 7 2 0.4500 0.550000012
 M889 7 2 0.5570 0.443000019
 M890 7 2 0.3905 0.609499991
 M891 7 2 0.9110 0.088999987
 M892 7 2 0.3605 0.639499992
 M893 7 2 0.3470 0.652999997
 M894 7 2 0.2360 0.763999999
 M895 7 2 0.4630 0.537000000
 M896 7 2 0.2090 0.790999994
 M897 7 2 0.1705 0.829500005
 M898 7 2 0.8805 0.119499981
 M899 7 2 0.4275 0.572499990
 M900 7 2 0.4970 0.502999991
 M901 7 2 0.1740 0.826000005
 M902 7 2 0.7970 0.203000009
 M903 7 2 0.5145 0.485499978
 M904 7 2 0.3045 0.695499986
 M905 7 2 0.8095 0.190500021
 M906 7 2 0.9005 0.099500000
 M907 7 2 0.5220 0.477999985
 M908 7 2 0.5025 0.497500002
 M909 7 2 0.5750 0.425000012
 M910 7 2 0.9675 0.032500029
 M911 7 2 0.4870 0.513000011
 M912 7 2 0.6260 0.374000013
 M913 7 2 0.7510 0.249000013
 M914 7 2 0.5725 0.427500010
 M915 7 2 0.7790 0.221000016
 M916 7 2 0.0410 0.958999999
 M917 7 2 0.3525 0.647500008
 M918 7 2 0.2590 0.740999997
 M919 7 2 0.3320 0.668000013
 M920 7 2 0.2480 0.752000004
 M921 7 2 0.5770 0.422999978
 M922 7 2 0.9085 0.091499984
 M923 7 2 0.3780 0.622000009
 M924 7 2 0.1755 0.824499995
 M925 7 2 0.4355 0.564500004
 M926 7 2 0.7010 0.299000025
 M927 7 2 0.0935 0.906499997
 M928 7 2 0.1635 0.836500004
 M929 7 2 0.3015 0.698500007
 M930 7 2 0.8900 0.110000014
 M931 7 2 0.6980 0.301999986
 M932 7 2 0.3785 0.621499985
 M933 7 2 0.5205 0.479499996
 M934 7 2 0.2740 0.726000011
 M935 7 2 0.8215 0.178499997
 M936 7 2 0.4025 0.597499996
 M937 7 2 0.2985 0.701499999
 M938 7 2 0.7735 0.226499975
 M939 7 2 0.3120 0.687999994
 M940 7 2 0.7280 0.272000015
 M941 7 2 0.1210 0.879000001
 M942 7 2 0.6850 0.314999998
 M943 7 2 0.2530 0.747000009
 M944 7 2 0.4860 0.513999999
 M945 7 2 0.4380 0.562000006
 M946 7 2 0.6835 0.316500008
 M947 7 2 0.0445 0.955499999
 M948 7 2 0.2445 0.755500004
 M949 7 2 0.7610 0.239000022
 M950 7 2 0.1430 0.856999993
 M951 7 2 0.3200 0.680000007
 M952 7 2 0.2785 0.721500009
 M953 7 2 0.5410 0.458999991
 M954 7 2 0.3560 0.643999994
 M955 7 2 0.7520 0.248000026
 M956 7 2 0.5535 0.446500003
 M957 7 2 0.1910 0.809000000
 M958 7 2 0.7185 0.281499982
 M959 7 2 0.2890 0.710999995
 M960 7 2 0.9295 0.070500016
 M961 7 2 0.2750 0.724999994
 M962 7 2 0.9265 0.073499978
 M963 7 2 0.3265 0.673500001
 M964 7 2 0.1665 0.833499998
 M965 7 2 0.0360 0.964000002
 M966 7 2 0.2775 0.722499996
 M967 7 2 0.5405 0.459500015
 M968 7 2 0.6705 0.329500020
 M969 7 2 0.2915 0.708499998
 M970 7 2 0.2690 0.731000006
 M971 7 2 0.2260 0.774000004
 M972 7 2 0.5965 0.403500021
 M973 7 2 0.7345 0.265500009
 M974 7 2 0.6740 0.325999975
 M975 7 2 0.6530 0.347000003
 M976 7 2 0.3380 0.662000000
 M977 7 2 0.3755 0.624500006
 M978 7 2 0.2845 0.715499997
 M979 7 2 0.5515 0.448499978
 M980 7 2 0.0120 0.988000000
 M981 7 2 0.1265 0.873500004
 M982 7 2 0.3435 0.656500012
 M983 7 2 0.7005 0.299499989
 M984 7 2 0.6680 0.332000017
 M985 7 2 0.0565 0.943500001
 M986 7 2 0.8280 0.171999991
 M987 7 2 0.6040 0.396000028
 M988 7 2 0.4160 0.583999991
 M989 7 2 0.3920 0.608000010
 M990 7 2 0.9230 0.077000022
 M991 7 2 0.9260 0.074000001
 M992 7 2 0.5275 0.472500026
 M993 7 2 0.1500 0.849999994
 M994 7 2 0.3565 0.643500000
 M995 7 2 0.5105 0.489499986
 M996 7 2 0.6305 0.369499981
 M997 7 2 0.5245 0.475499988
 M998 7 2 0.0625 0.937500000
 M999 7 2 0.6790 0.320999980
M1000 7 2 0.5885 0.411499977
M1001 7 2 0.7870 0.213000000
M1002 7 2 0.2040 0.796000004
M1003 7 2 0.8340 0.166000009
M1004 7 2 0.8985 0.101499975
M1005 7 2 0.1625 0.837500006
M1006 7 2 0.7775 0.222500026
M1007 7 2 0.6380 0.361999989
M1008 7 2 0.3995 0.600499988
M1009 7 2 0.8475 0.152499974
M1010 7 2 0.6780 0.322000027
M1011 7 2 0.8675 0.132499993
M1012 7 2 0.5675 0.432500005
M1013 7 2 0.6375 0.362500012
M1014 7 2 0.8640 0.135999978
M1015 7 2 0.6295 0.370500028
M1016 7 2 0.3730 0.627000004
M1017 7 2 0.6915 0.308499992
M1018 7 2 0.5005 0.499499977
M1019 7 2 0.6505 0.349500000
M1020 7 2 0.7580 0.241999984
M1021 7 2 0.7590 0.240999997
M1022 7 2 0.6525 0.347500026
M1023 7 2 0.0770 0.923000000
M1024 7 2 0.2575 0.742500007
M1025 7 2 0.5300 0.470000029
M1026 7 2 0.5730 0.426999986
M1027 7 2 0.3010 0.699000001
M1028 7 2 0.8115 0.188499987
M1029 7 2 0.4110 0.588999987
M1030 7 2 0.3840 0.615999997
M1031 7 2 0.8155 0.184499979
M1032 7 2 0.9650 0.035000026
M1033 7 2 0.0780 0.921999998
M1034 7 2 0.2080 0.791999996
M1035 7 2 0.4145 0.585500002
M1036 7 2 0.4955 0.504500002
M1037 7 2 0.5380 0.462000012
M1038 7 2 0.0050 0.995000000
M1039 7 2 0.6580 0.342000008
M1040 7 2 0.8210 0.179000020
M1041 7 2 0.5535 0.446500003
M1042 7 2 0.6310 0.369000018
M1043 7 2 0.3730 0.627000004
M1044 7 2 0.2040 0.796000004
M1045 7 2 0.2360 0.763999999
M1046 7 2 0.6010 0.398999989
M1047 7 2 0.5300 0.470000029
M1048 7 2 0.8995 0.100499988
M1049 7 2 0.1800 0.819999993
M1050 7 2 0.0520 0.947999999
M1051 7 2 0.4510 0.548999995
M1052 7 2 0.4970 0.502999991
M1053 7 2 0.9435 0.056500018
M1054 7 2 0.7770 0.222999990
M1055 7 2 0.4360 0.564000010
M1056 7 2 0.5755 0.424499989
M1057 7 2 0.5590 0.440999985
M1058 7 2 0.5740 0.425999999
M1059 7 2 0.1600 0.840000004
M1060 7 2 0.3270 0.673000008
M1061 7 2 0.5530 0.447000027
M1062 7 2 0.2940 0.706000000
M1063 7 2 0.1045 0.895499997
M1064 7 2 0.3590 0.641000003
M1065 7 2 0.2665 0.733500004
M1066 7 2 0.5925 0.407500029
M1067 7 2 0.3990 0.601000011
M1068 7 2 0.5665 0.433499992
M1069 7 2 0.4155 0.584500015
M1070 7 2 0.5600 0.439999998
M1071 7 2 0.3770 0.622999996
M1072 7 2 0.6340 0.365999997
M1073 7 2 0.3105 0.689500004
M1074 7 2 0.2600 0.740000010
M1075 7 2 0.5165 0.483500004
M1076 7 2 0.9060 0.093999982
M1077 7 2 0.6930 0.306999981
M1078 7 2 0.6810 0.319000006
M1079 7 2 0.9455 0.054499984
M1080 7 2 0.2625 0.737500012
M1081 7 2 0.2435 0.756500006
M1082 7 2 0.2445 0.755500004
M1083 7 2 0.1995 0.800500005
M1084 7 2 0.4280 0.571999997
M1085 7 2 0.7400 0.259999990
M1086 7 2 0.7535 0.246500015
M1087 7 2 0.9105 0.089500010
M1088 7 2 0.6435 0.356500030
M1089 7 2 0.2415 0.758499995
M1090 7 2 0.9400 0.060000002
M1091 7 2 0.7145 0.285499990
M1092 7 2 0.8545 0.145500004
M1093 7 2 0.7025 0.297500014
M1094 7 2 0.4040 0.595999986
M1095 7 2 0.7070 0.292999983
M1096 7 2 0.1935 0.806500003
M1097 7 2 0.7870 0.213000000
M1098 7 2 0.8005 0.199500024
M1099 7 2 0.6425 0.357500017
M1100 7 2 0.7710 0.228999972
M1101 7 2 0.3900 0.610000014
M1102 7 2 0.8120 0.188000023
M1103 7 2 0.8080 0.191999972
M1104 7 2 0.0735 0.926500000
M1105 7 2 0.8135 0.186500013
M1106 7 2 0.3165 0.683499992
M1107 7 2 0.1240 0.876000002
M1108 7 2 0.3945 0.605500013
M1109 7 2 0.9305 0.069500029
M1110 7 2 0.5375 0.462499976
M1111 7 2 0.4765 0.523499995
M1112 7 2 0.4570 0.543000013
M1113 7 2 0.7250 0.274999976
M1114 7 2 0.3410 0.659000009
M1115 7 2 0.8815 0.118499994
M1116 7 2 0.5820 0.417999983
M1117 7 2 0.0425 0.957500000
M1118 7 2 0.7125 0.287500024
M1119 7 2 0.6755 0.324500024
M1120 7 2 0.1435 0.856500000
M1121 7 2 0.8885 0.111500025
M1122 7 2 0.1770 0.822999999
M1123 7 2 0.7670 0.232999980
M1124 7 2 0.5840 0.416000009
M1125 7 2 0.2570 0.743000001
M1126 7 2 0.0625 0.937500000
M1127 7 2 0.0770 0.923000000
M1128 7 2 0.5315 0.468500018
M1129 7 2 0.4595 0.540499985
M1130 7 2 0.5705 0.429499984
M1131 7 2 0.4620 0.537999988
M1132 7 2 0.5555 0.444500029
M1133 7 2 0.6815 0.318499982
M1134 7 2 0.7900 0.209999979
M1135 7 2 0.4230 0.576999992
M1136 7 2 0.9275 0.072499990
M1137 7 2 0.1290 0.871000007
M1138 7 2 0.5830 0.416999996
M1139 7 2 0.2845 0.715499997
M1140 7 2 0.6060 0.393999994
M1141 7 2 0.2015 0.798500001
M1142 7 2 0.4440 0.555999994
M1143 7 2 0.6765 0.323499978
M1144 7 2 0.4040 0.595999986
M1145 7 2 0.3070 0.692999989
M1146 7 2 0.6870 0.313000023
M1147 7 2 0.2700 0.729999989
M1148 7 2 0.2585 0.741499990
M1149 7 2 0.2530 0.747000009
M1150 7 2 0.1410 0.858999997
M1151 7 2 0.3235 0.676499993
M1152 7 2 0.2230 0.776999995
M1153 7 2 0.1785 0.821500003
M1154 7 2 0.0455 0.954500001
M1155 7 2 0.4300 0.569999993
M1156 7 2 0.4660 0.534000009
M1157 7 2 0.6835 0.316500008
M1158 7 2 0.2720 0.727999985
M1159 7 2 0.3700 0.629999995
M1160 7 2 0.9750 0.024999976
M1161 7 2 0.0890 0.910999998
M1162 7 2 0.7800 0.220000029
M1163 7 2 0.1010 0.898999996
M1164 7 2 0.4980 0.502000004
M1165 7 2 0.6635 0.336499989
M1166 7 2 0.4345 0.565499991
M1167 7 2 0.4655 0.534500003
M1168 7 2 0.1175 0.882500000
M1169 7 2 0.5205 0.479499996
M1170 7 2 0.5000 0.500000000
M1171 7 2 0.1805 0.819499999
M1172 7 2 0.2225 0.777500004
M1173 7 2 0.8685 0.131500006
M1174 7 2 0.5895 0.410499990
M1175 7 2 0.3520 0.648000002
M1176 7 2 0.1570 0.842999995
M1177 7 2 0.6420 0.357999980
M1178 7 2 0.0995 0.900500000
M1179 7 2 0.5785 0.421500027
M1180 7 2 0.7225 0.277499974
M1181 7 2 0.9935 0.006500006
M1182 7 2 0.0335 0.966499999
M1183 7 2 0.3005 0.699499995
M1184 7 2 0.0635 0.936499998
M1185 7 2 0.7815 0.218500018
M1186 7 2 0.6665 0.333500028
M1187 7 2 0.5555 0.444500029
M1188 7 2 0.6795 0.320500016
M1189 7 2 0.3085 0.691500008
M1190 7 2 0.9120 0.088000000
M1191 7 2 0.7055 0.294499993
M1192 7 2 0.9120 0.088000000
M1193 7 2 0.3360 0.664000005
M1194 7 2 0.8800 0.120000005
M1195 7 2 0.4765 0.523499995
M1196 7 2 0.3800 0.620000005
M1197 7 2 0.5555 0.444500029
M1198 7 2 0.0405 0.959500000
M1199 7 2 0.0335 0.966499999
M1200 7 2 0.2770 0.722999990
M1201 7 2 0.3125 0.687500000
M1202 7 2 0.6390 0.361000001
M1203 7 2 0.2315 0.768500000
M1204 7 2 0.2890 0.710999995
M1205 7 2 0.7235 0.276499987
M1206 7 2 0.7380 0.262000024
M1207 7 2 0.1275 0.872500002
M1208 7 2 0.9365 0.063499987
M1209 7 2 0.0000 1.000000000
M1210 7 2 0.5235 0.476499975
M1211 7 2 0.8425 0.157500029
M1212 7 2 0.5450 0.454999983
M1213 7 2 0.9465 0.053499997
M1214 7 2 0.1260 0.873999998
M1215 7 2 0.1530 0.847000003
M1216 7 2 0.3420 0.657999992
M1217 7 2 0.9810 0.018999994
M1218 7 2 0.0645 0.935500003
M1219 7 2 0.4430 0.557000011
M1220 7 2 0.6705 0.329500020
M1221 7 2 0.5105 0.489499986
M1222 7 2 0.0705 0.929499999
M1223 7 2 0.2335 0.766499996
M1224 7 2 0.1405 0.859500006
M1225 7 2 0.2965 0.703500003
M1226 7 2 0.9450 0.055000007
M1227 7 2 0.9140 0.086000025
M1228 7 2 0.2770 0.722999990
M1229 7 2 0.9660 0.033999979
M1230 7 2 0.6935 0.306500018
M1231 7 2 0.8325 0.167500019
M1232 7 2 0.9645 0.035499990
M1233 7 2 0.7295 0.270500004
M1234 7 2 0.3655 0.634499997
M1235 7 2 0.5220 0.477999985
M1236 7 2 0.9675 0.032500029
M1237 7 2 0.6390 0.361000001
M1238 7 2 0.5155 0.484499991
M1239 7 2 0.0280 0.971999999
M1240 7 2 0.3950 0.604999989
M1241 7 2 0.1890 0.811000004
M1242 7 2 0.9850 0.014999986
M1243 7 2 0.7260 0.273999989
M1244 7 2 0.7255 0.274500012
M1245 7 2 0.0825 0.917499997
M1246 7 2 0.3405 0.659500003
M1247 7 2 0.9785 0.021499991
M1248 7 2 0.6260 0.374000013
M1249 7 2 0.5980 0.402000010
M1250 7 2 0.2500 0.750000000
M1251 7 2 0.9015 0.098500013
M1252 7 2 0.8875 0.112500012
M1253 7 2 0.8870 0.112999976
M1254 7 2 0.4350 0.564999998
M1255 7 2 0.3925 0.607499987
M1256 7 2 0.5935 0.406499982
M1257 7 2 0.0890 0.910999998
M1258 7 2 0.3405 0.659500003
M1259 7 2 0.7870 0.213000000
M1260 7 2 0.9065 0.093500018
M1261 7 2 0.7830 0.217000008
M1262 7 2 0.7600 0.240000010
M1263 7 2 0.8810 0.119000018
M1264 7 2 0.8605 0.139500022
M1265 7 2 0.7230 0.277000010
M1266 7 2 0.3445 0.655499995
M1267 7 2 0.7240 0.276000023
M1268 7 2 0.4125 0.587500006
M1269 7 2 0.6125 0.387499988
M1270 7 2 0.9710 0.028999984
M1271 7 2 0.9375 0.062500000
M1272 7 2 0.5400 0.459999979
M1273 7 2 0.2240 0.775999993
M1274 7 2 0.1915 0.808500007
M1275 7 2 0.9085 0.091499984
M1276 7 2 0.7085 0.291499972
M1277 7 2 0.1895 0.810499996
M1278 7 2 0.4990 0.500999987
M1279 7 2 0.3020 0.698000014
M1280 7 2 0.7335 0.266499996
M1281 7 2 0.2100 0.790000007
M1282 7 2 0.8480 0.152000010
M1283 7 2 0.0480 0.952000000
M1284 7 2 0.4605 0.539499998
M1285 7 2 0.2170 0.783000007
M1286 7 2 0.5130 0.486999989
M1287 7 2 0.7380 0.262000024
M1288 7 2 0.8365 0.163500011
M1289 7 2 0.4290 0.571000010
M1290 7 2 0.6490 0.351000011
M1291 7 2 0.5395 0.460500002
M1292 7 2 0.9795 0.020500004
M1293 7 2 0.1295 0.870499998
M1294 7 2 0.3110 0.689000010
M1295 7 2 0.7205 0.279500008
M1296 7 2 0.1440 0.856000006
M1297 7 2 0.6050 0.394999981
M1298 7 2 0.4310 0.569000006
M1299 7 2 0.8840 0.115999997
M1300 7 2 0.5580 0.441999972
M1301 7 2 0.0310 0.969000001
M1302 7 2 0.7075 0.292500019
M1303 7 2 0.7525 0.247500002
M1304 7 2 0.7175 0.282500029
M1305 7 2 0.1420 0.857999995
M1306 7 2 0.2865 0.713499993
M1307 7 2 0.5575 0.442499995
M1308 7 2 0.6120 0.388000011
M1309 7 2 0.5430 0.457000017
M1310 7 2 0.4335 0.566500008
M1311 7 2 0.6595 0.340499997
M1312 7 2 0.8510 0.148999989
M1313 7 2 0.5860 0.413999975
M1314 7 2 0.0570 0.943000000
M1315 7 2 0.8935 0.106500030
M1316 7 2 0.9405 0.059499979
M1317 7 2 0.2595 0.740500003
M1318 7 2 0.5885 0.411499977
M1319 7 2 0.6550 0.345000029
M1320 7 2 0.1680 0.832000002
M1321 7 2 0.4640 0.536000013
M1322 7 2 0.7110 0.288999975
M1323 7 2 0.1275 0.872500002
M1324 7 2 1.0000 0.000000000
M1325 7 2 0.9975 0.002499998
M1326 7 2 0.7225 0.277499974
M1327 7 2 0.7825 0.217499971
M1328 7 2 0.1840 0.816000000
M1329 7 2 0.8690 0.130999982
M1330 7 2 0.9165 0.083500028
M1331 7 2 0.6590 0.341000021
M1332 7 2 0.4730 0.527000010
M1333 7 2 0.8840 0.115999997
M1334 7 2 0.5895 0.410499990
M1335 7 2 0.5420 0.458000004
M1336 7 2 0.7850 0.214999974
M1337 7 2 0.3685 0.631500006
M1338 7 2 0.6730 0.327000022
M1339 7 2 0.2520 0.747999996
M1340 7 2 0.8255 0.174499989
M1341 7 2 0.4290 0.571000010
M1342 7 2 0.0195 0.980500000
M1343 7 2 0.0855 0.914499998
M1344 7 2 0.2350 0.765000001
M1345 7 2 0.4855 0.514499992
M1346 7 2 0.0480 0.952000000
M1347 7 2 0.8425 0.157500029
M1348 7 2 0.9710 0.028999984
M1349 7 2 0.8645 0.135500014
M1350 7 2 0.0580 0.942000002
M1351 7 3 0.0940 0.906000003
M1352 7 3 0.3865 0.613499999
M1353 7 3 0.5530 0.447000027
M1354 7 3 0.6390 0.361000001
M1355 7 3 0.1280 0.871999994
M1356 7 3 0.5370 0.463000000
M1357 7 3 0.4650 0.534999996
M1358 7 3 0.7890 0.211000025
M1359 7 3 0.6200 0.379999995
M1360 7 3 0.1360 0.863999993
M1361 7 3 0.6620 0.338000000
M1362 7 3 0.5790 0.421000004
M1363 7 3 0.0610 0.938999999
M1364 7 3 0.4515 0.548500001
M1365 7 3 0.7990 0.200999975
M1366 7 3 0.5115 0.488499999
M1367 7 3 0.0680 0.931999996
M1368 7 3 0.6165 0.383499980
M1369 7 3 0.0750 0.924999997
M1370 7 3 0.0635 0.936499998
M1371 7 3 0.5765 0.423500001
M1372 7 3 0.7250 0.274999976
M1373 7 3 0.1465 0.853499994
M1374 7 3 0.4610 0.539000005
M1375 7 3 0.1995 0.800500005
M1376 7 3 0.3665 0.633500010
M1377 7 3 0.8225 0.177500010
M1378 7 3 0.3500 0.650000006
M1379 7 3 0.1780 0.821999997
M1380 7 3 0.9000 0.100000024
M1381 7 3 0.6130 0.387000024
M1382 7 3 0.5745 0.425499976
M1383 7 3 0.1050 0.895000003
M1384 7 3 0.3415 0.658499986
M1385 7 3 0.4725 0.527500004
M1386 7 3 0.3680 0.631999999
M1387 7 3 0.6250 0.375000000
M1388 7 3 0.5365 0.463500023
M1389 7 3 0.9900 0.009999990
M1390 7 3 0.4580 0.541999996
M1391 7 3 0.5270 0.472999990
M1392 7 3 0.7295 0.270500004
M1393 7 3 0.4155 0.584500015
M1394 7 3 0.5055 0.494499981
M1395 7 3 0.6485 0.351499975
M1396 7 3 0.5070 0.492999971
M1397 7 3 0.9220 0.078000009
M1398 7 3 0.6155 0.384500027
M1399 7 3 0.3815 0.618499994
M1400 7 3 0.8140 0.185999990
M1401 7 3 0.7485 0.251500010
M1402 7 3 0.5520 0.448000014
M1403 7 3 0.3790 0.620999992
M1404 7 3 0.5125 0.487500012
M1405 7 3 0.5190 0.481000006
M1406 7 3 0.2355 0.764500007
M1407 7 3 0.5730 0.426999986
M1408 7 3 0.6105 0.389500022
M1409 7 3 0.0225 0.977499999
M1410 7 3 0.9450 0.055000007
M1411 7 3 0.5520 0.448000014
M1412 7 3 0.3555 0.644499987
M1413 7 3 0.4120 0.588000000
M1414 7 3 0.8765 0.123499990
M1415 7 3 0.1670 0.833000004
M1416 7 3 0.6530 0.347000003
M1417 7 3 0.3855 0.614499986
M1418 7 3 0.5050 0.495000005
M1419 7 3 0.2645 0.735500008
M1420 7 3 0.5200 0.480000019
M1421 7 3 0.1560 0.843999997
M1422 7 3 0.5920 0.407999992
M1423 7 3 0.6630 0.337000012
M1424 7 3 0.8470 0.152999997
M1425 7 3 0.6575 0.342499971
M1426 7 3 0.5555 0.444500029
M1427 7 3 0.9170 0.083000004
M1428 7 3 0.4560 0.544000000
M1429 7 3 0.1315 0.868499994
M1430 7 3 0.6625 0.337499976
M1431 7 3 0.6895 0.310500026
M1432 7 3 0.3625 0.637499988
M1433 7 3 0.9535 0.046500027
M1434 7 3 0.1610 0.839000002
M1435 7 3 0.3870 0.613000005
M1436 7 3 0.6800 0.319999993
M1437 7 3 0.7990 0.200999975
M1438 7 3 0.3605 0.639499992
M1439 7 3 0.2290 0.770999998
M1440 7 3 0.5385 0.461499989
M1441 7 3 0.5700 0.430000007
M1442 7 3 0.6175 0.382499993
M1443 7 3 0.3185 0.681499988
M1444 7 3 0.5665 0.433499992
M1445 7 3 0.7145 0.285499990
M1446 7 3 0.6595 0.340499997
M1447 7 3 0.6750 0.324999988
M1448 7 3 0.6150 0.384999990
M1449 7 3 0.0755 0.924500003
M1450 7 3 0.6675 0.332499981
M1451 7 3 0.1955 0.804499999
M1452 7 3 0.8590 0.140999973
M1453 7 3 0.6250 0.375000000
M1454 7 3 0.0225 0.977499999
M1455 7 3 0.3955 0.604499996
M1456 7 3 0.7190 0.281000018
M1457 7 3 0.1170 0.883000001
M1458 7 3 0.2990 0.701000005
M1459 7 3 0.1275 0.872500002
M1460 7 3 0.6640 0.336000025
M1461 7 3 0.8515 0.148500025
M1462 7 3 0.6740 0.325999975
M1463 7 3 0.1505 0.849500000
M1464 7 3 0.6595 0.340499997
M1465 7 3 0.8690 0.130999982
M1466 7 3 0.5990 0.401000023
M1467 7 3 0.6815 0.318499982
M1468 7 3 0.4325 0.567499995
M1469 7 3 0.2875 0.712500006
M1470 7 3 0.0955 0.904500000
M1471 7 3 0.1385 0.861499995
M1472 7 3 0.5560 0.444000006
M1473 7 3 0.4460 0.553999990
M1474 7 3 0.5985 0.401499987
M1475 7 3 0.7785 0.221499979
M1476 7 3 0.6055 0.394500017
M1477 7 3 0.6110 0.388999999
M1478 7 3 0.3325 0.667499989
M1479 7 3 0.3685 0.631500006
M1480 7 3 0.4795 0.520500004
M1481 7 3 0.3325 0.667499989
M1482 7 3 0.7300 0.269999981
M1483 7 3 0.4470 0.553000003
M1484 7 3 0.7150 0.285000026
M1485 7 3 0.5065 0.493499994
M1486 7 3 0.6700 0.329999983
M1487 7 3 0.8385 0.161499977
M1488 7 3 0.5085 0.491500020
M1489 7 3 0.6070 0.393000007
M1490 7 3 0.0000 1.000000000
M1491 7 3 0.0400 0.960000001
M1492 7 3 0.6525 0.347500026
M1493 7 3 0.7795 0.220499992
M1494 7 3 0.4575 0.542499989
M1495 7 3 0.3065 0.693500012
M1496 7 3 0.5460 0.453999996
M1497 7 3 0.5595 0.440500021
M1498 7 3 0.6885 0.311500013
M1499 7 3 0.5080 0.491999984
M1500 7 3 0.4815 0.518500000
M1501 7 3 0.6645 0.335500002
M1502 7 3 0.6995 0.300499976
M1503 7 3 0.1755 0.824499995
M1504 7 3 0.7360 0.263999999
M1505 7 3 0.4200 0.580000013
M1506 7 3 0.7000 0.300000012
M1507 7 3 0.1590 0.841000006
M1508 7 3 0.1970 0.803000003
M1509 7 3 0.0420 0.958000001
M1510 7 3 0.5745 0.425499976
M1511 7 3 0.7480 0.251999974
M1512 7 3 0.9410 0.059000015
M1513 7 3 0.5820 0.417999983
M1514 7 3 0.0920 0.908000000
M1515 7 3 0.6460 0.353999972
M1516 7 3 0.4000 0.599999994
M1517 7 3 0.1805 0.819499999
M1518 7 3 0.9745 0.025500000
M1519 7 3 0.3850 0.615000010
M1520 7 3 0.3175 0.682500005
M1521 7 3 0.3075 0.692499995
M1522 7 3 0.6485 0.351499975
M1523 7 3 0.5185 0.481500030
M1524 7 3 0.2000 0.799999997
M1525 7 3 0.9375 0.062500000
M1526 7 3 0.2540 0.745999992
M1527 7 3 0.9380 0.061999977
M1528 7 3 0.5845 0.415499985
M1529 7 3 0.5910 0.408999979
M1530 7 3 0.4145 0.585500002
M1531 7 3 0.0040 0.996000000
M1532 7 3 0.5705 0.429499984
M1533 7 3 0.8165 0.183499992
M1534 7 3 0.5190 0.481000006
M1535 7 3 0.5045 0.495500028
M1536 7 3 0.6420 0.357999980
M1537 7 3 0.5675 0.432500005
M1538 7 3 0.7245 0.275500000
M1539 7 3 0.4740 0.525999993
M1540 7 3 0.5460 0.453999996
M1541 7 3 0.3345 0.665499985
M1542 7 3 0.1680 0.832000002
M1543 7 3 0.3320 0.668000013
M1544 7 3 0.3625 0.637499988
M1545 7 3 0.3585 0.641499996
M1546 7 3 0.3090 0.691000015
M1547 7 3 0.7500 0.250000000
M1548 7 3 0.8645 0.135500014
M1549 7 3 0.5420 0.458000004
M1550 7 3 0.2380 0.761999995
M1551 7 3 0.7775 0.222500026
M1552 7 3 0.1575 0.842500001
M1553 7 3 0.8430 0.157000005
M1554 7 3 0.7010 0.299000025
M1555 7 3 0.1405 0.859500006
M1556 7 3 0.5775 0.422500014
M1557 7 3 0.8385 0.161499977
M1558 7 3 0.4155 0.584500015
M1559 7 3 0.7205 0.279500008
M1560 7 3 0.6515 0.348500013
M1561 7 3 0.5690 0.430999994
M1562 7 3 0.8580 0.142000020
M1563 7 3 0.2840 0.715999991
M1564 7 3 0.6495 0.350499988
M1565 7 3 0.9150 0.084999979
M1566 7 3 0.8835 0.116500020
M1567 7 3 0.8325 0.167500019
M1568 7 3 0.9605 0.039499998
M1569 7 3 0.4315 0.568500012
M1570 7 3 0.3895 0.610500008
M1571 7 3 0.7485 0.251500010
M1572 7 3 0.7270 0.273000002
M1573 7 3 0.1540 0.846000001
M1574 7 3 0.3425 0.657499999
M1575 7 3 0.3575 0.642500013
M1576 7 3 0.4685 0.531500012
M1577 7 3 0.8495 0.150500000
M1578 7 3 0.2485 0.751499996
M1579 7 3 0.0200 0.980000000
M1580 7 3 0.4945 0.505499989
M1581 7 3 0.2710 0.729000002
M1582 7 3 0.1625 0.837500006
M1583 7 3 0.2515 0.748499990
M1584 7 3 0.6735 0.326499999
M1585 7 3 0.5800 0.420000017
M1586 7 3 0.4655 0.534500003
