0.3517529
0.3001921
0.3951095
0.3905816
0.3078572
0.4042526
0.4037646
0.3834645
0.4239369
0.4608572
0.4335859
0.4317034
0.4052174
0.4339944
0.4894608
0.4507476
0.3875298
0.4486214
0.4086502
0.4632731
0.4260606
0.3872872
0.341963
0.3972546
0.4540459
0.4300228
0.3567894
0.3387022
0.3856873
0.3946291
0.4336252
0.3374729
0.3723538
0.4475431
0.3684321
0.4459355
0.4229896
0.427767
0.4038159
0.4112796
0.4486007
0.3959985
0.458993
0.4456215
0.436953
0.4862587
0.4370159
0.4692047
0.4300944
0.4194256
0.4704681
0.4163861
0.5116804
0.4967835
0.4847093
0.4531726
0.5019267
0.4153135
0.4498239
0.4483685
0.4385928
0.4975074
0.4389691
0.3731968
0.401311
0.4098786
0.4422747
0.4981332
0.4550002
0.4523552
0.4695731
0.3887045
0.4033578
0.429086
0.375069
0.4130373
0.4392211
0.4699162
0.4735008
0.4426411
0.4104973
0.4134131
0.4543139
0.4491081
0.4214526
0.4530125
0.4570306
0.491544
0.4193593
0.3877918
0.4510473
0.4802127
0.4362238
0.4565089
0.4569525
0.4683208
0.5034644
0.4412395
0.4664042
0.4245451
0.4304009
0.4458428
0.4621054
0.4370845
0.4921055
0.4524453
0.4296232
0.4400551
0.3948233
0.5331885
0.4703143
0.4617696
0.4517474
0.4045426
0.4241087
0.4956074
0.4409848
0.4614589
0.4203846
0.4256451
0.4620682
0.3790502
0.4341519
0.4381839
0.4694787
0.4343985
0.4367429
0.445751
0.4174499
0.4152933
0.3709604
0.4605821
0.3814127
0.4530818
0.4152497
0.4679863
0.4204354
0.4824645
0.4806438
0.4822364
0.4682686
0.401362
0.4362234
0.4199495
0.4848381
0.4401355
0.4032725
0.4112606
0.4311011
0.4569872
0.4287563
0.4542611
0.496195
0.4509815
0.3946291
0.4546219
0.422558
0.4457332
0.476946
0.5174053
0.4850558
0.5158225
0.4369178
0.4646188
0.4920933
0.484055
0.4059893
0.4949063
0.4483184
0.4190668
0.5014047
0.5517502
0.5059813
0.4648037
0.4543387
0.4751234
0.473502
0.4534135
0.4298926
0.4994061
0.4834411
0.5095254
0.5283542
0.514584
0.564022
0.5321052
0.4756074
0.4265827
0.5065358
0.4688283
0.4445927
0.4750829
0.4703171
0.4500508
0.467712
0.449619
0.4633651
0.5156397
0.4234445
0.4470331
