-0.05478239
0.05431303
0.00542488
0.1212504
0.103638
0.09513678
0.06265862
0.03159723
0.05755232
0.04191132
0.002973283
0.04402721
-0.08042806
-0.09279747
0.04495668
-0.01227482
0.06140212
-0.04190087
0.001426105
-0.09028958
-0.05905825
-0.1077513
-0.02081316
-0.09763494
-0.1838162
-0.08806656
0.04429522
0.1066628
0.1690652
0.1005581
0.03979362
-0.02895608
-0.1359131
-0.143866
-0.04706273
-0.0432459
-0.05268768
0.09377059
-0.08242654
-0.08120612
-0.1303747
-0.1181759
-0.1653338
-0.08229431
-0.1267018
-0.09442285
-0.1099894
-0.2445407
-0.164939
-0.1955847
-0.06793141
-0.0183038
-0.08238298
-0.1077516
-0.09282134
-0.31044
-0.2186644
-0.245527
-0.3079611
-0.3437731
-0.2335084
-0.1616379
-0.1271632
-0.1470226
-0.1935325
-0.2891511
-0.1595575
-0.2043677
-0.03792932
-0.03811247
-0.03047232
-0.005668081
-0.03040543
-0.171585
-0.3337406
-0.3698644
-0.5557155
-0.5541857
-0.563009
-0.6093449
-0.5665074
-0.5013963
-0.4037829
-0.318065
-0.2763661
-0.1630236
-0.1370929
-0.1518414
-0.2647901
-0.2438637
-0.08629238
-0.1326359
-0.008279012
-0.1390666
-0.1926381
-0.1931334
-0.1102437
-0.2233338
-0.1545683
-0.05396255
-0.1840461
-0.1191107
-0.1621717
-0.1856136
-0.1790363
-0.2639318
-0.3159575
-0.5118904
-0.5943544
-0.473276
-0.2985068
-0.2819898
-0.2797505
-0.31929
-0.2604932
-0.3923519
-0.4859014
-0.5575871
-0.6552916
-0.5461847
-0.5256695
-0.5475771
-0.4406065
-0.3605823
-0.3552124
-0.3254539
-0.3031155
-0.3026793
-0.3279331
-0.3590314
-0.1849306
-0.2771934
-0.4685325
-0.2782379
-0.3725982
-0.3948095
-0.2986634
-0.1955329
-0.3652413
-0.4403759
-0.2239565
-0.2733337
-0.2530901
-0.3464101
-0.3778967
-0.3747379
-0.3821556
-0.436444
-0.373332
-0.2769702
-0.3625462
-0.3293248
-0.4859837
-0.3035943
-0.3715704
-0.378599
-0.1684826
-0.1437809
-0.2143263
-0.1801086
0.005581325
0.01057665
-0.1294254
-0.1994836
-0.3095031
-0.09956772
0.02263057
0.03214305
0.001944978
0.005238186
0.1523099
0.2575757
0.26859
0.262651
0.1981486
0.2435813
0.2301435
0.4532898
0.4142971
0.4083337
0.3592069
0.3500133
0.4539366
0.5672162
0.5820256
0.7598081
0.6846016
0.5182549
0.3102042
0.1866769
0.2256109
0.1718913
0.3941766
0.6262928
0.6856704
0.8528279
0.8155684
0.9420755
1.042404
1.190524
